   1.6922359262884519       0.22134058268716930        1.1089826711519430     
  0.38243684598625932        4.9723965707622969E-002  0.17900728210332412     
   1.7987222339073249E-002  0.41295569672907134      -0.61017994146170784     
  0.30249776312002569        1.4793808149781968       0.32127793786999348     
  -7.6703607441008972E-002  -5.9233796409119757E-003  0.54942614654934840     
  -1.1462782864204135        1.1057811428384257       -1.3803240877110750     
  -1.2435088039882867        1.4844019451923225        2.2439932156204123     
  0.14138620101238594        4.1105145579082784E-002  0.33050334050168623     
  0.17926942873937898        1.2854260144661878        8.2332229134870552E-002
 -0.65707193781372619      -0.20587776410627895       -1.6836440757996260     
 -0.18241373769380392      -0.63411082401185659       0.23997622307418051     
  -1.1082141332452449      -0.17983954047759557       -2.2974807844379372E-002
   1.0742685499054798      -0.24639308264928414      -0.51491372402971325     
 -0.30873339901172958      -0.97892527805517027       -1.2794475303515180     
  -1.5630816549853515        9.6303201118269274E-002 -0.63301283228316918     
  -1.0823272438548330        1.2757806087979620       -2.1417509715707567E-002
 -0.91822328477356341      -0.83941171540696891       0.44159478908319350     
 -0.64151318490848064        1.3312863458045765        2.0602302813438174     
 -0.31035143029917628      -0.82287893662361145      -0.81283217413436126     
   1.1555414581407624       -1.8805316245813466      -0.38466106981695031     
 -0.39643466518652759        2.0576530271534628       0.47474278631358624     
 -0.73201529669287513       0.40380736940653217       -8.9202103231907096E-002
  0.62095062932785638      -0.44642267084279574      -0.48184332620945586     
  -1.4133889026126016      -0.15543441508305170       0.11715222152087003     
  -5.9425007603338104E-002  -1.1816561880056533      -0.18810237085832227     
   1.7836761357942335E-002   1.1175978655261321        1.4696199522647202     
  0.33772690448885362       -2.5155089293807018       0.37932463791898358     
  0.32080218174491315      -0.97812932939469543      -0.83946025167484639     
   1.4004571524517249      -0.63201417199068544        1.8244424629925280     
  0.98628803091239658        2.8691918496172786       -2.2479686200529350     
   1.1141042183445617       -2.2250392061042623      -0.44922035371377822     
   2.0958953023708959       -1.3036385192474238      -0.18340139855400442     
