 TEMP->   1.0000000000000000     
 DENSITY->  0.30000001192092896     
 N->         864
 CUTOFF->   3.2999999523162842     
 NUM_STEPS->       10000
   0.0000000000000000     
   0.0000000000000000     
   0.0000000000000000     
   0.0000000000000000     
   0.0000000000000000     
   0.0000000000000000     
   0.0000000000000000     
   0.0000000000000000     
   0.0000000000000000     
   0.0000000000000000     
   0.0000000000000000     
   0.0000000000000000     
   0.0000000000000000     
   0.0000000000000000     
   0.0000000000000000     
   0.0000000000000000     
   0.0000000000000000     
   0.0000000000000000     
   0.0000000000000000     
   0.0000000000000000     
   0.0000000000000000     
   0.0000000000000000     
   0.0000000000000000     
   0.0000000000000000     
   0.0000000000000000     
   0.0000000000000000     
   0.0000000000000000     
   0.0000000000000000     
   0.0000000000000000     
   0.0000000000000000     
   0.0000000000000000     
   0.0000000000000000     
   0.0000000000000000     
   0.0000000000000000     
   0.0000000000000000     
   0.0000000000000000     
   0.0000000000000000     
   0.0000000000000000     
   0.0000000000000000     
   0.0000000000000000     
   0.0000000000000000     
   0.0000000000000000     
   0.0000000000000000     
   0.0000000000000000     
   0.0000000000000000     
   0.0000000000000000     
   0.0000000000000000     
   0.0000000000000000     
   0.0000000000000000     
   0.0000000000000000     
   0.0000000000000000     
   0.0000000000000000     
   0.0000000000000000     
   0.0000000000000000     
   0.0000000000000000     
   0.0000000000000000     
   0.0000000000000000     
   0.0000000000000000     
   0.0000000000000000     
   0.0000000000000000     
   0.0000000000000000     
   0.0000000000000000     
   0.0000000000000000     
   0.0000000000000000     
   0.0000000000000000     
   0.0000000000000000     
   0.0000000000000000     
   0.0000000000000000     
   0.0000000000000000     
   0.0000000000000000     
   0.0000000000000000     
   0.0000000000000000     
   0.0000000000000000     
   0.0000000000000000     
   0.0000000000000000     
   0.0000000000000000     
   0.0000000000000000     
   0.0000000000000000     
   0.0000000000000000     
   0.0000000000000000     
   0.0000000000000000     
   0.0000000000000000     
   0.0000000000000000     
   0.0000000000000000     
   1.7218869783160694E-005
   1.6818444645424322E-005
   0.0000000000000000     
   1.0437952356569932E-004
   2.6685813073850089E-004
   1.3353381033452819E-003
   5.3815832284073032E-003
   1.5287152605685554E-002
   3.9156250727959772E-002
   8.2988984912731475E-002
  0.15562070600201569     
  0.25927362995124875     
  0.40751517424464906     
  0.58179733276240053     
  0.78960578174821727     
   1.0297796022559611     
   1.2633225517910283     
   1.5004079152633460     
   1.7227037206284670     
   1.9202049204454419     
   2.0863645445600887     
   2.2363430780206723     
   2.3476057353190387     
   2.4264757667972594     
   2.4859535903734842     
   2.5190645449706324     
   2.5286696743980248     
   2.5168676440107105     
   2.5046320675997835     
   2.4725789468154953     
   2.4450707377344485     
   2.3927127506360186     
   2.3332375528352167     
   2.2701955726356906     
   2.2189128199373442     
   2.1670283943371764     
   2.1055926016379956     
   2.0436287842431247     
   1.9808062860397677     
   1.9327848640138772     
   1.8784100277911115     
   1.8250826852870212     
   1.7649869058558982     
   1.7202374761297932     
   1.6698489116528952     
   1.6310290277014750     
   1.5937109350516645     
   1.5593364855273546     
   1.5247883398467323     
   1.4903824838552191     
   1.4556415138951111     
   1.4293670512285190     
   1.4015853109351086     
   1.3775172758731085     
   1.3437694790750749     
   1.3178255498588529     
   1.2938859325327279     
   1.2721009127044682     
   1.2540158605454494     
   1.2359454099416969     
   1.2165958059505486     
   1.1990591760585516     
   1.1825021734891434     
   1.1657709999341090     
   1.1536746852857120     
   1.1394889792596348     
   1.1303050256072955     
   1.1180682219593501     
   1.1123795717715455     
   1.0995299349048835     
   1.0905138417830429     
   1.0776414836672477     
   1.0669155676737154     
   1.0643316343224476     
   1.0609692047904009     
   1.0543957823308752     
   1.0483901202592094     
   1.0443609902724678     
   1.0431868222847660     
   1.0345446434914680     
   1.0296650898248498     
   1.0301377238345604     
   1.0240497132278654     
   1.0274307668093310     
   1.0246080623651845     
   1.0273626742962165     
   1.0259095361420862     
   1.0296831160450604     
   1.0296045921101691     
   1.0377873767695884     
   1.0394167898849591     
   1.0422570660318982     
   1.0402186040120860     
   1.0449654098665613     
   1.0497723702651049     
   1.0505956308972180     
   1.0551401127861759     
   1.0614560778458988     
   1.0716902440911826     
   1.0707160599304901     
   1.0687085301849395     
   1.0714822351404736     
   1.0803121581400212     
   1.0880731722947914     
   1.0926264737067961     
   1.1004984041531762     
   1.1049996154103643     
   1.1131069642104949     
   1.1188399989682065     
   1.1247795567401604     
   1.1287652711088938     
   1.1374054327745580     
   1.1469914201605054     
   1.1550630641673572     
   1.1611855965811728     
   1.1654425309270009     
   1.1722636335871535     
   1.1797128687984837     
   1.1856763947150772     
   1.1912463199611067     
   1.1951456360239194     
   1.2004223558629370     
   1.2048346669996273     
   1.2142534009483150     
   1.2178324186234999     
   1.2237838366057965     
   1.2204845287421755     
   1.2257722295315965     
   1.2276543071216244     
   1.2264629083308409     
   1.2283026130621078     
   1.2275469961161893     
   1.2286978691349058     
   1.2310739077965254     
   1.2286218130600630     
   1.2271201290268865     
   1.2256317515960036     
   1.2225564623453411     
   1.2168605565840658     
   1.2158089527060771     
   1.2117321566320050     
   1.2106282349824673     
   1.2065368204387774     
   1.2041237516847116     
   1.1998216347392732     
   1.1975887732118691     
   1.1975119074404512     
   1.1918915224118214     
   1.1882247396905274     
   1.1830130810644479     
   1.1800189920523849     
   1.1758092874274506     
   1.1733034220692782     
   1.1650098663474306     
   1.1685266528799987     
   1.1618283409917087     
   1.1579768728459123     
   1.1531004615388594     
   1.1516435306596482     
   1.1471275775398697     
   1.1440371199444952     
   1.1411353012184347     
   1.1394801352623121     
   1.1354028845531523     
   1.1340549809587719     
   1.1307131701458952     
   1.1264940461651423     
   1.1228163759795642     
   1.1209857717449410     
   1.1182163622114998     
   1.1108545377310275     
   1.1100871265484014     
   1.1096959274336704     
   1.1051803886778400     
   1.1062312287515337     
   1.1050449067638399     
   1.1020242416339261     
   1.1024999793178625     
   1.1016232759777507     
   1.1014797810285462     
   1.0980443755114702     
   1.0966770345755226     
   1.0990020924273352     
   1.0972438150410597     
   1.0954888685375161     
   1.0953818599240071     
   1.0944785959551397     
   1.0895475178213458     
   1.0883100583112346     
   1.0875209263183205     
   1.0906630366659844     
   1.0870887570132679     
   1.0870232344861963     
   1.0857002520906354     
   1.0857028954137586     
   1.0852512007524351     
   1.0883067254656096     
   1.0890720496140280     
   1.0902468180674751     
   1.0896898938648489     
   1.0878629623291705     
   1.0900078725222544     
   1.0920012683513183     
   1.0914424315375075     
   1.0910113280714646     
   1.0939246185840292     
   1.0924173732269438     
   1.0961081086472038     
   1.0950367618729784     
   1.0951819824890363     
   1.0952730484516413     
   1.0931779253751215     
   1.0952159313436409     
   1.0919655384108657     
   1.0952165436672323     
   1.0951329273231851     
   1.0934032141061194     
   1.0941717716082253     
   1.0931394622310164     
   1.0944955283115962     
   1.0918985311892864     
   1.0918274751065258     
   1.0970463198992813     
   1.0973952145471748     
   1.0951393240228198     
   1.0946692055811535     
   1.0952389587993125     
   1.0963471271708776     
   1.0975672625499930     
   1.0952524896419511     
   1.0964881348495965     
   1.0968320272977088     
   1.0975031669599651     
   1.0980587288520509     
   1.0947612507148992     
   1.0934135531492433     
   1.0937651372214463     
   1.0956732014926969     
   1.0940121369681641     
   1.0894858536278889     
   1.0917466457424398     
   1.0899243437440072     
   1.0869038156164734     
   1.0879370415523608     
   1.0887000121942469     
   1.0881965255962192     
   1.0877726122499918     
   1.0862096112799795     
   1.0884556818176228     
   1.0861573768326667     
   1.0829814110498399     
   1.0832717292818024     
   1.0804118399999627     
   1.0797757066082334     
   1.0813273394441263     
   1.0815832865010775     
   1.0812004052216357     
   1.0806200170291267     
   1.0818427242495736     
   1.0785111708928270     
   1.0792630164429720     
   1.0779266276156914     
   1.0754996363005287     
   1.0759905025915959     
   1.0744911186065673     
   1.0717391383111443     
   1.0712217750455850     
   1.0685480007545052     
   1.0675471071580593     
   1.0700011958563533     
   1.0705058338223046     
   1.0710817471700598     
   1.0702568064919316     
   1.0689135106960019     
   1.0676436218643279     
   1.0642360949002025     
   1.0641099330772537     
   1.0640290896944185     
   1.0640976115016467     
   1.0633323092534572     
   1.0638678715776049     
   1.0640300956306583     
   1.0623179966122041     
   1.0606588191585873     
   1.0617046161980042     
   1.0588887425638165     
   1.0571195565260361     
   1.0574822693677852     
   1.0587035026892642     
   1.0604905280099031     
   1.0610516211776533     
   1.0582555715275725     
   1.0584700011765156     
   1.0580469935958878     
   1.0557488147155734     
   1.0558525689710265     
   1.0555831376171185     
   1.0564141336633803     
   1.0559846200784673     
   1.0534736970766931     
   1.0536415841394096     
   1.0533339819852243     
   1.0518541481115151     
   1.0532576952356947     
   1.0519752907821294     
   1.0508574770603902     
   1.0531070718875790     
   1.0545346964722835     
   1.0545458832505266     
   1.0523685292152067     
   1.0540651152416516     
   1.0551034837393360     
   1.0514034230990699     
   1.0500957758207792     
   1.0499725445764152     
   1.0501120140701825     
   1.0504336080817760     
   1.0491011009972668     
   1.0481555130500912     
   1.0470565035951815     
   1.0462887899197484     
   1.0455263723600636     
   1.0456962759990938     
   1.0436096385487443     
   1.0444326574192822     
   1.0447938259842666     
   1.0423034479331299     
   1.0424507395865552     
   1.0427378962251939     
   1.0433886714831049     
   1.0443502109501723     
   1.0439932226865707     
   1.0427299967293910     
   1.0440865526924059     
   1.0432136706706709     
   1.0422698169818803     
   1.0438860887184995     
   1.0417394006281451     
   1.0422909038273045     
   1.0417061562667504     
   1.0403102536095266     
   1.0425401838237593     
   1.0409666239591004     
   1.0382106608154731     
   1.0389583488436962     
   1.0390543295602175     
   1.0388071737732285     
   1.0387099530658566     
   1.0371006546178592     
   1.0392953109310699     
   1.0404011922177152     
   1.0375358640303380     
   1.0366971861238108     
   1.0355164941832915     
   1.0359902484066299     
   1.0373372135617978     
   1.0356560418946887     
   1.0339627259801527     
   1.0342824641014410     
   1.0352867023143200     
   1.0330580739801869     
   1.0327816691490406     
   1.0340323445956758     
   1.0355617595526283     
   1.0341297747422207     
   1.0325910428648006     
   1.0340917283991753     
   1.0327424885676388     
   1.0331468910140860     
   1.0316229005969111     
   1.0314387877266671     
   1.0314146360939569     
   1.0307217903852537     
   1.0313162510782730     
   1.0312719900928546     
   1.0312966643619426     
   1.0305559527032102     
   1.0298575736554467     
   1.0285905929758941     
   1.0279404483122594     
   1.0275479144752735     
   1.0308877693611418     
   1.0308639594255935     
   1.0292619901873108     
   1.0274326715074662     
   1.0293066907277355     
   1.0278595446129974     
   1.0263324467846373     
   1.0267188799722458     
   1.0261107560752833     
   1.0259556906733385     
   1.0248719734854324     
   1.0247954824808698     
   1.0247785842606980     
   1.0247238788410582     
   1.0237717135968891     
   1.0237787131732730     
   1.0226422361317036     
   1.0233206936502952     
   1.0223055115386277     
   1.0216636844891251     
   1.0210573250849970     
   1.0198024028562318     
   1.0200401231674068     
   1.0211081835781142     
   1.0210399124267218     
   1.0201483726715359     
   1.0217896660185219     
   1.0212377548619742     
   1.0214644055100854     
   1.0195472883418140     
   1.0196128142188132     
   1.0201637983792766     
   1.0196378456762825     
   1.0202312333940911     
   1.0187521550112442     
   1.0195496628323688     
   1.0179788988652274     
   1.0177729684830938     
   1.0162664863971109     
   1.0157459881141488     
   1.0166544992877853     
   1.0158425244887230     
   1.0149025481817462     
   1.0138955335978894     
   1.0149550002866035     
   1.0148569551191258     
   1.0164372964473454     
   1.0155213862379082     
   1.0157204443447712     
   1.0159906350610037     
   1.0135061328308863     
   1.0149310348944496     
   1.0140352606609280     
   1.0142281769864188     
   1.0143316880424056     
   1.0131578300473827     
   1.0145229985678696     
   1.0147079630278764     
   1.0139637549162777     
   1.0152875135303303     
   1.0154338467384247     
   1.0146811392413475     
   1.0140861218080763     
   1.0136512037527563     
   1.0131853654115317     
   1.0127647615210897     
   1.0124261033524824     
   1.0107805570991641     
   1.0109505908855703     
   1.0093045886901035     
   1.0099715394204289     
   1.0096822978813242     
   1.0098542036903244     
   1.0108823677648067     
   1.0095585657149067     
   1.0087721096216260     
   1.0086678151560413     
   1.0089923135876009     
   1.0087958588603745     
   1.0089311815122122     
   1.0101147945300479     
   1.0089672076107865     
   1.0091343743390109     
   1.0094664799430739     
   1.0094419610137861     
   1.0086873947468604     
   1.0065423249440935     
   1.0069278841629350     
   1.0078089399005199     
   1.0068089199156274     
   1.0064402740476552     
   1.0058398970094595     
   1.0057239040932215     
   1.0054722193334393     
   1.0067215197596489     
   1.0086131774378420     
   1.0065789645710281     
   1.0077793476991943     
   1.0067758681238639     
   1.0073315141861592     
   1.0085141818622294     
   1.0075477569528590     
   1.0066544085944786     
   1.0049869617723943     
   1.0063180330186969     
   1.0049479764000753     
   1.0042604202826912     
   1.0046755017392912     
   1.0046711402400124     
   1.0039384240801739     
   1.0040763459799227     
   1.0048810976522731     
   1.0037502751185752     
   1.0040115957182709     
   1.0028733703629664     
   1.0030898839435451     
   1.0030730031271349     
   1.0031760603899880     
   1.0035038087997834     
   1.0025422963075139     
   1.0013670230093845     
   1.0009525588452737     
   1.0009363788284273     
  0.99947199661176989     
   1.0008071080360523     
   1.0011814334854565     
   1.0014893511135321     
   1.0012645076321580     
   1.0000237961485137     
  0.99933817380339396     
  0.99893008686745299     
  0.99867167245921917     
  0.99934886840746795     
  0.99851208829953442     
  0.99781883204438448     
  0.99734166709420091     
  0.99768230837870520     
  0.99801079213423682     
  0.99743267370503108     
  0.99707817110568819     
  0.99616825679208765     
  0.99663965655377840     
  0.99551664826762842     
  0.99661352709674444     
  0.99646073908577748     
  0.99643439802671996     
  0.99632267353132531     
  0.99700223935080989     
  0.99727307509880048     
  0.99622831279134438     
  0.99624646248173654     
  0.99553448780942855     
  0.99587852020272860     
  0.99532020119321285     
  0.99533725898020187     
  0.99620706604271125     
  0.99615101508829640     
  0.99563711003399646     
  0.99465821067201776     
  0.99419353753938133     
  0.99257615408354460     
  0.99222261746579499     
  0.99365059504333964     
  0.99490277425114693     
  0.99511921412486881     
  0.99459226901502773     
  0.99482285328205067     
  0.99370907155478294     
  0.99382568905490909     
  0.99340281366555283     
  0.99461687769249940     
  0.99516351747470733     
  0.99555556572854165     
  0.99429035747318195     
  0.99543370472285098     
  0.99477588948678120     
  0.99451184963110095     
  0.99457716250957517     
  0.99275546756296307     
  0.99369976531551130     
  0.99458417409356126     
  0.99362928428602926     
  0.99272554352144138     
  0.99184340406079619     
  0.99192186766397283     
  0.99207448187528502     
  0.99271303971677261     
  0.99261488387175711     
  0.99291903634794498     
  0.99204267794788270     
  0.99309502663304916     
  0.99229069978737627     
  0.99293851987322457     
  0.99177057970977922     
  0.99211195486754056     
  0.99117204388763136     
  0.99188312741232187     
  0.99116000652387881     
  0.99055459077652475     
  0.99151913374259848     
  0.99085999011653714     
  0.99127143209415314     
  0.99015346064165954     
  0.99017396480891495     
  0.99010722875283452     
  0.99113928075760538     
  0.99097103352649041     
  0.99034513750569519     
  0.99124538827540309     
  0.99103200869937713     
  0.99115464138191844     
  0.99172569517948106     
  0.99136938171889999     
  0.99170416179062948     
  0.99166880621263642     
  0.98972561942094273     
  0.99070041758804617     
  0.99061924495136189     
  0.99028837075091725     
  0.98983777414705842     
  0.98915364680292073     
  0.98947133340615934     
  0.98909679264896810     
  0.98852482060444913     
  0.98837948978227130     
  0.98808825487143004     
  0.98746250058739471     
  0.98805377012573115     
  0.98766865801596948     
  0.98773692068030050     
  0.98752264573373083     
  0.98702281553701388     
  0.98683654557380052     
  0.98736131238832614     
  0.98691667837986718     
  0.98769038060079950     
  0.98747903702265483     
  0.98669264243488664     
  0.98716883287035828     
  0.98589119646682999     
  0.98561922058905271     
  0.98724615116612557     
  0.98643837632123132     
  0.98525256665468286     
  0.98525419491046173     
  0.98492116830757259     
  0.98522668147373238     
