 TEMP->  0.50000000000000000     
 DENSITY->  0.94999998807907104     
 N->         864
 CUTOFF->   3.2999999523162842     
 NUM_STEPS->       10000
   0.0000000000000000     
   0.0000000000000000     
   0.0000000000000000     
   0.0000000000000000     
   0.0000000000000000     
   0.0000000000000000     
   0.0000000000000000     
   0.0000000000000000     
   0.0000000000000000     
   0.0000000000000000     
   0.0000000000000000     
   0.0000000000000000     
   0.0000000000000000     
   0.0000000000000000     
   0.0000000000000000     
   0.0000000000000000     
   0.0000000000000000     
   0.0000000000000000     
   0.0000000000000000     
   0.0000000000000000     
   0.0000000000000000     
   0.0000000000000000     
   0.0000000000000000     
   0.0000000000000000     
   0.0000000000000000     
   0.0000000000000000     
   0.0000000000000000     
   0.0000000000000000     
   0.0000000000000000     
   0.0000000000000000     
   0.0000000000000000     
   0.0000000000000000     
   0.0000000000000000     
   0.0000000000000000     
   0.0000000000000000     
   0.0000000000000000     
   0.0000000000000000     
   0.0000000000000000     
   0.0000000000000000     
   0.0000000000000000     
   0.0000000000000000     
   0.0000000000000000     
   0.0000000000000000     
   0.0000000000000000     
   0.0000000000000000     
   0.0000000000000000     
   0.0000000000000000     
   0.0000000000000000     
   0.0000000000000000     
   0.0000000000000000     
   0.0000000000000000     
   0.0000000000000000     
   0.0000000000000000     
   0.0000000000000000     
   0.0000000000000000     
   0.0000000000000000     
   0.0000000000000000     
   0.0000000000000000     
   0.0000000000000000     
   0.0000000000000000     
   0.0000000000000000     
   0.0000000000000000     
   0.0000000000000000     
   0.0000000000000000     
   0.0000000000000000     
   0.0000000000000000     
   0.0000000000000000     
   0.0000000000000000     
   0.0000000000000000     
   0.0000000000000000     
   0.0000000000000000     
   0.0000000000000000     
   0.0000000000000000     
   0.0000000000000000     
   0.0000000000000000     
   0.0000000000000000     
   0.0000000000000000     
   0.0000000000000000     
   0.0000000000000000     
   0.0000000000000000     
   0.0000000000000000     
   0.0000000000000000     
   0.0000000000000000     
   0.0000000000000000     
   0.0000000000000000     
   0.0000000000000000     
   0.0000000000000000     
   0.0000000000000000     
   0.0000000000000000     
   0.0000000000000000     
   0.0000000000000000     
   1.3912167515520320E-005
   1.5201172009314057E-004
   9.9036976443687237E-004
   4.1498084192451660E-003
   1.3267103580039893E-002
   3.8248978477316474E-002
   9.2404918479984749E-002
  0.19348963858846210     
  0.35894335295249469     
  0.60351216256328433     
  0.94149830684783842     
   1.3487304684204802     
   1.8194587328976652     
   2.3042140846030268     
   2.7933048517517798     
   3.2365849189938349     
   3.6178956139452643     
   3.9348714886914018     
   4.1471653310222276     
   4.2646646114830435     
   4.2965173221772357     
   4.2410645680375509     
   4.1046284635546009     
   3.9179289864521114     
   3.6927411803673951     
   3.4280904524467517     
   3.1454640305697521     
   2.8628273731825122     
   2.5743659232272118     
   2.2850108374519649     
   2.0269612002086443     
   1.7678811627597553     
   1.5369222858156770     
   1.3206553614149137     
   1.1297119258091461     
  0.95669393926263935     
  0.80608597279990024     
  0.67326523327463383     
  0.56148258359776271     
  0.46343670602478115     
  0.38140356474417986     
  0.31264535824183926     
  0.25763880290487245     
  0.21468486675632734     
  0.18064658445238616     
  0.15475661930797754     
  0.13812440711262353     
  0.12692872310945619     
  0.12441220189307707     
  0.12751734129348638     
  0.13647662849704070     
  0.14897474543461742     
  0.16821393842030102     
  0.19455039285110451     
  0.22549816050118326     
  0.25874331571800474     
  0.29768103701797688     
  0.33918741324093676     
  0.38588349545532930     
  0.43594679854868529     
  0.48781635473265944     
  0.53776064490157194     
  0.58905216776440317     
  0.63960689739453203     
  0.68471898642835838     
  0.72573728800339332     
  0.75909069482149083     
  0.78818897394714948     
  0.80754779002676880     
  0.81575539908880546     
  0.81718963635974817     
  0.80911911244579326     
  0.79269367722080453     
  0.76905684113520290     
  0.73463287490562190     
  0.69741573864346207     
  0.65247052560590668     
  0.60534078586401774     
  0.55894751798341680     
  0.51186825227178356     
  0.46956505214744682     
  0.42944835203752646     
  0.39415650853893186     
  0.36986896832035404     
  0.35230092110639943     
  0.34806341168678434     
  0.35504498198752787     
  0.37923967564911321     
  0.41905118926832485     
  0.47382868453307009     
  0.54615118372309301     
  0.63651069188976994     
  0.74409400406324044     
  0.86334456578112462     
  0.99980667449307081     
   1.1485698076681574     
   1.3053864934288912     
   1.4649146508995727     
   1.6189801075574832     
   1.7726488977276309     
   1.9118744423935143     
   2.0315283623168878     
   2.1340466634779887     
   2.2137541259990394     
   2.2647904716738592     
   2.2903689545511274     
   2.2849291302002945     
   2.2542837940330629     
   2.1974232854108515     
   2.1154592244640065     
   2.0108334178779232     
   1.8921174791034621     
   1.7619034015305217     
   1.6224595447899779     
   1.4844065371789101     
   1.3493311567084225     
   1.2220167372615667     
   1.0979699728397059     
  0.98648150997740858     
  0.89297128827245809     
  0.81501425652908199     
  0.75433981482841461     
  0.70913000887485067     
  0.67861436301474642     
  0.66915652957007643     
  0.66769202728263710     
  0.67602062797154872     
  0.69564176609994932     
  0.72039646111554057     
  0.75085761617116975     
  0.78176298116211052     
  0.81335140232960834     
  0.83735541582703632     
  0.85893604805734980     
  0.87525112252796811     
  0.88207095289958903     
  0.88301135720835267     
  0.87959420533175736     
  0.86838336425712015     
  0.85097922803701465     
  0.83288538226925302     
  0.81026780065903858     
  0.78721763795196320     
  0.76336714428951347     
  0.74258352816961903     
  0.72800735669144689     
  0.71533414369785098     
  0.71457035431557347     
  0.71947734595996826     
  0.73458861588911484     
  0.75868106320249085     
  0.79017627688599801     
  0.83075927776636649     
  0.87593084575053104     
  0.92743157520831310     
  0.98299273667664111     
   1.0399466177483605     
   1.0962310132182154     
   1.1517701189386877     
   1.1976741000376676     
   1.2371290746602757     
   1.2678873823454113     
   1.2882376644036868     
   1.2982661129066271     
   1.2964520192438120     
   1.2840101247977462     
   1.2584927739559340     
   1.2241857517262915     
   1.1794425620054325     
   1.1286658735069470     
   1.0710496076231431     
   1.0082583569226025     
  0.94639881741032938     
  0.88380121042543169     
  0.82156755018445915     
  0.76601056768422060     
  0.71473346031066987     
  0.66750267420185139     
  0.62808805682693902     
  0.59627400102984174     
  0.56898674335736055     
  0.54654765009166817     
  0.53124837661121826     
  0.51887592864079901     
  0.51293224183673614     
  0.51221943186873553     
  0.51530309301702981     
  0.52166563915894504     
  0.53315571843875353     
  0.54955480060423645     
  0.57026026165674060     
  0.59876576922396074     
  0.63325627223059289     
  0.67442558896748339     
  0.72636512022904598     
  0.78578256438682281     
  0.85413889944258903     
  0.93082303741511485     
   1.0144859863761229     
   1.1077116746290336     
   1.2062320409535014     
   1.3076222850349368     
   1.4077551556659711     
   1.5071022409185146     
   1.6002952084653983     
   1.6835956626303661     
   1.7554275107664821     
   1.8156340099861905     
   1.8586301081195638     
   1.8856807844109256     
   1.8943607179363879     
   1.8828654754897600     
   1.8568742998767049     
   1.8094082258476796     
   1.7484678551416555     
   1.6731245322767099     
   1.5878387706782910     
   1.4956470868083116     
   1.3977923652083586     
   1.2930078994481027     
   1.1903552726627920     
   1.0896871465703333     
  0.99521953106033534     
  0.90643769085921921     
  0.82368635664177503     
  0.75000933050656704     
  0.68540651648878625     
  0.63071225555930732     
  0.58575482920816790     
  0.54998823589286583     
  0.52643663523482542     
  0.51241608307833264     
  0.50562025283811074     
  0.51010844186732218     
  0.52073050449972291     
  0.54020189668571905     
  0.56759617279064667     
  0.60126169353500625     
  0.63997541661152091     
  0.68411388350565727     
  0.73279985082530863     
  0.78380291225732346     
  0.83679955362143998     
  0.89107642840571255     
  0.94434424873918610     
  0.99405762720986524     
   1.0415939135998489     
   1.0847858807164015     
   1.1204577923194090     
   1.1475629831729002     
   1.1701230526499309     
   1.1850604439968360     
   1.1923393123111228     
   1.1933751476461949     
   1.1914566439888459     
   1.1796194904637316     
   1.1649551597799024     
   1.1478464233921266     
   1.1266786389432972     
   1.1045424051443173     
   1.0829802769662880     
   1.0588316026956028     
   1.0356735701597692     
   1.0145264866562573     
  0.99516877824316130     
  0.97575660785365015     
  0.95909905684477459     
  0.94315387147086960     
  0.92932729831236738     
  0.91604660708762264     
  0.90428826337495805     
  0.89236249439150594     
  0.88245771478835788     
  0.87536210771603340     
  0.86645510841062401     
  0.85749919276619058     
  0.85221778857935682     
  0.84629065788722102     
  0.84178152772905357     
  0.83957139522893498     
  0.83845942111399641     
  0.83805742793991067     
  0.83703959807795236     
  0.83526922096957090     
  0.83440264193241376     
  0.83312523037099862     
  0.83251412387911172     
  0.83052029673625982     
  0.83044481191026531     
  0.82836401564704198     
  0.82828765431971185     
  0.82777007026889726     
  0.82870158659943316     
  0.82978844277658170     
  0.83297546129287903     
  0.83862587512212727     
  0.84497307522458287     
  0.85609230174345008     
  0.87030259507758734     
  0.88744405661338310     
  0.90810264030540278     
  0.93414866506890248     
  0.96476774989316250     
  0.99927360503470330     
   1.0362288373038921     
   1.0781958636709494     
   1.1250075468236289     
   1.1740017791388075     
   1.2264549037010746     
   1.2791931481071168     
   1.3313902140820748     
   1.3827803186552585     
   1.4367968387028534     
   1.4829967976802212     
   1.5244774789493247     
   1.5583055101446268     
   1.5867202910787330     
   1.6034510467021397     
   1.6094779862516082     
   1.6064336614466004     
   1.5899317845081025     
   1.5608154179437317     
   1.5214922487559603     
   1.4698484804110497     
   1.4108420191618705     
   1.3430378446490345     
   1.2693120202578909     
   1.1929795353920527     
   1.1163083288672562     
   1.0378520093489025     
  0.96358979540590195     
  0.89540962323784623     
  0.83293242152290836     
  0.77732130274110667     
  0.73231677249444049     
  0.69672373845157476     
  0.67013885775216109     
  0.65507454870385917     
  0.64985164917369787     
  0.65296219804549338     
  0.66458641143177966     
  0.68313233442218468     
  0.70818883393581933     
  0.73558154898104433     
  0.76511550907254777     
  0.79551264670779642     
  0.82528960138465779     
  0.85379776607270819     
  0.87716505484024787     
  0.89722761879564650     
  0.91316583796874562     
  0.92111962824067628     
  0.92456705850888943     
  0.92165705261134623     
  0.91418194232677064     
  0.90362553046039196     
  0.88681509363606981     
  0.86827849441101979     
  0.84818999466272271     
  0.82922093557377685     
  0.80901021970133313     
  0.79096720170571921     
  0.77573484975433726     
  0.76412833069741437     
  0.75725168229252648     
  0.75294334263361917     
  0.75547113412633182     
  0.76199850259630963     
  0.77386263780639375     
  0.78859161740906603     
  0.80724686069130902     
  0.82946615357430797     
  0.85266335211550581     
  0.87893527729229792     
  0.90387440762308391     
  0.92842191630045834     
  0.95244242182215755     
  0.97386648859785818     
  0.99328927059023409     
   1.0107267364501409     
   1.0259029502921586     
   1.0382833707827526     
   1.0479255803794290     
   1.0554262569495303     
   1.0606672090885250     
   1.0644358919427439     
   1.0680119274072282     
   1.0733905990246349     
   1.0783235612347222     
   1.0853895394649540     
   1.0938388253830176     
   1.1048615599451974     
   1.1177631226536999     
   1.1014707153540340     
