 TEMP->   1.0000000000000000     
 DENSITY->   1.2000000476837158     
 N->         864
 CUTOFF->   3.2999999523162842     
 NUM_STEPS->       10000
   0.0000000000000000     
   0.0000000000000000     
   0.0000000000000000     
   0.0000000000000000     
   0.0000000000000000     
   0.0000000000000000     
   0.0000000000000000     
   0.0000000000000000     
   0.0000000000000000     
   0.0000000000000000     
   0.0000000000000000     
   0.0000000000000000     
   0.0000000000000000     
   0.0000000000000000     
   0.0000000000000000     
   0.0000000000000000     
   0.0000000000000000     
   0.0000000000000000     
   0.0000000000000000     
   0.0000000000000000     
   0.0000000000000000     
   0.0000000000000000     
   0.0000000000000000     
   0.0000000000000000     
   0.0000000000000000     
   0.0000000000000000     
   0.0000000000000000     
   0.0000000000000000     
   0.0000000000000000     
   0.0000000000000000     
   0.0000000000000000     
   0.0000000000000000     
   0.0000000000000000     
   0.0000000000000000     
   0.0000000000000000     
   0.0000000000000000     
   0.0000000000000000     
   0.0000000000000000     
   0.0000000000000000     
   0.0000000000000000     
   0.0000000000000000     
   0.0000000000000000     
   0.0000000000000000     
   0.0000000000000000     
   0.0000000000000000     
   0.0000000000000000     
   0.0000000000000000     
   0.0000000000000000     
   0.0000000000000000     
   0.0000000000000000     
   0.0000000000000000     
   0.0000000000000000     
   0.0000000000000000     
   0.0000000000000000     
   0.0000000000000000     
   0.0000000000000000     
   0.0000000000000000     
   0.0000000000000000     
   0.0000000000000000     
   0.0000000000000000     
   0.0000000000000000     
   0.0000000000000000     
   0.0000000000000000     
   0.0000000000000000     
   0.0000000000000000     
   0.0000000000000000     
   0.0000000000000000     
   0.0000000000000000     
   0.0000000000000000     
   0.0000000000000000     
   0.0000000000000000     
   0.0000000000000000     
   0.0000000000000000     
   0.0000000000000000     
   0.0000000000000000     
   0.0000000000000000     
   0.0000000000000000     
   0.0000000000000000     
   0.0000000000000000     
   0.0000000000000000     
   0.0000000000000000     
   0.0000000000000000     
   0.0000000000000000     
   0.0000000000000000     
   0.0000000000000000     
   0.0000000000000000     
   8.2159133261527681E-006
   7.8284642674274473E-005
   4.9251022658355654E-004
   2.7339896512457271E-003
   1.1568152232611930E-002
   3.7439573072233723E-002
  0.10017174784854659     
  0.22689597724329208     
  0.45689790462355850     
  0.81916945957599252     
   1.3190541096883570     
   1.9433957326977769     
   2.6573400658194175     
   3.3945129627067159     
   4.0850804048014862     
   4.6626295823382886     
   5.0839030481189189     
   5.3058191918424580     
   5.3359170797433739     
   5.1854840251610490     
   4.8944214926271385     
   4.4842500656654796     
   4.0068190395100496     
   3.4896606468388329     
   2.9716324280161417     
   2.4789814937991994     
   2.0211448258073705     
   1.6165331648223604     
   1.2668027253396632     
  0.97701892023041292     
  0.73997406266555832     
  0.54925989556232524     
  0.40109639710273493     
  0.28832533644051095     
  0.20307503060788362     
  0.14027130471910448     
   9.7511695023395698E-002
   6.6504533774016966E-002
   4.6151986127215133E-002
   3.2594107681716118E-002
   2.4690631958189466E-002
   2.0907140933057650E-002
   2.0578350491069521E-002
   2.4313201836348535E-002
   3.1243465632507562E-002
   4.2316645628996452E-002
   5.8229361474667743E-002
   8.0328879929281116E-002
  0.10736733268275768     
  0.14339021680941877     
  0.18982481772719159     
  0.24559005545195681     
  0.30908370876505498     
  0.38365884374146292     
  0.46822670406481687     
  0.55785860446050251     
  0.64968028685365853     
  0.74129289924443920     
  0.82943946285027537     
  0.90837737174369737     
  0.97398529682800006     
   1.0240015191516829     
   1.0514857384004415     
   1.0519651467908071     
   1.0313792149016940     
  0.99074012168170522     
  0.92979546011417535     
  0.85298948934626728     
  0.76718506865855218     
  0.67471826730920403     
  0.58039511634408958     
  0.48779708520680098     
  0.40104084882309016     
  0.32620152040931999     
  0.26044258167045142     
  0.20782172323951817     
  0.16642459852111885     
  0.13766563324134595     
  0.12536528902682023     
  0.12846534937361892     
  0.15021704190033597     
  0.19236431677158988     
  0.25948418346840368     
  0.35439666574824430     
  0.48038751204809665     
  0.63927567431637145     
  0.83536583703183864     
   1.0620890438564941     
   1.3199492369999766     
   1.5981592689614001     
   1.8834761744296737     
   2.1657672630049469     
   2.4250463138091627     
   2.6439942028370815     
   2.8155371962328357     
   2.9229528806972751     
   2.9587350468188198     
   2.9235313182541445     
   2.8177879162987218     
   2.6535786264538959     
   2.4412580439369140     
   2.1946415129540711     
   1.9296730431236233     
   1.6603537393913226     
   1.3983998179732946     
   1.1553659477036691     
  0.93568437637323643     
  0.74884413808131756     
  0.59454963459206811     
  0.47530161970504320     
  0.38976611727235660     
  0.34047995631546224     
  0.32129662863521141     
  0.33302837224498444     
  0.37240448235226958     
  0.43417997197602992     
  0.51357493163673718     
  0.60684914929476186     
  0.70728004757628260     
  0.80694431617400686     
  0.90161134950580435     
  0.98203502471814919     
   1.0451137846478931     
   1.0838392397677439     
   1.1018656572604755     
   1.0936245574480095     
   1.0607230342055147     
   1.0072632520448983     
  0.94092049068032346     
  0.86063751798466337     
  0.77588524233044720     
  0.69467235142814920     
  0.62022909544527149     
  0.55687534491799451     
  0.51111610082743997     
  0.48448332595300547     
  0.48109775471529503     
  0.50191173837757541     
  0.54950587581842136     
  0.62114362153385738     
  0.71219398677603440     
  0.82402366181166276     
  0.94959952587754004     
   1.0830057500837624     
   1.2177877751504700     
   1.3450776355370839     
   1.4558290753969128     
   1.5490374237317921     
   1.6127030002959153     
   1.6472630969211097     
   1.6466859683832755     
   1.6144794324437772     
   1.5514540710975671     
   1.4573564870588926     
   1.3443070391506478     
   1.2161226155312179     
   1.0820324326141499     
  0.94626978166551912     
  0.82145263825692105     
  0.70667044313536465     
  0.60771899549530484     
  0.53069138665459159     
  0.47277932940648776     
  0.43351765135937970     
  0.41395930310020301     
  0.40891871177367317     
  0.41490773544568710     
  0.42977533695667602     
  0.44927007016653353     
  0.46932562557399565     
  0.48722029702905695     
  0.49960418269565104     
  0.50644211606011924     
  0.50858169493532335     
  0.50634977289185479     
  0.50326729876882081     
  0.50413012640581634     
  0.51090890079093676     
  0.53181585914764395     
  0.57031637735902363     
  0.63007796630834856     
  0.71589344800616550     
  0.83120149683778100     
  0.97229961415188182     
   1.1378293757743632     
   1.3247088610655227     
   1.5227856943185902     
   1.7234484177558640     
   1.9179200634489881     
   2.0930339531097855     
   2.2362416458187884     
   2.3402920707768162     
   2.4025099089349831     
   2.4086410910960803     
   2.3684718612728068     
   2.2815976626293462     
   2.1510165814090154     
   1.9896899236623442     
   1.8042670387778224     
   1.6080803667547214     
   1.4086396214339492     
   1.2170663186238497     
   1.0390017657805282     
  0.88146460487073097     
  0.74455470872017016     
  0.63316100663461794     
  0.54292221498754123     
  0.47403682296731947     
  0.42274899995220111     
  0.38757561964553350     
  0.36451303531016016     
  0.35073235498479582     
  0.34495793559211696     
  0.34608654365879082     
  0.35383272414629025     
  0.36858125216369225     
  0.39264887744926313     
  0.42678303472449081     
  0.47192333654776530     
  0.52926445749842765     
  0.59977140409648400     
  0.68309564416192381     
  0.77668599876960065     
  0.87833227527633817     
  0.98145506313729847     
   1.0853554191564947     
   1.1828664597187386     
   1.2686886865554168     
   1.3386223917855973     
   1.3861457513500319     
   1.4120691986636684     
   1.4157532878849102     
   1.3966012528395393     
   1.3582381742031686     
   1.3072342797396850     
   1.2449140750067611     
   1.1796348724950196     
   1.1165114451542166     
   1.0593181287233924     
   1.0121268753704626     
  0.97713423906319496     
  0.95175562980922823     
  0.93748221444705460     
  0.93188077734985031     
  0.93224955570304824     
  0.93459621991621900     
  0.93346624049917704     
  0.92911069545303138     
  0.91912084457611176     
  0.90381271109934602     
  0.88551322801953003     
  0.86383079232115512     
  0.84080029363497499     
  0.81956858692033285     
  0.80264468918696141     
  0.79276931502037506     
  0.78918096210040611     
  0.79294362874487245     
  0.80282610501560381     
  0.81695414529905042     
  0.83251815632448556     
  0.84800262692785855     
  0.85944864105312524     
  0.86650721323597513     
  0.86571399754583989     
  0.85917552581368661     
  0.84685986949245151     
  0.83008514075419082     
  0.81254735938000999     
  0.79509317149681114     
  0.78088401632034243     
  0.77216533889156713     
  0.77007541695650816     
  0.77506544682098233     
  0.78699550277650299     
  0.80573292291344223     
  0.82891317855366076     
  0.85662536918657717     
  0.88840528838291777     
  0.92331437592755716     
  0.96467184220343571     
   1.0095058202389928     
   1.0617210266706840     
   1.1236010615568512     
   1.1970785850905534     
   1.2808014143880666     
   1.3730324585568576     
   1.4750237869238043     
   1.5807310461429622     
   1.6841090406639887     
   1.7803412997913541     
   1.8604315566722545     
   1.9196118478577331     
   1.9528995381729373     
   1.9530086434048399     
   1.9212581604963799     
   1.8556514843531569     
   1.7605677929120587     
   1.6399260739946750     
   1.4991488107363518     
   1.3451492527552189     
   1.1859611723347223     
   1.0282277158903648     
  0.87840470995586095     
  0.74240297234353281     
  0.62375382553161529     
  0.52748891820095245     
  0.45378153069250854     
  0.40492153428660099     
  0.37927443162717828     
  0.37687426990084916     
  0.39663731839088900     
  0.43565234880491227     
  0.49172622350807699     
  0.56145900783615110     
  0.64246317677037224     
  0.72708251624916997     
  0.81297499525002992     
  0.89586478398062241     
  0.97027292683553867     
   1.0326751837210668     
   1.0787073636512916     
   1.1090486055508237     
   1.1195122291239352     
   1.1121647629004698     
   1.0868858490627373     
   1.0455210829157910     
  0.99510385073098206     
  0.93710732725200840     
  0.87463195102885105     
  0.81300099839150686     
  0.75529128997164952     
  0.70394074072686130     
  0.66069335817120278     
  0.62955492331840590     
  0.60994401393129627     
  0.60303942973455127     
  0.60924427216654298     
  0.62658168858036845     
  0.65635528618524819     
  0.69584356069670372     
  0.74451117107910669     
  0.79941586747618354     
  0.85732655145908809     
  0.91627965278642576     
  0.97239709300640775     
   1.0243258131461570     
   1.0666172831601628     
   1.0983990623866857     
   1.1194528807105142     
   1.1293014473534606     
   1.1290069852667344     
   1.1203025025325426     
   1.1038183370587225     
   1.0836069236358707     
   1.0621231505762949     
   1.0422635628903449     
   1.0255785356892206     
   1.0144073503515072     
   1.0100686779720442     
   1.0139698825536436     
   1.0250498091672418     
  0.96255029516700963     
