 TEMP->   1.0000000000000000     
 DENSITY->  0.80000000000000004     
 N->         864
 CUTOFF->   3.2000000476837158     
 NUM_STEPS->       10000
   0.0000000000000000     
   0.0000000000000000     
   0.0000000000000000     
   0.0000000000000000     
   0.0000000000000000     
   0.0000000000000000     
   0.0000000000000000     
   0.0000000000000000     
   0.0000000000000000     
   0.0000000000000000     
   0.0000000000000000     
   0.0000000000000000     
   0.0000000000000000     
   0.0000000000000000     
   0.0000000000000000     
   0.0000000000000000     
   0.0000000000000000     
   0.0000000000000000     
   0.0000000000000000     
   0.0000000000000000     
   0.0000000000000000     
   0.0000000000000000     
   0.0000000000000000     
   0.0000000000000000     
   0.0000000000000000     
   0.0000000000000000     
   0.0000000000000000     
   0.0000000000000000     
   0.0000000000000000     
   0.0000000000000000     
   0.0000000000000000     
   0.0000000000000000     
   0.0000000000000000     
   0.0000000000000000     
   0.0000000000000000     
   0.0000000000000000     
   0.0000000000000000     
   0.0000000000000000     
   0.0000000000000000     
   0.0000000000000000     
   0.0000000000000000     
   0.0000000000000000     
   0.0000000000000000     
   0.0000000000000000     
   0.0000000000000000     
   0.0000000000000000     
   0.0000000000000000     
   0.0000000000000000     
   0.0000000000000000     
   0.0000000000000000     
   0.0000000000000000     
   0.0000000000000000     
   0.0000000000000000     
   0.0000000000000000     
   0.0000000000000000     
   0.0000000000000000     
   0.0000000000000000     
   0.0000000000000000     
   0.0000000000000000     
   0.0000000000000000     
   0.0000000000000000     
   0.0000000000000000     
   0.0000000000000000     
   0.0000000000000000     
   0.0000000000000000     
   0.0000000000000000     
   0.0000000000000000     
   0.0000000000000000     
   0.0000000000000000     
   0.0000000000000000     
   0.0000000000000000     
   0.0000000000000000     
   0.0000000000000000     
   0.0000000000000000     
   0.0000000000000000     
   0.0000000000000000     
   0.0000000000000000     
   0.0000000000000000     
   0.0000000000000000     
   0.0000000000000000     
   0.0000000000000000     
   0.0000000000000000     
   0.0000000000000000     
   0.0000000000000000     
   0.0000000000000000     
   0.0000000000000000     
   9.2429028592018068E-006
   7.2262749955409209E-005
   4.5032311351545190E-004
   2.2303600672743716E-003
   7.4672284896940876E-003
   2.1479661782371023E-002
   5.3224662651483998E-002
  0.11419951389860052     
  0.21316963979508663     
  0.36173343866021274     
  0.55989357120435390     
  0.80041432934511714     
   1.0707051214442178     
   1.3523926012429539     
   1.6311708879184150     
   1.8908555994017391     
   2.1228770219145350     
   2.3044973476032831     
   2.4527119607759711     
   2.5546913861668443     
   2.6159171679060735     
   2.6438367875599513     
   2.6368881582825221     
   2.6027077765022741     
   2.5553901960674432     
   2.4886299026075700     
   2.4119149204275869     
   2.3145623099233159     
   2.2178189127968548     
   2.1201780518439741     
   2.0249200139872352     
   1.9365194003433748     
   1.8377883572767300     
   1.7554951146206219     
   1.6747133840002419     
   1.5979117512791412     
   1.5248315873403300     
   1.4506784401068180     
   1.3825355071113286     
   1.3211137649749840     
   1.2637860469795184     
   1.2111701499964340     
   1.1607125517756689     
   1.1165593935379019     
   1.0764038516700658     
   1.0319262034367906     
  0.99343527958057865     
  0.96119279692650339     
  0.93092484072392978     
  0.90077820646631623     
  0.87249317590717579     
  0.84767127063688341     
  0.82781346436952230     
  0.80767657126570458     
  0.78987567955377747     
  0.77111392009799984     
  0.75480627559321534     
  0.74142577341840954     
  0.72700068050281286     
  0.71658345211371266     
  0.70620793154567729     
  0.69449678233390200     
  0.68572777971261623     
  0.68203385453556908     
  0.67638241729575010     
  0.67116476898226451     
  0.66800090566402548     
  0.66658613604884120     
  0.66364920798931770     
  0.66141791866120592     
  0.65986790316767918     
  0.66277097017358899     
  0.66366277204806823     
  0.66620185156391176     
  0.67331017302434659     
  0.67617395477598352     
  0.68267558799769201     
  0.68789701829311234     
  0.69222326373485166     
  0.70012599813383236     
  0.70708518037036916     
  0.71881785226230488     
  0.72883705435823587     
  0.73875582319453059     
  0.75134237518993985     
  0.76212189392810581     
  0.77461128447024863     
  0.78800430560089618     
  0.80321307900109595     
  0.81870163497656778     
  0.83231600902904801     
  0.84836603734240890     
  0.86227742857671508     
  0.88046468577621251     
  0.89788858785876280     
  0.91644081942638944     
  0.93096287616957929     
  0.94891716409583016     
  0.96626399302370569     
  0.98256896256869797     
   1.0012194298169563     
   1.0189758862700220     
   1.0352939359196887     
   1.0514999341804083     
   1.0670687345554795     
   1.0795735593242366     
   1.0914661307314533     
   1.1062770853515493     
   1.1187771537261277     
   1.1335264148647874     
   1.1454722300965516     
   1.1608099632085902     
   1.1717654270497646     
   1.1812172706931683     
   1.1929705319302468     
   1.2032229629624005     
   1.2119581752340736     
   1.2153560822310880     
   1.2206566007937862     
   1.2234799319292191     
   1.2249799617058799     
   1.2260339850581392     
   1.2239904600091258     
   1.2245046788093106     
   1.2195526295074359     
   1.2146207139509932     
   1.2095150304227689     
   1.2041844576886034     
   1.1958993051828180     
   1.1879788088605185     
   1.1795901531815278     
   1.1686601006617285     
   1.1571361887231320     
   1.1463354859080839     
   1.1350876313565474     
   1.1231978814300130     
   1.1110587866742185     
   1.0982008097201621     
   1.0884230645164441     
   1.0768502909099082     
   1.0619026402858087     
   1.0497358120433198     
   1.0384847827269583     
   1.0276088381839938     
   1.0164139637736471     
   1.0064702002448054     
  0.99581217200265715     
  0.98532858574060589     
  0.97647878103729124     
  0.96662115938982651     
  0.95762903599059257     
  0.94950983970694081     
  0.93998647629208920     
  0.93303061791599973     
  0.92471692672689376     
  0.91787981955685394     
  0.91197799453552741     
  0.90927331944260081     
  0.90395543514173726     
  0.90070763949792298     
  0.89791632806136013     
  0.89393261014885095     
  0.89258015894603360     
  0.88800401873625467     
  0.88651271163847734     
  0.88659909498713396     
  0.88457074725543994     
  0.88646547666618813     
  0.88700942731003585     
  0.88637568987974324     
  0.88882995754689775     
  0.89037078097847755     
  0.89200126846226258     
  0.89573964364757719     
  0.89717581323798667     
  0.90000805226781277     
  0.90263768974046799     
  0.90587654670448059     
  0.91129521542474223     
  0.91678950942194459     
  0.92149550530261681     
  0.92827699757943771     
  0.93472295959477414     
  0.93913555199883270     
  0.94477533515979695     
  0.95069793384986767     
  0.95580266428517036     
  0.96013315618348383     
  0.96655877540315949     
  0.97373097018521315     
  0.97873506983185954     
  0.98640616633628775     
  0.99167549357712714     
  0.99936849844333853     
   1.0044387111775226     
   1.0091947622957789     
   1.0153910920036402     
   1.0194403178772726     
   1.0256846765081638     
   1.0302558151065484     
   1.0335963283088363     
   1.0397590720463938     
   1.0434785137839118     
   1.0475509292491643     
   1.0508001708980905     
   1.0547895200184667     
   1.0582536449034501     
   1.0601234457888840     
   1.0624737535789397     
   1.0649742034845400     
   1.0655151685898099     
   1.0654752307916751     
   1.0668196083025239     
   1.0683368958104209     
   1.0666920489228617     
   1.0663175271685568     
   1.0680632136478976     
   1.0657137234633693     
   1.0653963123376788     
   1.0637469139900679     
   1.0634253610999078     
   1.0618087173423942     
   1.0610580414217190     
   1.0594708734615772     
   1.0564541482117333     
   1.0528527179518832     
   1.0485960641678485     
   1.0474071141449621     
   1.0461309520763065     
   1.0403176741737181     
   1.0380564394062337     
   1.0341521528210642     
   1.0289060500076650     
   1.0290691263927600     
   1.0240502523962456     
   1.0210777099875585     
   1.0182738929389248     
   1.0154583032114437     
   1.0115955966387813     
   1.0078949277439091     
   1.0035287692341628     
   1.0000677431193572     
  0.99785724945705545     
  0.99540330536690269     
  0.99262687117902748     
  0.99050579333557909     
  0.98622493823247293     
  0.98361245217742832     
  0.98020342778557745     
  0.97829925267696494     
  0.97543332945436367     
  0.97507890754141724     
  0.97179099596033203     
  0.97041888872576609     
  0.96995338088729188     
  0.96803725192268320     
  0.96687388912465300     
  0.96489391426369997     
  0.96392599321801409     
  0.96448432993360866     
  0.96176664618324348     
  0.96285171520671120     
  0.96274916484258710     
  0.96234742705444198     
  0.96209672155992398     
  0.96289866763755183     
  0.96405024361399483     
  0.96405085831294612     
  0.96384975158623509     
  0.96369201171436869     
  0.96672720612041985     
  0.96679355788885257     
  0.96753325223952802     
  0.97153141594596015     
  0.97226226366331925     
  0.97418187034532044     
  0.97694372806394070     
  0.97801719602365267     
  0.97863996190814773     
  0.97978812782490721     
  0.98238738312074925     
  0.98521407650432757     
  0.98749400811250021     
  0.98937690642183329     
  0.99263157753705678     
  0.99429904391149060     
  0.99530715328566477     
  0.99790222719130750     
   1.0014436039078674     
   1.0036029718774386     
   1.0037809455253797     
   1.0063291511418362     
   1.0089297783962405     
   1.0105973349433086     
   1.0110395813036352     
   1.0119139316299883     
   1.0138533076076763     
   1.0160059049849550     
   1.0183678543414842     
   1.0196228704889563     
   1.0201662569833103     
   1.0198718714160360     
   1.0213637640434210     
   1.0230514942608746     
   1.0241409043436638     
   1.0245709984823537     
   1.0244614843060080     
   1.0243112636742444     
   1.0244172070675193     
   1.0243729554881258     
   1.0244268257180507     
   1.0241044894321678     
   1.0243604019689891     
   1.0232301917746183     
   1.0219191215640131     
   1.0226911123858526     
   1.0212772476502681     
   1.0201716440366808     
   1.0200704359704038     
   1.0191292542693497     
   1.0182285025433304     
   1.0159791039718322     
   1.0164359532921301     
   1.0152037543225927     
   1.0132513570628439     
   1.0126320456015239     
   1.0118199973384805     
   1.0105154814574708     
   1.0102520164643036     
   1.0090759174387498     
   1.0076763317158210     
   1.0066671210237985     
   1.0054341231795585     
   1.0045587824078057     
   1.0028947588782493     
   1.0013246006395475     
   1.0005947616526507     
  0.99876811676338184     
  0.99874366073137766     
  0.99814969077702587     
  0.99778158706501530     
  0.99621916464097726     
  0.99610075473104565     
  0.99501540336082361     
  0.99366293962208962     
  0.99231070109825759     
  0.99200958448581833     
  0.99027819184787624     
  0.98990918359449653     
  0.99092604280604446     
  0.98970242491892790     
  0.98972363068427649     
  0.98801309935767012     
  0.98833934884815366     
  0.98772163382076805     
  0.98711959150430173     
  0.98724000641123644     
  0.98690663032648129     
  0.98719163270297250     
  0.98730279977073154     
  0.98666013572257327     
  0.98651306511517023     
  0.98739659636382449     
  0.98690833618307205     
  0.98889019754747098     
  0.99025600573403161     
  0.98951962850684871     
  0.99005535100678754     
  0.98923550197684984     
  0.98980514210831960     
  0.99130279372564922     
  0.99222875944575961     
  0.99392402154038717     
  0.99424369717128980     
  0.99538490398456703     
  0.99679999975679867     
  0.99639144174668648     
  0.99734859091627859     
  0.99776965233852088     
  0.99959823897373012     
   1.0000406961965631     
  0.99989368936132705     
   1.0010553350184297     
   1.0019991112010866     
   1.0032900951945096     
   1.0030954017741558     
   1.0030853201107695     
   1.0036439177056897     
   1.0041708807632490     
   1.0044135352071191     
   1.0046398269212593     
   1.0045118598182472     
   1.0063334601820009     
   1.0069790167150197     
   1.0070356715087299     
   1.0073699316567057     
   1.0074511625340248     
   1.0075420370517523     
   1.0074424892860359     
   1.0079044105096095     
   1.0084237622344707     
   1.0096787271458514     
   1.0100145390770814     
   1.0092448090332418     
   1.0096063696049424     
   1.0100992987321309     
   1.0103328945021264     
   1.0096657864814664     
   1.0101586616950846     
   1.0099831210202559     
   1.0099317184088998     
   1.0094312731799062     
   1.0093205032274697     
   1.0089087117801261     
   1.0074462726154563     
   1.0069262398599670     
   1.0066818171137921     
   1.0060240116320995     
   1.0055508102709845     
   1.0058479683171893     
   1.0062273174739262     
   1.0052546366291850     
   1.0043536742470383     
   1.0040614929645659     
   1.0033836182727016     
   1.0030489338118478     
   1.0027658284555148     
