 TEMP->   1.5000000000000000     
 DENSITY->  0.87999999523162842     
 N->         864
 CUTOFF->   3.2999999523162842     
 NUM_STEPS->       10000
   0.0000000000000000     
   0.0000000000000000     
   0.0000000000000000     
   0.0000000000000000     
   0.0000000000000000     
   0.0000000000000000     
   0.0000000000000000     
   0.0000000000000000     
   0.0000000000000000     
   0.0000000000000000     
   0.0000000000000000     
   0.0000000000000000     
   0.0000000000000000     
   0.0000000000000000     
   0.0000000000000000     
   0.0000000000000000     
   0.0000000000000000     
   0.0000000000000000     
   0.0000000000000000     
   0.0000000000000000     
   0.0000000000000000     
   0.0000000000000000     
   0.0000000000000000     
   0.0000000000000000     
   0.0000000000000000     
   0.0000000000000000     
   0.0000000000000000     
   0.0000000000000000     
   0.0000000000000000     
   0.0000000000000000     
   0.0000000000000000     
   0.0000000000000000     
   0.0000000000000000     
   0.0000000000000000     
   0.0000000000000000     
   0.0000000000000000     
   0.0000000000000000     
   0.0000000000000000     
   0.0000000000000000     
   0.0000000000000000     
   0.0000000000000000     
   0.0000000000000000     
   0.0000000000000000     
   0.0000000000000000     
   0.0000000000000000     
   0.0000000000000000     
   0.0000000000000000     
   0.0000000000000000     
   0.0000000000000000     
   0.0000000000000000     
   0.0000000000000000     
   0.0000000000000000     
   0.0000000000000000     
   0.0000000000000000     
   0.0000000000000000     
   0.0000000000000000     
   0.0000000000000000     
   0.0000000000000000     
   0.0000000000000000     
   0.0000000000000000     
   0.0000000000000000     
   0.0000000000000000     
   0.0000000000000000     
   0.0000000000000000     
   0.0000000000000000     
   0.0000000000000000     
   0.0000000000000000     
   0.0000000000000000     
   0.0000000000000000     
   0.0000000000000000     
   0.0000000000000000     
   0.0000000000000000     
   0.0000000000000000     
   0.0000000000000000     
   0.0000000000000000     
   0.0000000000000000     
   0.0000000000000000     
   0.0000000000000000     
   0.0000000000000000     
   0.0000000000000000     
   0.0000000000000000     
   0.0000000000000000     
   0.0000000000000000     
   0.0000000000000000     
   2.9350347546612497E-006
   1.4333902333688991E-004
   9.0748501291166097E-004
   3.7718965900806066E-003
   1.1791883375022086E-002
   3.2543635222471175E-002
   7.4999806547443287E-002
  0.14970005941608766     
  0.27021733113274587     
  0.44258700401362894     
  0.65972904900319163     
  0.91470145891916821     
   1.1884519509265319     
   1.4704946635411544     
   1.7390329378726466     
   1.9866368349028147     
   2.2039682668532459     
   2.3772424166907102     
   2.5031348558577657     
   2.5871715538633295     
   2.6292454815968536     
   2.6320066240099367     
   2.6115889847770637     
   2.5714676676234012     
   2.5147190172316134     
   2.4351336597366458     
   2.3590581111935185     
   2.2685065051601461     
   2.1680654989955590     
   2.0663065031717767     
   1.9737377686468662     
   1.8833914148475195     
   1.7959201242632576     
   1.7129580355843930     
   1.6303483306860345     
   1.5493615298784951     
   1.4693047032321715     
   1.4016214177204618     
   1.3334253842434030     
   1.2723910959761908     
   1.2153551588671523     
   1.1638828371250360     
   1.1150217569810184     
   1.0689701793008541     
   1.0291181001572691     
  0.98792042816142811     
  0.95326201805599520     
  0.92098662248226559     
  0.89072403254670662     
  0.86460564980968746     
  0.83639972498418558     
  0.81363986106396669     
  0.79335108192512283     
  0.77118886798663988     
  0.75712550113323940     
  0.74025626653891929     
  0.72861187128928429     
  0.71320333648224954     
  0.69996424186691164     
  0.68842704459628956     
  0.67833141814430253     
  0.67157549510058823     
  0.66282714832565115     
  0.65695062671603299     
  0.65380225736365560     
  0.65017459692570356     
  0.65044169595117018     
  0.64772695783300549     
  0.64374945460180055     
  0.64615744348824122     
  0.65122806519890064     
  0.65003363420378579     
  0.65424301110155803     
  0.65976509476966949     
  0.66692556668411807     
  0.67155272720197612     
  0.67755723956986003     
  0.68492800490354877     
  0.69411653139417329     
  0.70485867309516226     
  0.71422345325948311     
  0.72672049375449876     
  0.73713704555908166     
  0.75133591545780098     
  0.76737960755643464     
  0.78147992159025692     
  0.79765445517089573     
  0.81519739382897494     
  0.83085563331673506     
  0.84700480122233357     
  0.86568279865320596     
  0.88290490746822081     
  0.90129341684705122     
  0.92132189918590857     
  0.93812059753645871     
  0.95768629861471288     
  0.97581131653584186     
  0.99593800423108791     
   1.0127497929301754     
   1.0318505257829265     
   1.0471364056061483     
   1.0634069489113116     
   1.0803013616233237     
   1.0982273454738127     
   1.1115279263005506     
   1.1274916557898886     
   1.1432116881340435     
   1.1562928768814669     
   1.1686340627600806     
   1.1786888420908888     
   1.1902671318188240     
   1.2022482041398905     
   1.2105402955377187     
   1.2165852415967267     
   1.2238779675276952     
   1.2312733175938648     
   1.2350720788730667     
   1.2376696319689875     
   1.2390104659205630     
   1.2377724084401029     
   1.2335421563610738     
   1.2323556192771890     
   1.2282743598563681     
   1.2231094586793103     
   1.2147280717525735     
   1.2056933052221415     
   1.1981990607867994     
   1.1894941067611451     
   1.1792139556765253     
   1.1662122203682563     
   1.1566058954002916     
   1.1441290323030486     
   1.1293160430260492     
   1.1166579787693629     
   1.1021654692768017     
   1.0866439210327699     
   1.0756669931874443     
   1.0597058043430030     
   1.0465709667569536     
   1.0348071525317464     
   1.0227481458432046     
   1.0114376164136472     
  0.99767744038131545     
  0.98591497822856355     
  0.97330667703745155     
  0.96227560699261905     
  0.95339282364184352     
  0.94365749301926749     
  0.93584784340034965     
  0.92844303687680585     
  0.92057572909248553     
  0.91366907619572146     
  0.90694086811386843     
  0.90130651789474392     
  0.89608421362320567     
  0.89338111323495772     
  0.88916035115134517     
  0.88549579198319439     
  0.88191762091008041     
  0.87883125957596653     
  0.87720169779875012     
  0.87654133380904120     
  0.87581519452409684     
  0.87487714086729595     
  0.87696587031493423     
  0.87686338986775236     
  0.87712266806667005     
  0.88004342393524115     
  0.88274355683015737     
  0.88556846962557434     
  0.88803967065460632     
  0.89165733518664081     
  0.89521431431565679     
  0.90101957623981033     
  0.90593625236822517     
  0.91197420060413381     
  0.91807388445297389     
  0.92433480082003705     
  0.93070590331351788     
  0.93776939911828905     
  0.94469847157688713     
  0.95033072289435605     
  0.95566432570043947     
  0.96315742525473980     
  0.97108933095435856     
  0.97764686179178673     
  0.98265787531976112     
  0.99046575631880174     
  0.99553235964534481     
   1.0027081677786285     
   1.0092258493824191     
   1.0149210527595192     
   1.0211687845832316     
   1.0258045517686598     
   1.0332450891985172     
   1.0379884637300747     
   1.0433026085718966     
   1.0473528497296258     
   1.0523125772151447     
   1.0571503122791033     
   1.0609703281386960     
   1.0644435866777340     
   1.0656195529375165     
   1.0690289754534865     
   1.0719380669160206     
   1.0722905089801957     
   1.0733574527778142     
   1.0737894191605721     
   1.0750185682866926     
   1.0745322817336420     
   1.0746456542716922     
   1.0739869626765632     
   1.0737486986845035     
   1.0721605307301287     
   1.0709415945962861     
   1.0702222213641599     
   1.0687404623957955     
   1.0660430483919638     
   1.0638697475088628     
   1.0601814159190890     
   1.0592115683674803     
   1.0553658061730040     
   1.0508629607089315     
   1.0473176037313927     
   1.0450743159320537     
   1.0410845942318541     
   1.0379572592681485     
   1.0341598042062794     
   1.0303932696066556     
   1.0257435990362063     
   1.0223904788368541     
   1.0189941376062486     
   1.0142697990674903     
   1.0117105797289063     
   1.0056351154461440     
   1.0018017866382727     
  0.99828227156540450     
  0.99294407895064740     
  0.98971047818088742     
  0.98616780601183962     
  0.98373101597216372     
  0.97990647522601537     
  0.97690959450519266     
  0.97459902983842062     
  0.97220348618549413     
  0.97073145996171395     
  0.96661808918759007     
  0.96417151464862738     
  0.96219083459303067     
  0.96055211965215737     
  0.96008414095351691     
  0.95972754730666421     
  0.95879040686231209     
  0.95732903984576168     
  0.95728454394912932     
  0.95684176948367317     
  0.95611762614602691     
  0.95611422181064121     
  0.95718057554007274     
  0.95837728650522402     
  0.95819348750124689     
  0.95903438100996963     
  0.96080004511388251     
  0.96128780185827911     
  0.96276288797820964     
  0.96331237332243225     
  0.96499037412610833     
  0.96664558654558685     
  0.96882561396380151     
  0.97063666646913516     
  0.97331223626348651     
  0.97531158836389487     
  0.97674143566748395     
  0.98051356607911511     
  0.98310074237665779     
  0.98445978486246533     
  0.98760954326201777     
  0.98957677207084427     
  0.99190296597919636     
  0.99402414503586278     
  0.99677247845393624     
  0.99885875016838621     
   1.0014127887178159     
   1.0029499523904088     
   1.0061335847649278     
   1.0096447873805479     
   1.0105416921024906     
   1.0128778323389416     
   1.0161065350010405     
   1.0168839189309260     
   1.0181836229691006     
   1.0204272660475133     
   1.0226463396866372     
   1.0236018699494216     
   1.0246556243612845     
   1.0267923023007430     
   1.0268136444621334     
   1.0263751428140540     
   1.0273130296365924     
   1.0273028321955919     
   1.0278841307981439     
   1.0301565647205342     
   1.0290737431141079     
   1.0295795687024452     
   1.0291916654707645     
   1.0283561335901565     
   1.0282177856676409     
   1.0281640987283880     
   1.0272233193507128     
   1.0264401402418104     
   1.0255345386371388     
   1.0239556059787687     
   1.0229224790083182     
   1.0218032153110979     
   1.0212314099053232     
   1.0194993660794336     
   1.0181442289026075     
   1.0176526312212546     
   1.0165610112466990     
   1.0147551150914473     
   1.0128173246795875     
   1.0115847173048338     
   1.0089695707002000     
   1.0089000263708148     
   1.0066765658083303     
   1.0056942560923543     
   1.0039782887454007     
   1.0020273760856226     
   1.0001493265879333     
  0.99932602221126265     
  0.99816491606695201     
  0.99693784655619277     
  0.99558032487000170     
  0.99381821713711227     
  0.99258912742704364     
  0.99130150081511204     
  0.99030347927893780     
  0.98957235116197584     
  0.98915202925745294     
  0.98682691564225522     
  0.98714150117984989     
  0.98709497650099309     
  0.98627765088077535     
  0.98590564063195862     
  0.98491766535376224     
  0.98432047215300600     
  0.98310813360542382     
  0.98372164026737774     
  0.98311201300804951     
  0.98438120064915602     
  0.98404513280949335     
  0.98341248663466208     
  0.98330754952856425     
  0.98416150645958100     
  0.98526230091923994     
  0.98571655760866372     
  0.98661792660149550     
  0.98816417117720023     
  0.98803321191391569     
  0.98787612410008141     
  0.98852854711378246     
  0.98963494296417553     
  0.99076766879361844     
  0.99132271573737729     
  0.99242504066797133     
  0.99237906110540863     
  0.99283867285500882     
  0.99429155162737748     
  0.99435511660272258     
  0.99618690446332658     
  0.99743842699776875     
  0.99874936581712770     
  0.99966083308283560     
   1.0011698671419915     
   1.0030810156383354     
   1.0029925601210912     
   1.0033120585237367     
   1.0040269338401109     
   1.0050928645295478     
   1.0055398389605927     
   1.0065303060875148     
   1.0067020088976881     
   1.0071194359473079     
   1.0080567397849252     
   1.0079002525112888     
   1.0095276894180436     
   1.0090722982333837     
   1.0097923881456849     
   1.0108525499116743     
   1.0107630783439878     
   1.0107609735489829     
   1.0105792134748757     
   1.0104861583719771     
   1.0103151631269123     
   1.0106325863870020     
   1.0107663054274907     
   1.0106220247911608     
   1.0107583944800107     
   1.0110600388146203     
   1.0112578482863015     
   1.0109974205676242     
   1.0108256000301630     
   1.0107513071218237     
   1.0102096028147445     
   1.0099098445581869     
   1.0091639905197844     
   1.0090026513053760     
   1.0092470349600038     
   1.0080756457771325     
   1.0079711002771725     
   1.0066684881588002     
   1.0060849131347880     
   1.0065476149333623     
