 TEMP->   1.5000000000000000     
 DENSITY->  0.60000002384185791     
 N->         864
 CUTOFF->   3.2999999523162842     
 NUM_STEPS->       10000
   0.0000000000000000     
   0.0000000000000000     
   0.0000000000000000     
   0.0000000000000000     
   0.0000000000000000     
   0.0000000000000000     
   0.0000000000000000     
   0.0000000000000000     
   0.0000000000000000     
   0.0000000000000000     
   0.0000000000000000     
   0.0000000000000000     
   0.0000000000000000     
   0.0000000000000000     
   0.0000000000000000     
   0.0000000000000000     
   0.0000000000000000     
   0.0000000000000000     
   0.0000000000000000     
   0.0000000000000000     
   0.0000000000000000     
   0.0000000000000000     
   0.0000000000000000     
   0.0000000000000000     
   0.0000000000000000     
   0.0000000000000000     
   0.0000000000000000     
   0.0000000000000000     
   0.0000000000000000     
   0.0000000000000000     
   0.0000000000000000     
   0.0000000000000000     
   0.0000000000000000     
   0.0000000000000000     
   0.0000000000000000     
   0.0000000000000000     
   0.0000000000000000     
   0.0000000000000000     
   0.0000000000000000     
   0.0000000000000000     
   0.0000000000000000     
   0.0000000000000000     
   0.0000000000000000     
   0.0000000000000000     
   0.0000000000000000     
   0.0000000000000000     
   0.0000000000000000     
   0.0000000000000000     
   0.0000000000000000     
   0.0000000000000000     
   0.0000000000000000     
   0.0000000000000000     
   0.0000000000000000     
   0.0000000000000000     
   0.0000000000000000     
   0.0000000000000000     
   0.0000000000000000     
   0.0000000000000000     
   0.0000000000000000     
   0.0000000000000000     
   0.0000000000000000     
   0.0000000000000000     
   0.0000000000000000     
   0.0000000000000000     
   0.0000000000000000     
   0.0000000000000000     
   0.0000000000000000     
   0.0000000000000000     
   0.0000000000000000     
   0.0000000000000000     
   0.0000000000000000     
   0.0000000000000000     
   0.0000000000000000     
   0.0000000000000000     
   0.0000000000000000     
   0.0000000000000000     
   0.0000000000000000     
   0.0000000000000000     
   0.0000000000000000     
   0.0000000000000000     
   0.0000000000000000     
   0.0000000000000000     
   0.0000000000000000     
   0.0000000000000000     
   4.3047174457901717E-006
   5.4659945097629022E-005
   2.4236944312150659E-004
   1.3368608210529945E-003
   4.2815032446427096E-003
   1.2597456877248732E-002
   2.8844385420877621E-002
   6.3076025196513771E-002
  0.11872965530365118     
  0.20269788841674258     
  0.31967055140773226     
  0.46241377084114438     
  0.63135079872952582     
  0.81143103087018398     
   1.0092529454350021     
   1.2006344096705646     
   1.3813061795664880     
   1.5425498470971708     
   1.6838609417281389     
   1.8041585743861428     
   1.8942163511523522     
   1.9615797485515032     
   2.0066796694737064     
   2.0370082853361033     
   2.0466481608943066     
   2.0426034483597855     
   2.0262132530732173     
   2.0037184797389567     
   1.9734498762812391     
   1.9329925195366302     
   1.8934771800541654     
   1.8492076424317545     
   1.8011268437891605     
   1.7473862650764287     
   1.6924681897425653     
   1.6465272864364910     
   1.5970709979531565     
   1.5494753573719946     
   1.5081366405303054     
   1.4637687986695040     
   1.4230156062863810     
   1.3851227283709522     
   1.3485354937136211     
   1.3114520565622589     
   1.2748413777219205     
   1.2446075653241386     
   1.2142032665781926     
   1.1852820096939429     
   1.1546306643403477     
   1.1288279339945699     
   1.1031523425503531     
   1.0805531161488595     
   1.0597242910537199     
   1.0417714805967846     
   1.0216273848041273     
   1.0036133564307697     
  0.98696288581312686     
  0.97168823222156420     
  0.95389340679899526     
  0.94523789282191917     
  0.92988769533305426     
  0.91652970345154350     
  0.90626983532641803     
  0.89499366510728540     
  0.88436034044803835     
  0.87408863149430094     
  0.86862614191668164     
  0.86205143379795746     
  0.85315528098174043     
  0.85081164051093627     
  0.84386005262684693     
  0.83850358344234088     
  0.83419228780155330     
  0.83068084634452266     
  0.82970682181469479     
  0.82684693088452799     
  0.82140923489097306     
  0.81932439593449813     
  0.81677571065464416     
  0.81850859713953816     
  0.81867043553695362     
  0.82059663714590014     
  0.82064254803220160     
  0.82316395004733733     
  0.82516406620942762     
  0.82588834393473154     
  0.83059587279508207     
  0.83188562438118840     
  0.83682901262548592     
  0.84344449448732228     
  0.84715060538133469     
  0.85121868367086673     
  0.85433828430038750     
  0.86280575607206389     
  0.86798972526542950     
  0.87454176531110905     
  0.87952211179973427     
  0.88632543541394238     
  0.89564411737448490     
  0.90197823980290714     
  0.90838464306631750     
  0.91742260890112481     
  0.92745395267696440     
  0.93690580385189770     
  0.94571787657470774     
  0.95579013515567479     
  0.96397569637898572     
  0.97253200867823653     
  0.98342282924623758     
  0.98781300195573629     
  0.99689220388922062     
   1.0081703511126601     
   1.0154201262005798     
   1.0220990273809432     
   1.0316008929473968     
   1.0369953497083872     
   1.0454584712527202     
   1.0529284940250783     
   1.0572755409594832     
   1.0646750532020566     
   1.0708954937502273     
   1.0779374976935614     
   1.0809217529617743     
   1.0879697165876301     
   1.0930626262852139     
   1.0937937890615499     
   1.0967793107948620     
   1.0968238230495417     
   1.0978603560291977     
   1.0987511691780225     
   1.0982122097949290     
   1.0959581071755122     
   1.0940265728052143     
   1.0935616532056718     
   1.0927239716487531     
   1.0887486545233946     
   1.0855722311419267     
   1.0815441088248365     
   1.0777846587216302     
   1.0767564585569256     
   1.0702254562086611     
   1.0665185772075294     
   1.0651695086292279     
   1.0607788816226946     
   1.0548670634385997     
   1.0501802497135306     
   1.0463158819359650     
   1.0416633898381007     
   1.0372317361569874     
   1.0349375841520929     
   1.0313111042608023     
   1.0280180185988514     
   1.0245458022477028     
   1.0211979362248822     
   1.0165218854658244     
   1.0122391468982135     
   1.0095637143304024     
   1.0053156896379256     
   1.0031343841282947     
  0.99825253806323644     
  0.99615320700970411     
  0.99581228429166635     
  0.99135680279581306     
  0.98876260993814213     
  0.98564290926595755     
  0.98282625647621469     
  0.98026456026483044     
  0.97838353160766622     
  0.97594563307399562     
  0.97584070250361965     
  0.97328137979337492     
  0.97235090814168945     
  0.97016450450701452     
  0.96972240064317605     
  0.97015366442933071     
  0.96736856495935120     
  0.96693066050267573     
  0.96483502517725606     
  0.96576931145993228     
  0.96680862191628425     
  0.96434917903809225     
  0.96553239689734838     
  0.96739173805464684     
  0.96878397634472624     
  0.96822372874369167     
  0.96932688086533370     
  0.97000039926903014     
  0.96984336002300808     
  0.97205417331349586     
  0.97207581815422606     
  0.97175643414845470     
  0.97285530122011943     
  0.97628008248475129     
  0.97803533100135431     
  0.97612453600735538     
  0.97930336460121303     
  0.98004046989828852     
  0.98005080691303204     
  0.98254910537117535     
  0.98435299506285201     
  0.98648931345834745     
  0.98735510584436936     
  0.99066598615512558     
  0.99187364743995965     
  0.99358475165532800     
  0.99527132301551702     
  0.99682812140697563     
   1.0001093749121326     
   1.0000356804611763     
  0.99985270609256749     
   1.0021954792925405     
   1.0041067002878286     
   1.0049659430410918     
   1.0062837575546986     
   1.0069263125812453     
   1.0078699019515587     
   1.0093504953148567     
   1.0112505124516169     
   1.0117067225856604     
   1.0120088389644006     
   1.0131258542806298     
   1.0123583630577091     
   1.0141644134347738     
   1.0132656035474203     
   1.0145593756660412     
   1.0142937057380890     
   1.0137234751341850     
   1.0159778944563702     
   1.0165190033762395     
   1.0160571094682955     
   1.0157604530767206     
   1.0157367792478251     
   1.0155200666370603     
   1.0149081451374637     
   1.0164075851863255     
   1.0162897101533905     
   1.0146513903784056     
   1.0147569365014455     
   1.0140741779923990     
   1.0146307525324425     
   1.0136877235379171     
   1.0138537288362501     
   1.0130019242728940     
   1.0127608868075231     
   1.0122203136138059     
   1.0089045336505029     
   1.0087922953506343     
   1.0087293362880512     
   1.0074709167992446     
   1.0062691217356303     
   1.0066789308803907     
   1.0061935250031602     
   1.0050155776765655     
   1.0050071791057045     
   1.0023503353696273     
   1.0026967102735338     
   1.0008897278718827     
  0.99990898589906319     
   1.0018700963395226     
   1.0009027908951298     
   1.0002608036883665     
   1.0003085564859082     
   1.0005963833371749     
  0.99785674235897914     
  0.99620507006429726     
  0.99639032395085558     
  0.99863388322938351     
  0.99693626433300531     
  0.99686601257141183     
  0.99741618103711760     
  0.99648852990266490     
  0.99426529600999636     
  0.99527219661359578     
  0.99451519292417678     
  0.99580858767043767     
  0.99446302647686280     
  0.99468628640512080     
  0.99493278501064175     
  0.99458321173857278     
  0.99370204671289675     
  0.99484169937286437     
  0.99348201519571744     
  0.99361201119924836     
  0.99467013169800400     
  0.99431936739992288     
  0.99455216191697782     
  0.99421466749325904     
  0.99462605457441333     
  0.99477924060507705     
  0.99589986872789305     
  0.99650541950213412     
  0.99828586364744332     
  0.99706489493323391     
  0.99735372416882384     
  0.99788089883951114     
  0.99808156317516339     
  0.99781774742592644     
  0.99899996395005730     
  0.99805366208323321     
  0.99775881875593109     
  0.99985213939369566     
  0.99939014075372168     
  0.99962137511627147     
  0.99976834029086958     
   1.0015364371339857     
   1.0016943444464195     
   1.0006327441819136     
   1.0013330298477106     
   1.0003721745077525     
   1.0004641800958927     
   1.0005552356384106     
   1.0003745734183884     
   1.0005456760637135     
   1.0015657152235800     
   1.0015862554575286     
   1.0028317889780975     
   1.0025897331362821     
   1.0030719218500415     
   1.0041328760144648     
   1.0034390763034355     
   1.0023532509420932     
   1.0039412441150688     
   1.0048467423559815     
   1.0039569176088818     
   1.0039779035816030     
   1.0039177920058753     
   1.0025259349169906     
   1.0022852836414413     
   1.0020924419171342     
   1.0014829295672354     
   1.0016487019063260     
   1.0022826967352314     
   1.0025733950001765     
   1.0034301385040130     
   1.0030691434332781     
   1.0027761597303790     
   1.0018376989981361     
   1.0010525510738855     
   1.0019135151292811     
   1.0021178447569163     
   1.0031889314035567     
   1.0036985154504188     
   1.0025390538608829     
   1.0024052012720428     
   1.0030591719148920     
   1.0025056786699897     
   1.0017416746908205     
   1.0012589057098427     
   1.0012791081975660     
   1.0012526485221618     
   1.0010956717667083     
   1.0002288197973173     
   1.0014101002339795     
   1.0013662439985951     
   1.0014169147210625     
   1.0003801121154146     
   1.0008445373318793     
   1.0003355988804306     
   1.0005085851244337     
  0.99999382479407273     
   1.0016216184987952     
   1.0022922738675131     
   1.0006914473681441     
   1.0005235621308157     
  0.99994046013940496     
   1.0002173122472515     
  0.99992997207856094     
  0.99926761015988830     
  0.99862970140348639     
  0.99958489539746909     
   1.0003218932465361     
   1.0001431179474689     
   1.0010443756707477     
   1.0004522095355757     
   1.0004207848640083     
   1.0010653786904673     
   1.0002760921667013     
   1.0002352595919730     
  0.99996873877405545     
   1.0006652407346477     
   1.0005569801772767     
   1.0006490692261536     
   1.0014178783854863     
   1.0000580524817975     
   1.0003277745833876     
   1.0015068487508034     
   1.0005624956262400     
   1.0007465766286989     
   1.0003931184474188     
  0.99922993437453766     
   1.0005149931294504     
  0.99973990900426857     
   1.0004602790263719     
  0.99938626885943538     
  0.99895350243410108     
  0.99926053873447407     
   1.0004611100847745     
   1.0003678477930293     
   1.0006703702319497     
   1.0011084360339089     
   1.0006228936615631     
   1.0002067902615881     
   1.0011610501696433     
   1.0014434828400551     
   1.0008250508103225     
   1.0013817995946406     
   1.0006199027196940     
   1.0006259436595077     
  0.99989631143668045     
   1.0016673089084269     
   1.0013873163852334     
   1.0022183703524083     
   1.0010247890332198     
   1.0005671309245514     
   1.0018975721713936     
   1.0011047150193602     
   1.0011942532577427     
   1.0015142872185245     
   1.0009149126726715     
   1.0007582069718439     
   1.0014171561320493     
   1.0014262683571002     
   1.0016189607254389     
   1.0008619603895661     
   1.0006694634194238     
   1.0010638553037374     
   1.0014682382423858     
   1.0016389484676309     
   1.0005633032836330     
   1.0005238999169304     
   1.0009427468541479     
   1.0011045667438898     
   1.0016403821702586     
   1.0011911992019720     
   1.0010009858392928     
   1.0009627820620433     
   1.0003377363071706     
   1.0005001182684525     
   1.0006523537820604     
   1.0008893277701161     
   1.0004229355452685     
   1.0011380112064894     
  0.99964785934003764     
  0.99996542521885334     
  0.99980431249559099     
   1.0007184454461782     
   1.0014328102584755     
   1.0010667913264122     
   1.0004183081557161     
   1.0001402185512229     
   1.0012064620283314     
   1.0003522156941822     
   1.0011264121277568     
   1.0003245251498827     
  0.99977225726289765     
  0.99964035674931506     
   1.0003333436232942     
   1.0002971913967322     
   1.0004027051116693     
   1.0014345553826278     
   1.0004070461699428     
   1.0002635874461034     
  0.99993015816138142     
   1.0009527735215180     
   1.0014422894363404     
   1.0018508684093259     
   1.0006197755957815     
  0.99978109650125280     
   1.0003768847197643     
   1.0017644696567227     
   1.0007797336991853     
   1.0019514837484640     
   1.0019741342949813     
   1.0012471871843860     
   1.0015797983628933     
   1.0019162048749066     
   1.0012658495334654     
   1.0024686056082475     
   1.0017224606826363     
   1.0024438288932207     
   1.0019200316566641     
