 TEMP->  0.50000000000000000     
 DENSITY->   1.0000000000000000     
 N->         864
 CUTOFF->   3.2999999523162842     
 NUM_STEPS->       10000
   0.0000000000000000     
   0.0000000000000000     
   0.0000000000000000     
   0.0000000000000000     
   0.0000000000000000     
   0.0000000000000000     
   0.0000000000000000     
   0.0000000000000000     
   0.0000000000000000     
   0.0000000000000000     
   0.0000000000000000     
   0.0000000000000000     
   0.0000000000000000     
   0.0000000000000000     
   0.0000000000000000     
   0.0000000000000000     
   0.0000000000000000     
   0.0000000000000000     
   0.0000000000000000     
   0.0000000000000000     
   0.0000000000000000     
   0.0000000000000000     
   0.0000000000000000     
   0.0000000000000000     
   0.0000000000000000     
   0.0000000000000000     
   0.0000000000000000     
   0.0000000000000000     
   0.0000000000000000     
   0.0000000000000000     
   0.0000000000000000     
   0.0000000000000000     
   0.0000000000000000     
   0.0000000000000000     
   0.0000000000000000     
   0.0000000000000000     
   0.0000000000000000     
   0.0000000000000000     
   0.0000000000000000     
   0.0000000000000000     
   0.0000000000000000     
   0.0000000000000000     
   0.0000000000000000     
   0.0000000000000000     
   0.0000000000000000     
   0.0000000000000000     
   0.0000000000000000     
   0.0000000000000000     
   0.0000000000000000     
   0.0000000000000000     
   0.0000000000000000     
   0.0000000000000000     
   0.0000000000000000     
   0.0000000000000000     
   0.0000000000000000     
   0.0000000000000000     
   0.0000000000000000     
   0.0000000000000000     
   0.0000000000000000     
   0.0000000000000000     
   0.0000000000000000     
   0.0000000000000000     
   0.0000000000000000     
   0.0000000000000000     
   0.0000000000000000     
   0.0000000000000000     
   0.0000000000000000     
   0.0000000000000000     
   0.0000000000000000     
   0.0000000000000000     
   0.0000000000000000     
   0.0000000000000000     
   0.0000000000000000     
   0.0000000000000000     
   0.0000000000000000     
   0.0000000000000000     
   0.0000000000000000     
   0.0000000000000000     
   0.0000000000000000     
   0.0000000000000000     
   0.0000000000000000     
   0.0000000000000000     
   0.0000000000000000     
   0.0000000000000000     
   0.0000000000000000     
   0.0000000000000000     
   0.0000000000000000     
   0.0000000000000000     
   0.0000000000000000     
   0.0000000000000000     
   6.7551256597308047E-006
   4.6257956408644211E-005
   1.4010035220841154E-004
   9.2397500854506434E-004
   4.3223004017110076E-003
   1.5171815027489396E-002
   4.4626517695813106E-002
  0.11224991989005416     
  0.23700339526380682     
  0.45317693354423838     
  0.76694412760680619     
   1.1872461204462972     
   1.7081350402647546     
   2.2884366749882270     
   2.8864635781380059     
   3.4713979751260253     
   3.9732633005423938     
   4.3825841463586714     
   4.6586648793497671     
   4.8140668271639644     
   4.8392308314548718     
   4.7395590631976239     
   4.5452300271068227     
   4.2753688436713642     
   3.9347183732776796     
   3.5620218875087311     
   3.1685917724206853     
   2.7805243917145237     
   2.3966260916830597     
   2.0474727565007069     
   1.7239151674423758     
   1.4376289878752253     
   1.1785304853144378     
  0.95948991175411380     
  0.77171977642104705     
  0.60980529638173209     
  0.48242705873860597     
  0.37415379303709695     
  0.28678571156923843     
  0.21995205452324187     
  0.16807256148048541     
  0.12662786117827493     
   9.7763774483698634E-002
   7.6928433143266167E-002
   6.2459495345424526E-002
   5.4733790242958658E-002
   5.2457007754448538E-002
   5.4568489019909003E-002
   6.2630259466125313E-002
   7.4359575150870605E-002
   9.1097371027956286E-002
  0.11218270713158029     
  0.14075131515892819     
  0.17494932846940478     
  0.21623493352578119     
  0.26243249719364042     
  0.31483115189944888     
  0.37226399906030411     
  0.43592237595194816     
  0.50593131159013793     
  0.57692790908265901     
  0.64717235902205827     
  0.71397014634188560     
  0.77912672367871372     
  0.83741200123328408     
  0.88494488093041046     
  0.92197215771909047     
  0.94194197189304119     
  0.94660644040424180     
  0.93882698410666565     
  0.91714403877651363     
  0.87867401883140983     
  0.82977012487722901     
  0.77145602519062317     
  0.70362881349227202     
  0.63520621076875261     
  0.56414274017657173     
  0.49552789668984648     
  0.42942616961311192     
  0.36804066555462445     
  0.31771766782012023     
  0.27437811515807209     
  0.24161332253596304     
  0.21960028752359442     
  0.21189718065020896     
  0.22125018428804624     
  0.24525748500021446     
  0.28891622690207791     
  0.35371923851403109     
  0.44120702545803958     
  0.55120210581070284     
  0.68852469672183159     
  0.84483428730762222     
   1.0242056468829845     
   1.2268541813240836     
   1.4339047223300043     
   1.6507334798834452     
   1.8659428967536675     
   2.0714390696049083     
   2.2518086602577343     
   2.4051131311691032     
   2.5295783719240847     
   2.6096880932329749     
   2.6443186213509433     
   2.6354698698119203     
   2.5777246496595412     
   2.4845886151819214     
   2.3483301462007455     
   2.1882805441321032     
   2.0069191136671503     
   1.8137915335996708     
   1.6163448205461375     
   1.4142455764941779     
   1.2276144177208055     
   1.0500677208028670     
  0.89591615152577209     
  0.76424103134996957     
  0.65517019449849168     
  0.57428355930207198     
  0.51588721066293786     
  0.48414098547612539     
  0.47626141372197001     
  0.48726806467628520     
  0.51725350157883276     
  0.56367691515911400     
  0.61954292154832935     
  0.68320071773110869     
  0.74768914381630092     
  0.80787154397789651     
  0.86722418726579309     
  0.91750653267715243     
  0.95615983499842838     
  0.97963568072637897     
  0.98976474362932387     
  0.98445072653263366     
  0.96566301111085828     
  0.93642639956081442     
  0.89805530217636476     
  0.84994505058943737     
  0.79678757501214337     
  0.74764326284638516     
  0.70105397887826904     
  0.65926462982749123     
  0.62569940374375888     
  0.60546178376423754     
  0.59757312461473089     
  0.60570929762101311     
  0.62765977354531155     
  0.66790801488297791     
  0.72404848781506304     
  0.79467987058428580     
  0.87246785060459875     
  0.95945543983469583     
   1.0518960120920691     
   1.1439530484271825     
   1.2328773862168187     
   1.3133772296582209     
   1.3800328413466980     
   1.4349523130176201     
   1.4676226971899728     
   1.4841161173799240     
   1.4754227909834186     
   1.4498489600468834     
   1.4050733182531712     
   1.3409751696301624     
   1.2645930391134070     
   1.1754702949484155     
   1.0824077064936539     
  0.98567593407839915     
  0.89493811280481739     
  0.80629127204636608     
  0.72566050706631602     
  0.65534740002801617     
  0.59647081575453165     
  0.54900243899936496     
  0.51418671437439922     
  0.48973091310280287     
  0.47391274013414925     
  0.46668277883067927     
  0.46323349876718556     
  0.46677599116987273     
  0.47301516483068690     
  0.47977745160884377     
  0.48637881674703598     
  0.49332960179686142     
  0.50151706108534300     
  0.51153911255271134     
  0.52233961571145315     
  0.54029447963418953     
  0.56501561953608803     
  0.60113739050360282     
  0.64800877540117829     
  0.70818997011138363     
  0.78359724443594425     
  0.87708315425207639     
  0.98504440848133967     
   1.1056313879892390     
   1.2430703771020233     
   1.3835451093073428     
   1.5267862164729993     
   1.6687631392618547     
   1.8022922140469004     
   1.9250575974434228     
   2.0281357881353816     
   2.1024478597085348     
   2.1498608916764081     
   2.1659007901142791     
   2.1526029277525880     
   2.1065391858494387     
   2.0352608589264465     
   1.9378803628363233     
   1.8208910744619069     
   1.6877429984009733     
   1.5469780114907297     
   1.4034446318683835     
   1.2599638964626534     
   1.1218907162121035     
  0.99104334627489221     
  0.87117770992337251     
  0.76574339342088593     
  0.67546757657448842     
  0.59983377565180473     
  0.53686705157041203     
  0.48692255539041235     
  0.44956923960043182     
  0.42379975347553928     
  0.40677305625836335     
  0.39938314922331186     
  0.40111418349262495     
  0.41141654662259652     
  0.43050587601286577     
  0.45603164211229530     
  0.49230592449014843     
  0.53746784743117915     
  0.59030306506271779     
  0.64995970417159576     
  0.71779222686361088     
  0.78917135038124198     
  0.86397632870454966     
  0.94033392764991786     
   1.0140689833932715     
   1.0865478106159243     
   1.1505098880914235     
   1.2059195857427993     
   1.2497613946557116     
   1.2821478342591286     
   1.2997612545734503     
   1.3047535728490673     
   1.2969165454235880     
   1.2787195627422083     
   1.2512973216502081     
   1.2194476987395884     
   1.1823693083170572     
   1.1419453728188971     
   1.1020370132543855     
   1.0690250535549894     
   1.0369700317685933     
   1.0083834056211101     
  0.98583923132280171     
  0.96801889495816951     
  0.95298233377314678     
  0.94179319738848755     
  0.93310996335045793     
  0.92300474029735557     
  0.91341969983777771     
  0.90234621276791305     
  0.88914820174234988     
  0.87596304572643768     
  0.86339338655414621     
  0.85136408066177016     
  0.83987595128956327     
  0.83086523322742378     
  0.82472249804496789     
  0.81919995852049998     
  0.81806910265025878     
  0.81975413540542930     
  0.82459611159648738     
  0.82957978326124415     
  0.83312709121836837     
  0.83904784907701679     
  0.84147601548635353     
  0.84207358503573548     
  0.84080716587990401     
  0.83681416047219614     
  0.83145108364913178     
  0.82500325743957992     
  0.81804071007812829     
  0.81152487509085958     
  0.80470169826367388     
  0.80243523034253783     
  0.80369597275802052     
  0.80848817281485763     
  0.81800625193835075     
  0.83113890931990253     
  0.84854283365800964     
  0.87098006869676514     
  0.89762719630724574     
  0.92983260340430363     
  0.96722370211262709     
   1.0082645964554429     
   1.0561857835137272     
   1.1095853183132924     
   1.1693941523494598     
   1.2340301477007682     
   1.3033341327934529     
   1.3764982620802826     
   1.4522981027469715     
   1.5255835951035475     
   1.5972058620663119     
   1.6591604241445927     
   1.7138496689821272     
   1.7531430396024841     
   1.7769413629098931     
   1.7854341228824360     
   1.7725536647886784     
   1.7413190907871079     
   1.6898969987155974     
   1.6197480695819775     
   1.5336862103892634     
   1.4349265173557102     
   1.3265757979729600     
   1.2115125131663709     
   1.0976977256736988     
  0.98424695310932075     
  0.87838093513206739     
  0.78135451125091737     
  0.69726471249866462     
  0.62628108529521265     
  0.57109577339219508     
  0.53284639010719137     
  0.50998846057012703     
  0.50458200504051209     
  0.51438734146559395     
  0.53547830035735589     
  0.57089229110412731     
  0.61584820628847092     
  0.66786871768624723     
  0.72427100901362484     
  0.78168038166720943     
  0.83722491837976210     
  0.88871245327304860     
  0.93351758937636864     
  0.97137545701778627     
  0.99991734320849068     
   1.0166899850056952     
   1.0225616484254967     
   1.0169993798871035     
   1.0003865293670311     
  0.97678700799950957     
  0.94563190460532442     
  0.90893063157293408     
  0.86923818465093017     
  0.82936232683368782     
  0.79067893922522625     
  0.75513580570356198     
  0.72432502985997238     
  0.70048800330090166     
  0.68392926070327476     
  0.67533549326290421     
  0.67553801821920978     
  0.68420743051920274     
  0.70037921621927690     
  0.72399419290131040     
  0.75466881350436255     
  0.78922717414858368     
  0.82718236758406738     
  0.86670382019897851     
  0.90790790618582728     
  0.94659589783775988     
  0.98180449535587244     
   1.0141454298739978     
   1.0401839196125775     
   1.0607984834334399     
   1.0741042068922282     
   1.0823516943738503     
   1.0855178735077975     
   1.0825230023053967     
   1.0783477744772942     
   1.0699162234287427     
   1.0624487940641758     
   1.0569085608318642     
   1.0519556334763140     
   1.0506102624264089     
   1.0533959643552691     
   1.0617958322457988     
   1.0737381339243108     
   1.0299977478063564     
