 TEMP->   3.0000000000000000     
 DENSITY->  0.60000002384185791     
 N->         864
 CUTOFF->   3.2999999523162842     
 NUM_STEPS->       10000
   0.0000000000000000     
   0.0000000000000000     
   0.0000000000000000     
   0.0000000000000000     
   0.0000000000000000     
   0.0000000000000000     
   0.0000000000000000     
   0.0000000000000000     
   0.0000000000000000     
   0.0000000000000000     
   0.0000000000000000     
   0.0000000000000000     
   0.0000000000000000     
   0.0000000000000000     
   0.0000000000000000     
   0.0000000000000000     
   0.0000000000000000     
   0.0000000000000000     
   0.0000000000000000     
   0.0000000000000000     
   0.0000000000000000     
   0.0000000000000000     
   0.0000000000000000     
   0.0000000000000000     
   0.0000000000000000     
   0.0000000000000000     
   0.0000000000000000     
   0.0000000000000000     
   0.0000000000000000     
   0.0000000000000000     
   0.0000000000000000     
   0.0000000000000000     
   0.0000000000000000     
   0.0000000000000000     
   0.0000000000000000     
   0.0000000000000000     
   0.0000000000000000     
   0.0000000000000000     
   0.0000000000000000     
   0.0000000000000000     
   0.0000000000000000     
   0.0000000000000000     
   0.0000000000000000     
   0.0000000000000000     
   0.0000000000000000     
   0.0000000000000000     
   0.0000000000000000     
   0.0000000000000000     
   0.0000000000000000     
   0.0000000000000000     
   0.0000000000000000     
   0.0000000000000000     
   0.0000000000000000     
   0.0000000000000000     
   0.0000000000000000     
   0.0000000000000000     
   0.0000000000000000     
   0.0000000000000000     
   0.0000000000000000     
   0.0000000000000000     
   0.0000000000000000     
   0.0000000000000000     
   0.0000000000000000     
   0.0000000000000000     
   0.0000000000000000     
   0.0000000000000000     
   0.0000000000000000     
   0.0000000000000000     
   0.0000000000000000     
   0.0000000000000000     
   0.0000000000000000     
   0.0000000000000000     
   0.0000000000000000     
   0.0000000000000000     
   0.0000000000000000     
   0.0000000000000000     
   0.0000000000000000     
   0.0000000000000000     
   0.0000000000000000     
   4.8632188192402618E-006
   4.7431439747391328E-006
   4.6274618905195171E-005
   3.5676090955253742E-004
   1.3225325573080397E-003
   4.0851768560548722E-003
   1.1655182139279048E-002
   2.8324361191911659E-002
   5.7396694169953931E-002
  0.10551099563287250     
  0.17500987228584750     
  0.26980346097621061     
  0.38934145556809746     
  0.52457880562408310     
  0.66985372748446936     
  0.82819994651512818     
  0.98135871036115108     
   1.1289415343129978     
   1.2648655158146285     
   1.3818829821322567     
   1.4916451764644387     
   1.5814614327531689     
   1.6467545375863772     
   1.6988895894053988     
   1.7399663863226822     
   1.7654964545563028     
   1.7829819274656356     
   1.7846059270139414     
   1.7776079948768841     
   1.7709840365330007     
   1.7517485134201076     
   1.7304742938117759     
   1.7017245250152664     
   1.6689832317376279     
   1.6422062827999788     
   1.6118789779377460     
   1.5740128201891457     
   1.5448628191062370     
   1.5115350031913499     
   1.4804075923516142     
   1.4461693148123218     
   1.4145524084634702     
   1.3815628840855345     
   1.3522678614034884     
   1.3272008387653325     
   1.3008181395373313     
   1.2737286282284519     
   1.2438531302050189     
   1.2229112837281444     
   1.1991044852361543     
   1.1770610167223681     
   1.1544344139477192     
   1.1343072223058488     
   1.1177474292289711     
   1.0960358493404911     
   1.0776933470696566     
   1.0602480469485274     
   1.0443561178892715     
   1.0311114646193549     
   1.0138671834414625     
   1.0009835493467940     
  0.99145033347439337     
  0.97701206342526548     
  0.96948864596535778     
  0.95686852202076955     
  0.94782608888838549     
  0.93440095028892178     
  0.92806830495642423     
  0.91800923703125470     
  0.91314262198523133     
  0.90391739390727444     
  0.89809510816861526     
  0.89389936140459536     
  0.88987088035228312     
  0.88429272359425626     
  0.87943551457351088     
  0.87686693282221562     
  0.87316251590328930     
  0.87204234772328104     
  0.87113166144876020     
  0.86903344261318671     
  0.86496289479767230     
  0.86506966334274438     
  0.86400832400357408     
  0.86609079792820121     
  0.86720021694196292     
  0.87101388769214183     
  0.86886828938635663     
  0.86964335219127864     
  0.87039407722487827     
  0.87160686876808968     
  0.87634006592128544     
  0.88014940786441498     
  0.88256086794320876     
  0.88572326874784468     
  0.88676991164763486     
  0.88854557952389102     
  0.89550677962649083     
  0.90268927667203491     
  0.90899232845832578     
  0.91399745983804992     
  0.91927203983430139     
  0.92447784045527315     
  0.93106689080483396     
  0.93796988456826369     
  0.94354203581138607     
  0.95005907490086428     
  0.95941086766659012     
  0.96650226982720644     
  0.97175034053606324     
  0.97708317397418143     
  0.98233123362282393     
  0.98866970278820543     
  0.99568559844836158     
   1.0019761812139529     
   1.0090771397767266     
   1.0134298248778673     
   1.0203133623105951     
   1.0253550257689759     
   1.0304424797417469     
   1.0360516290236403     
   1.0393386830182338     
   1.0422696373584741     
   1.0484839191143140     
   1.0489000332427709     
   1.0542307137041258     
   1.0554626041467892     
   1.0559631495060233     
   1.0566713170860758     
   1.0590863723622483     
   1.0593910851987181     
   1.0591823140766572     
   1.0599724885401338     
   1.0602339687681421     
   1.0602565940677140     
   1.0591337832237082     
   1.0569900106542707     
   1.0562622410479272     
   1.0578376533289255     
   1.0563547130128184     
   1.0537824236162150     
   1.0518643835652561     
   1.0471218960421809     
   1.0438946756195244     
   1.0423808345580565     
   1.0379111594446881     
   1.0353872595541287     
   1.0358612275274051     
   1.0324801294752828     
   1.0312694790750598     
   1.0295055445674128     
   1.0270321710714914     
   1.0247121395847991     
   1.0239052953727423     
   1.0202074369337071     
   1.0178605496193018     
   1.0156324796881362     
   1.0107431182982740     
   1.0094424286996042     
   1.0075492467443261     
   1.0054343282429861     
   1.0025911128728056     
   1.0014136631947068     
  0.99870520706663402     
  0.99889068132836434     
  0.99772500156518396     
  0.99450162986485180     
  0.99420930714757483     
  0.99262074585030735     
  0.99223253068038952     
  0.99049930567449729     
  0.98965307194109819     
  0.98902706170711197     
  0.98783754371642518     
  0.98567985167888073     
  0.98396351301486551     
  0.98576758378802853     
  0.98509928335215136     
  0.98324205480427351     
  0.98322761649967383     
  0.98215081879161703     
  0.98252228367214978     
  0.98111490284854475     
  0.98219971902838943     
  0.98305745051734850     
  0.98324852760842552     
  0.98201263064123989     
  0.98025169090079778     
  0.98181599693667643     
  0.98236756853946972     
  0.98426947316581426     
  0.98526706875521508     
  0.98463583368082230     
  0.98557555314450107     
  0.98611568423722507     
  0.98728507448875868     
  0.98663941647758580     
  0.98577221481448385     
  0.98721449815722473     
  0.98711748280185274     
  0.98887768479649152     
  0.99030021735523133     
  0.99016215315691525     
  0.99225700094149105     
  0.99293319431249760     
  0.99266778541435519     
  0.99335273372302690     
  0.99394665576812125     
  0.99499245812362469     
  0.99616645142155369     
  0.99591092148046112     
  0.99696980364101062     
  0.99765252499492174     
  0.99903299166112036     
   1.0003815044053128     
   1.0022227677002546     
   1.0031524273333834     
   1.0032338760901336     
   1.0056895555157686     
   1.0039265358750111     
   1.0047643671901560     
   1.0050337456450618     
   1.0058830401582983     
   1.0054701059658302     
   1.0054501999877177     
   1.0054847803080069     
   1.0067718823770544     
   1.0060174370457333     
   1.0064191220865926     
   1.0066788469397481     
   1.0078546940674669     
   1.0078841118598028     
   1.0073057236668848     
   1.0076517091267991     
   1.0079293181025737     
   1.0085214379604719     
   1.0075097608992556     
   1.0074584840886345     
   1.0069436104473259     
   1.0051621320939319     
   1.0065736903444986     
   1.0072302406677316     
   1.0080289563486857     
   1.0077085049361241     
   1.0083501914461264     
   1.0085296231180676     
   1.0087960281520769     
   1.0070966121823790     
   1.0071348832167872     
   1.0057028096831460     
   1.0059398602012901     
   1.0066607342906446     
   1.0049564757025693     
   1.0036506551507356     
   1.0034265403238773     
   1.0039533125155993     
   1.0040534801981473     
   1.0043934170197086     
   1.0034982192822799     
   1.0024554896097209     
   1.0017417554382266     
   1.0029140972324475     
   1.0023208076504941     
   1.0026158095080930     
   1.0015532546889767     
   1.0006412570375331     
   1.0009988897154032     
  0.99992180528049213     
  0.99941577261452785     
  0.99972005510715856     
   1.0000900508346571     
  0.99995617414823035     
  0.99988201368413088     
   1.0001166478242269     
  0.99955364601930730     
  0.99909651435777014     
  0.99865812903891893     
  0.99750008243302291     
  0.99864208640566099     
  0.99789569471644790     
  0.99755310643522532     
  0.99683449695147119     
  0.99718484651828754     
  0.99637540233440447     
  0.99613130960326512     
  0.99734671967548794     
  0.99684996064435483     
  0.99644239089348030     
  0.99679463643480382     
  0.99773772544705930     
  0.99674220543513692     
  0.99571601223013495     
  0.99600084566517688     
  0.99669269763505597     
  0.99779582244174003     
  0.99855606719475309     
  0.99818471591148938     
  0.99724551795708261     
  0.99817937435936310     
  0.99864061650907510     
  0.99910128250817898     
  0.99874613265789070     
  0.99878729775825736     
  0.99875681681182815     
  0.99936533163957897     
   1.0004099490815554     
  0.99988280501694826     
  0.99979009758610093     
  0.99951656113913256     
  0.99961442557575442     
  0.99938853418477824     
   1.0004086034534314     
   1.0005266705302032     
   1.0011674471458105     
   1.0010944293270090     
   1.0004470063976894     
   1.0012203143606697     
   1.0012207763051844     
   1.0004452296076269     
   1.0013226353551243     
   1.0023784417553998     
   1.0027263620317066     
   1.0024981897398784     
   1.0020688494824173     
   1.0017469826888132     
   1.0010589351851225     
   1.0015145336892644     
   1.0020134336279607     
   1.0026342039020957     
   1.0017946598045668     
   1.0023326581677219     
   1.0023774589541561     
   1.0018616219059802     
   1.0022273788282410     
   1.0023272894689950     
   1.0027233508854470     
   1.0041307452392454     
   1.0026736819650837     
   1.0041949149974858     
   1.0029268162030409     
   1.0040497824508197     
   1.0040331786613268     
   1.0033372774912919     
   1.0027930549978052     
   1.0032074564684146     
   1.0025550932402556     
   1.0018926803149140     
   1.0027942046668838     
   1.0021408153222167     
   1.0027822917015088     
   1.0027566110488741     
   1.0030571856251873     
   1.0027745121972937     
   1.0028071037579638     
   1.0020606400622110     
   1.0019683282034615     
   1.0018139502464147     
   1.0001187295934075     
   1.0005442151045447     
   1.0004883327456902     
   1.0010428706289374     
   1.0003796214862821     
   1.0008094491464758     
   1.0011209460467929     
   1.0015874486692076     
   1.0019053707865158     
   1.0016511189277013     
   1.0009839181409919     
   1.0015497771375936     
   1.0002975618132899     
  0.99990941260498722     
  0.99933825801855758     
   1.0000699083600202     
  0.99856305083295882     
  0.99917270511650480     
  0.99827059614048419     
  0.99879709012104878     
  0.99918210720404477     
  0.99945641528178919     
   1.0002583446895610     
  0.99971123929818695     
  0.99871026733770529     
  0.99864792727011709     
  0.99980047466542277     
   1.0003941168330144     
  0.99982189725486503     
  0.99894549247318454     
  0.99936694621427224     
   1.0001818116865480     
  0.99934612407507328     
  0.99977556370011522     
   1.0003558901902858     
   1.0008103142130209     
   1.0000414970176590     
   1.0001203591942318     
   1.0006329435183723     
   1.0011376754967354     
   1.0006018792511855     
   1.0013404260578824     
   1.0011442267387216     
   1.0007087422200538     
   1.0003531428102241     
   1.0001776009816945     
   1.0000564437237407     
  0.99987974011107428     
   1.0009617649528100     
   1.0001234642762467     
   1.0007528842310185     
   1.0006833937149910     
  0.99941413315244843     
   1.0002734764092449     
   1.0009700808990369     
   1.0004913276564305     
   1.0014036473442882     
   1.0013329863261711     
   1.0013085042639052     
   1.0012022005223788     
   1.0015623126935576     
   1.0015961343656308     
   1.0017052372535233     
   1.0015054628189664     
   1.0015294737810114     
   1.0016413883839892     
   1.0018278631068380     
   1.0015351364891381     
   1.0012482079816352     
   1.0020761746108007     
   1.0020911385682831     
   1.0021797124923886     
   1.0015514867218775     
   1.0009795510117832     
   1.0010017796866468     
   1.0006714943091972     
   1.0011404595253637     
   1.0020178279308234     
   1.0024312215555149     
   1.0019043879478777     
   1.0019483578165942     
   1.0012442240381696     
   1.0018271350724279     
   1.0014426021473637     
   1.0016859002193728     
   1.0019505973761180     
   1.0015919988944462     
   1.0014614384035609     
   1.0007946589309640     
   1.0017133440404773     
   1.0012014279951926     
   1.0006654232967040     
   1.0009781564838305     
   1.0014845341096195     
   1.0005453189474314     
   1.0010356729045784     
   1.0014756163433240     
   1.0005804995390670     
   1.0011213601525581     
   1.0007512701405274     
   1.0014044856228741     
   1.0003572932941946     
   1.0011250754158294     
   1.0011416052443625     
   1.0005475559435730     
   1.0011308574717914     
   1.0017477622276567     
   1.0012555824236662     
   1.0004616814175091     
  0.99986663457918656     
  0.99983146289060687     
  0.99968128774464260     
   1.0008920253695566     
   1.0001407272623299     
   1.0001326331095461     
   1.0009272866663930     
   1.0006230758301018     
   1.0007962026505171     
   1.0011162213103495     
   1.0011805254234725     
   1.0009952378212228     
   1.0005929069186608     
   1.0006778634968545     
   1.0010181785174106     
   1.0002864928038651     
   1.0010196168206236     
   1.0011002576138144     
   1.0003850140116139     
   1.0004105884877770     
