 TEMP->   1.5000000000000000     
 DENSITY->   1.2000000476837158     
 N->         864
 CUTOFF->   3.2999999523162842     
 NUM_STEPS->       10000
   0.0000000000000000     
   0.0000000000000000     
   0.0000000000000000     
   0.0000000000000000     
   0.0000000000000000     
   0.0000000000000000     
   0.0000000000000000     
   0.0000000000000000     
   0.0000000000000000     
   0.0000000000000000     
   0.0000000000000000     
   0.0000000000000000     
   0.0000000000000000     
   0.0000000000000000     
   0.0000000000000000     
   0.0000000000000000     
   0.0000000000000000     
   0.0000000000000000     
   0.0000000000000000     
   0.0000000000000000     
   0.0000000000000000     
   0.0000000000000000     
   0.0000000000000000     
   0.0000000000000000     
   0.0000000000000000     
   0.0000000000000000     
   0.0000000000000000     
   0.0000000000000000     
   0.0000000000000000     
   0.0000000000000000     
   0.0000000000000000     
   0.0000000000000000     
   0.0000000000000000     
   0.0000000000000000     
   0.0000000000000000     
   0.0000000000000000     
   0.0000000000000000     
   0.0000000000000000     
   0.0000000000000000     
   0.0000000000000000     
   0.0000000000000000     
   0.0000000000000000     
   0.0000000000000000     
   0.0000000000000000     
   0.0000000000000000     
   0.0000000000000000     
   0.0000000000000000     
   0.0000000000000000     
   0.0000000000000000     
   0.0000000000000000     
   0.0000000000000000     
   0.0000000000000000     
   0.0000000000000000     
   0.0000000000000000     
   0.0000000000000000     
   0.0000000000000000     
   0.0000000000000000     
   0.0000000000000000     
   0.0000000000000000     
   0.0000000000000000     
   0.0000000000000000     
   0.0000000000000000     
   0.0000000000000000     
   0.0000000000000000     
   0.0000000000000000     
   0.0000000000000000     
   0.0000000000000000     
   0.0000000000000000     
   0.0000000000000000     
   0.0000000000000000     
   0.0000000000000000     
   0.0000000000000000     
   0.0000000000000000     
   0.0000000000000000     
   0.0000000000000000     
   0.0000000000000000     
   0.0000000000000000     
   0.0000000000000000     
   0.0000000000000000     
   0.0000000000000000     
   0.0000000000000000     
   0.0000000000000000     
   0.0000000000000000     
   2.2042209288467336E-006
   2.1523587228950860E-005
   1.1562680693729219E-004
   7.4148617768528735E-004
   3.3120425746808427E-003
   1.2295095935348868E-002
   3.6203778750180264E-002
   9.1516937662441039E-002
  0.19905238403642284     
  0.37919236513448479     
  0.64959694742284002     
   1.0152999946920109     
   1.4728469054417468     
   1.9931817231834068     
   2.5401762754548471     
   3.0750048515595449     
   3.5535235505711182     
   3.9535927185206452     
   4.2481737520637557     
   4.4226366991815897     
   4.4816502605624535     
   4.4279016760517109     
   4.2832230105223683     
   4.0482998841517501     
   3.7695175257524589     
   3.4405848759742286     
   3.0854730063778693     
   2.7339522802968466     
   2.3904247191694612     
   2.0624805296827970     
   1.7509018741186053     
   1.4708876292704622     
   1.2204902693189652     
  0.99928973924151787     
  0.81212388445145911     
  0.65147985386880358     
  0.52026003950348276     
  0.40831450988669266     
  0.31937620779230125     
  0.25019132740390565     
  0.19437376272956491     
  0.15281375917025508     
  0.12318024032593473     
  0.10342041281456266     
   9.1883646464650207E-002
   8.7341183481815729E-002
   9.0377003441352716E-002
   9.8814611713926914E-002
  0.11462306086577331     
  0.13542731889627660     
  0.16221251237332251     
  0.19446040858672378     
  0.23280852509512537     
  0.27761031052018753     
  0.32787718503829355     
  0.38260132155060489     
  0.44289742007061883     
  0.50495308435152597     
  0.56733419503283422     
  0.62922241487918762     
  0.68609218966642516     
  0.73717508880922156     
  0.78434723090555225     
  0.82088115823656427     
  0.84713226692090782     
  0.86075956649508367     
  0.85989968468951317     
  0.84994138430372956     
  0.82449399314149618     
  0.78999995643453458     
  0.74718282261414937     
  0.69590537879611092     
  0.63860231361202047     
  0.57830059051077887     
  0.51996652229814089     
  0.46183166028501943     
  0.40804639781192953     
  0.36474907497366238     
  0.33036749427054513     
  0.30627517755492750     
  0.29716138184826607     
  0.30275257275132866     
  0.32536060280894891     
  0.36801010451346655     
  0.43298993234452759     
  0.52046556907262276     
  0.62997183021829106     
  0.76129813588707751     
  0.91087022986026689     
   1.0802135272481574     
   1.2625323593324871     
   1.4554805749302586     
   1.6483495935264738     
   1.8322077078056520     
   2.0043815363093151     
   2.1569043957591196     
   2.2786321820188946     
   2.3651825118642700     
   2.4161361081962913     
   2.4298731502460158     
   2.4006867038527204     
   2.3340116817492524     
   2.2319936803409139     
   2.1072617559680227     
   1.9565850159577352     
   1.7914645691486877     
   1.6171346994917262     
   1.4432612862823739     
   1.2751083252806799     
   1.1172723154054345     
  0.97442271050089402     
  0.85225245682688777     
  0.75256555552975735     
  0.67588709360146337     
  0.62396969689576409     
  0.59368559778124519     
  0.58409823271464889     
  0.59228333556426072     
  0.61828219706988452     
  0.65535585579451261     
  0.69982112281315645     
  0.74656766709530631     
  0.79393895216155508     
  0.83822373361315927     
  0.87461940020797335     
  0.90407881701991544     
  0.92147353418928635     
  0.92583818343750313     
  0.92185505280832658     
  0.90587681669347986     
  0.88069616125772854     
  0.84883029492209017     
  0.81312585310999941     
  0.77639574836932690     
  0.74155920787399854     
  0.71199530631408647     
  0.69011575948376547     
  0.67748538021853932     
  0.67710174655438071     
  0.68901902523065828     
  0.71383752801611289     
  0.75037325697134083     
  0.80120453224690158     
  0.86065770349810100     
  0.92935605830385948     
   1.0013246537334066     
   1.0753884155948761     
   1.1476524102198391     
   1.2145866747928402     
   1.2715771148999360     
   1.3174633750175928     
   1.3486665557500330     
   1.3624361594804981     
   1.3617100305022023     
   1.3417492602198604     
   1.3063616217278455     
   1.2562220910996631     
   1.1956993853883218     
   1.1253427924746899     
   1.0478618072208146     
  0.96702706318510934     
  0.88886293226584789     
  0.81305223409999006     
  0.74460733564886972     
  0.68374608192679509     
  0.63001613807846701     
  0.58637624664923382     
  0.55205986712836419     
  0.52577935608884074     
  0.50853284869201021     
  0.49800271696275816     
  0.49242261398245568     
  0.49269239415229704     
  0.49584068426787281     
  0.50092462620252187     
  0.51181856783418267     
  0.52614047103219930     
  0.54594143489817992     
  0.57043915550016977     
  0.60320815152032614     
  0.64669275383287461     
  0.70011526771031529     
  0.76666269758359162     
  0.84535028785173272     
  0.93723397810917319     
   1.0399327065881356     
   1.1523104746922797     
   1.2743455700794253     
   1.3992718934364561     
   1.5241326168058886     
   1.6435718195429081     
   1.7512139824603945     
   1.8450089702362638     
   1.9191987974647442     
   1.9709560244736348     
   1.9989738513117115     
   1.9967139714919520     
   1.9715599185604202     
   1.9202861516025669     
   1.8461693648743485     
   1.7523467970793489     
   1.6442909441632287     
   1.5249518491208713     
   1.3990529963041345     
   1.2705053752009483     
   1.1451991418387388     
   1.0248586198950045     
  0.91344175279806816     
  0.81305707752711931     
  0.72501010589397219     
  0.64865391142472861     
  0.58453257782489565     
  0.53533304742961485     
  0.49820857012592767     
  0.47271220545463943     
  0.45894220625804344     
  0.45666455200521378     
  0.46462890188971073     
  0.48260859232620268     
  0.50884503608814013     
  0.54551325357829605     
  0.59003096941765798     
  0.64232869428893224     
  0.70033748433011733     
  0.76288858679357885     
  0.82792493753463725     
  0.89513460781834497     
  0.96027398115751128     
   1.0242232197135168     
   1.0807641601310898     
   1.1305551694274529     
   1.1731321979213500     
   1.2052955513210644     
   1.2259355637537965     
   1.2355558810888276     
   1.2346158550112833     
   1.2257122722397082     
   1.2106074753710825     
   1.1874447836767175     
   1.1609622315299459     
   1.1314006101369254     
   1.1000337290976392     
   1.0703082747316324     
   1.0425222856038474     
   1.0156398004216503     
  0.99273217363759036     
  0.97247913786464368     
  0.95498451864440970     
  0.93937851439991460     
  0.92416719374213552     
  0.91105687669377622     
  0.89847020610051698     
  0.88708052079632815     
  0.87578233132363215     
  0.86601287451216424     
  0.85593150593336409     
  0.84774855476003519     
  0.84109060753222487     
  0.83589693649531249     
  0.83315694631587944     
  0.83150373200970618     
  0.83228547027157118     
  0.83250698474751639     
  0.83397585934336682     
  0.83476843270877732     
  0.83622630484944249     
  0.83607234848325518     
  0.83446139522701201     
  0.83098143810258984     
  0.82853562225552801     
  0.82553718591866898     
  0.82306367820362025     
  0.82135410228874806     
  0.82115295576806902     
  0.82458085427322414     
  0.83019029400014022     
  0.84017533177756309     
  0.85301046459789476     
  0.87109209910688046     
  0.89491044520602880     
  0.92363213015885470     
  0.95717952420886598     
  0.99633342576717299     
   1.0408525105100834     
   1.0911860291342692     
   1.1458507295619935     
   1.2061591509716283     
   1.2688896615818295     
   1.3341673837002839     
   1.4004663552152012     
   1.4645304928364173     
   1.5263805543402515     
   1.5790158890354942     
   1.6230934538742636     
   1.6556222111968615     
   1.6745184744295618     
   1.6782769355269176     
   1.6639010326554546     
   1.6344200409698508     
   1.5875612965359622     
   1.5250244142170863     
   1.4504025920277457     
   1.3647956259819085     
   1.2705558142889373     
   1.1737869339034899     
   1.0753484623840217     
  0.97897671403321374     
  0.88844920096682678     
  0.80748222449516471     
  0.73794407517841232     
  0.68129902182929569     
  0.63815535054261086     
  0.60972125154605405     
  0.59496664440424707     
  0.59474335765955622     
  0.60717700069861102     
  0.62969881086254320     
  0.66129793831840511     
  0.69996890484107199     
  0.74155157180699127     
  0.78571337164490851     
  0.82887417513658646     
  0.86856886107054943     
  0.90278931392151518     
  0.92919962292287472     
  0.94849601157773666     
  0.95837103873240748     
  0.95863924930781053     
  0.95171833308316256     
  0.93713513157094308     
  0.91648175575682178     
  0.89123607780329106     
  0.86213928557320019     
  0.83258955867130147     
  0.80320329410710789     
  0.77647383863356023     
  0.75445972644721970     
  0.73802648119080916     
  0.72756789239786146     
  0.72319089510011925     
  0.72682645186324935     
  0.73667183835125438     
  0.75386546019527023     
  0.77700314568258588     
  0.80418351723441150     
  0.83454215689278000     
  0.86715348663548741     
  0.90058175301843613     
  0.93350522074869857     
  0.96371118724066651     
  0.99196017334795672     
   1.0149859689469798     
   1.0335303345159836     
   1.0485559370886790     
   1.0583678215258825     
   1.0642023399818583     
   1.0675747552220960     
   1.0681818554203433     
   1.0688335326300560     
   1.0688241881058045     
   1.0694957812087571     
   1.0733638885931425     
   1.0799221989278280     
   1.0905168996456074     
   1.1050053269249769     
   1.0607508106301471     
