 TEMP->   2.0000000000000000     
 DENSITY->  0.30000001192092896     
 N->         864
 CUTOFF->   3.2999999523162842     
 NUM_STEPS->       10000
   0.0000000000000000     
   0.0000000000000000     
   0.0000000000000000     
   0.0000000000000000     
   0.0000000000000000     
   0.0000000000000000     
   0.0000000000000000     
   0.0000000000000000     
   0.0000000000000000     
   0.0000000000000000     
   0.0000000000000000     
   0.0000000000000000     
   0.0000000000000000     
   0.0000000000000000     
   0.0000000000000000     
   0.0000000000000000     
   0.0000000000000000     
   0.0000000000000000     
   0.0000000000000000     
   0.0000000000000000     
   0.0000000000000000     
   0.0000000000000000     
   0.0000000000000000     
   0.0000000000000000     
   0.0000000000000000     
   0.0000000000000000     
   0.0000000000000000     
   0.0000000000000000     
   0.0000000000000000     
   0.0000000000000000     
   0.0000000000000000     
   0.0000000000000000     
   0.0000000000000000     
   0.0000000000000000     
   0.0000000000000000     
   0.0000000000000000     
   0.0000000000000000     
   0.0000000000000000     
   0.0000000000000000     
   0.0000000000000000     
   0.0000000000000000     
   0.0000000000000000     
   0.0000000000000000     
   0.0000000000000000     
   0.0000000000000000     
   0.0000000000000000     
   0.0000000000000000     
   0.0000000000000000     
   0.0000000000000000     
   0.0000000000000000     
   0.0000000000000000     
   0.0000000000000000     
   0.0000000000000000     
   0.0000000000000000     
   0.0000000000000000     
   0.0000000000000000     
   0.0000000000000000     
   0.0000000000000000     
   0.0000000000000000     
   0.0000000000000000     
   0.0000000000000000     
   0.0000000000000000     
   0.0000000000000000     
   0.0000000000000000     
   0.0000000000000000     
   0.0000000000000000     
   0.0000000000000000     
   0.0000000000000000     
   0.0000000000000000     
   0.0000000000000000     
   0.0000000000000000     
   0.0000000000000000     
   0.0000000000000000     
   0.0000000000000000     
   0.0000000000000000     
   0.0000000000000000     
   0.0000000000000000     
   0.0000000000000000     
   0.0000000000000000     
   0.0000000000000000     
   0.0000000000000000     
   0.0000000000000000     
   0.0000000000000000     
   8.8168837153869362E-006
   1.0331321869896419E-004
   4.9614411704001745E-004
   1.8403645850582203E-003
   5.7408737961134630E-003
   1.2981863183572955E-002
   2.9269997276775317E-002
   5.8206663788422090E-002
  0.10391886206929281     
  0.17075717633971005     
  0.25890988175620849     
  0.36384006793190338     
  0.48127996150909935     
  0.61652744416841765     
  0.75481881166503129     
  0.89363033379153400     
   1.0318410863401899     
   1.1567082000890552     
   1.2638701000669288     
   1.3589501801184829     
   1.4437962785133485     
   1.5128837982194088     
   1.5716431516259448     
   1.6091755834805390     
   1.6393540873009047     
   1.6675825749201889     
   1.6673177562685477     
   1.6678566673328112     
   1.6655665410134828     
   1.6623021987855244     
   1.6505094845250834     
   1.6367492539994812     
   1.6118247763159013     
   1.5951114663809509     
   1.5657563709899056     
   1.5429744539222321     
   1.5184424812519199     
   1.5018204386909255     
   1.4762097598767514     
   1.4515881733677898     
   1.4253988606961929     
   1.3978852410638072     
   1.3698697319848738     
   1.3472562560237735     
   1.3331939705201374     
   1.3067503857832432     
   1.2879188067092928     
   1.2613617504041874     
   1.2416852439989512     
   1.2233076788043897     
   1.2128104392178283     
   1.1965761857501738     
   1.1858635855293602     
   1.1694262570730241     
   1.1500851765675468     
   1.1383444666661675     
   1.1208506300735139     
   1.1169042354577081     
   1.1115907791991055     
   1.0997194129416117     
   1.0918402424142568     
   1.0784439730958097     
   1.0659968614796207     
   1.0560764917338268     
   1.0451734153429919     
   1.0425012063525607     
   1.0324464918840608     
   1.0221291132044985     
   1.0155715150736020     
   1.0143655743158417     
   1.0042889984164087     
  0.99608975663215016     
  0.99345058386181828     
  0.99026520886787273     
  0.98640136657385913     
  0.98242620150761772     
  0.97930893836052624     
  0.97398306772012155     
  0.97181529854049709     
  0.96488251046039786     
  0.96244064398787821     
  0.96382360804783929     
  0.95943372437060648     
  0.95607066563944465     
  0.95611107889223790     
  0.95577357169006671     
  0.95319069585523919     
  0.95182475147199541     
  0.95464350845809143     
  0.95271375918399159     
  0.95263351843431010     
  0.95245216027816126     
  0.95183584425211998     
  0.95237208962348696     
  0.95086519796423685     
  0.94887687177213909     
  0.95267186292839623     
  0.95415865370410446     
  0.95452857435515504     
  0.95441598393117011     
  0.95500131087965989     
  0.95978526413712728     
  0.96158817873146496     
  0.96317362363334746     
  0.96509378859459982     
  0.96514231261685091     
  0.96863169408135197     
  0.97242507066583239     
  0.97694150326183249     
  0.97459652194917334     
  0.97823543211828179     
  0.98197404640235730     
  0.98310662643889157     
  0.98579244525399523     
  0.98979514211535879     
  0.99145504970459009     
  0.99225511204109018     
  0.99394413688259420     
  0.99807777537199116     
   1.0009106686011244     
   1.0026942323325734     
   1.0099574041682229     
   1.0087696462885016     
   1.0070125424684364     
   1.0072669187578465     
   1.0157905820227808     
   1.0184713011903905     
   1.0179712887071273     
   1.0210728269778551     
   1.0242139759847473     
   1.0244896199229705     
   1.0231804550250567     
   1.0220790914972839     
   1.0273611072630224     
   1.0251531367635078     
   1.0255060929352944     
   1.0280352586247383     
   1.0263243040060392     
   1.0279990709811606     
   1.0253618186881728     
   1.0270045329057507     
   1.0246255053219202     
   1.0275154239367819     
   1.0269737210499446     
   1.0268876057303005     
   1.0283448738831416     
   1.0258757414171127     
   1.0242518178355198     
   1.0221771373477040     
   1.0226384391169379     
   1.0196763871928174     
   1.0225339242601594     
   1.0205577653646862     
   1.0186025754724883     
   1.0181818172728403     
   1.0160074649862787     
   1.0150920372455192     
   1.0146795770110129     
   1.0150886742898775     
   1.0153112236380317     
   1.0166944118706476     
   1.0165577431347341     
   1.0144404065672525     
   1.0178215075610433     
   1.0123329150933056     
   1.0125210387605819     
   1.0107311712407547     
   1.0109409478450275     
   1.0110561513294554     
   1.0116893408151486     
   1.0100904694081421     
   1.0105174644383099     
   1.0080488234769591     
   1.0061316827392910     
   1.0059206778292484     
   1.0056405000298978     
   1.0038622826352346     
   1.0036841878089484     
   1.0013273200638884     
   1.0020853564666758     
   1.0022169465493354     
   1.0010358913534225     
   1.0011208937216696     
   1.0030252543761526     
   1.0028646495965123     
   1.0003319590198192     
  0.99971609071282963     
  0.99778982923323511     
  0.99820487907332256     
  0.99855634269633908     
  0.99806321251600350     
  0.99770820725053955     
  0.99748512347639562     
  0.99877012409954347     
  0.99878455157059309     
  0.99739473882811458     
  0.99741879364826769     
  0.99622175152696890     
  0.99646332009461280     
  0.99499343663248141     
  0.99700416155320393     
  0.99835372644676590     
  0.99665604841759126     
  0.99671393672235520     
  0.99649329512365792     
  0.99786038030550184     
   1.0004537575958641     
   1.0000230739955454     
   1.0001527821544864     
  0.99885767380571899     
  0.99813857175084797     
  0.99783996590542501     
  0.99978026396061237     
  0.99832646960574800     
  0.99912207757409033     
  0.99981357156171435     
   1.0026898987530464     
   1.0013102852572779     
  0.99975105640881357     
  0.99888449141052327     
  0.99960932404531888     
  0.99931059363815500     
   1.0014254856683507     
   1.0011724400028057     
   1.0013175799706386     
   1.0009779702102490     
   1.0013091516810113     
  0.99963803569186804     
   1.0003517051352138     
  0.99902204690654794     
  0.99906314836852450     
   1.0000642670487441     
   1.0004366804543989     
   1.0015183867813244     
   1.0010433114239792     
   1.0028032957431137     
   1.0026361549831233     
   1.0015473054915245     
   1.0010794360759789     
   1.0018044466112284     
   1.0030770342377604     
   1.0007316120990950     
   1.0013034713337834     
   1.0004079041175502     
   1.0012458054972670     
   1.0001414835645317     
   1.0021955161371876     
   1.0020104137523758     
   1.0021275994358663     
   1.0027229051237312     
   1.0025076619266315     
   1.0016793084011322     
  0.99875675325125102     
  0.99775893682152694     
  0.99960600960898338     
   1.0025029699681314     
   1.0036135309168701     
   1.0026874293692627     
   1.0023827438445265     
   1.0022285417417032     
   1.0000251727447618     
   1.0008792669952493     
   1.0026712934175930     
   1.0025714762052242     
   1.0011748678138912     
   1.0019526995054686     
   1.0011350733299600     
   1.0005241212410942     
   1.0004328023897637     
   1.0004120027052763     
  0.99911852800394607     
   1.0000009808789168     
   1.0002885992319155     
   1.0012324925341112     
   1.0011954213761112     
  0.99976182239835720     
   1.0016054324885266     
   1.0003102320818436     
  0.99879715791619017     
  0.99753206932688598     
  0.99686825347348373     
  0.99705591707848096     
  0.99843499795789981     
  0.99932334168581494     
  0.99961828188413193     
  0.99893874569590813     
  0.99855358394532523     
  0.99910696893337914     
  0.99832282394353500     
   1.0008284052930452     
   1.0011428802996198     
   1.0013354103643373     
   1.0011650862691650     
   1.0003640297565910     
  0.99941332021622764     
  0.99910232575078761     
  0.99978849394650304     
  0.99796508320250665     
  0.99893343976890892     
  0.99962551857541992     
  0.99920127379989387     
   1.0005875001338975     
   1.0017543914644456     
   1.0012830856849830     
  0.99937450038197395     
  0.99941790712336109     
   1.0005891520224457     
   1.0003719185500293     
   1.0004121638974515     
   1.0004940790691814     
  0.99938709904769285     
   1.0003221872733543     
  0.99862276568129849     
  0.99879839229365175     
   1.0000629806084351     
  0.99862198095802801     
  0.99950082314811428     
  0.99941641685546323     
  0.99970446329318063     
   1.0010253578079755     
   1.0013675217755718     
   1.0007626890387162     
  0.99976843123298420     
   1.0005300015700591     
  0.99991085003028768     
  0.99821707236835944     
  0.99875016038017461     
  0.99826992798723968     
  0.99752480691727574     
  0.99873437340646043     
  0.99760268505382832     
  0.99905358652574916     
  0.99992349724325802     
   1.0002419888442575     
   1.0014456343173541     
   1.0008914139634721     
  0.99900646702943652     
  0.99976372687925108     
  0.99909325025023543     
  0.99965422722503328     
  0.99981385925056543     
  0.99936799257252706     
  0.99808815221614089     
  0.99925707100991945     
   1.0003372053184421     
  0.99840259579900359     
  0.99970060124733451     
  0.99965297767778316     
  0.99957194539013305     
  0.99945172475556354     
   1.0009287976619810     
   1.0014159171419128     
  0.99930376871834314     
  0.99944150611444238     
  0.99860404063728248     
  0.99878878315674968     
  0.99868971987312138     
  0.99827237259565893     
  0.99787283899520896     
  0.99895390104982584     
  0.99862772752829287     
   1.0010401129881046     
  0.99992232361535516     
   1.0007995243379741     
   1.0012438772709311     
   1.0010301015756375     
   1.0012266571713746     
  0.99957209638780431     
  0.99876189541393101     
  0.99923015699382522     
  0.99872300223201582     
  0.99897603641175936     
  0.99928211049345739     
   1.0010632549962464     
   1.0014347872309137     
   1.0000507253846875     
  0.99897812319632506     
   1.0004888692516751     
  0.99982944283689956     
  0.99973710620094247     
   1.0003882508277553     
   1.0021735927748603     
   1.0002696297745144     
   1.0008266517434719     
   1.0016276848502288     
  0.99968879152070078     
   1.0002139625563791     
   1.0000136305131175     
  0.99973410302785248     
  0.99966991274243544     
  0.99925598221375955     
   1.0000562971725326     
   1.0007986335173340     
   1.0002453066009385     
   1.0008361143802209     
  0.99985333851559388     
   1.0003349605394782     
   1.0007706340222962     
   1.0006597805307020     
   1.0005943225612561     
  0.99974063253629075     
   1.0016943711639872     
   1.0010843863200363     
   1.0006945748112155     
  0.99889678980591623     
  0.99948819538115807     
  0.99936783269525298     
  0.99907176000635034     
  0.99998747191712523     
   1.0003314683519162     
   1.0016708427069563     
   1.0020535113502094     
   1.0011670220423698     
   1.0016251547081279     
   1.0013621683406502     
  0.99997063603924108     
   1.0002381733586077     
  0.99929287067041750     
  0.99848964611844238     
   1.0005600792705927     
  0.99895895072392826     
  0.99987138320474267     
   1.0006658191000408     
  0.99946810139157982     
  0.99816416071229830     
  0.99981787110961595     
  0.99951523755869331     
  0.99969604955501956     
   1.0020390879774825     
   1.0024930085606281     
   1.0003118637857455     
   1.0004788685148114     
   1.0006879425968529     
   1.0014522324394450     
   1.0010974301734585     
   1.0005069655187318     
   1.0002778454389445     
   1.0003478336385005     
   1.0003590712117001     
   1.0004867393607428     
  0.99950946556206488     
  0.99876431406626465     
  0.99898126438424506     
  0.99877976362943888     
  0.99803510071034141     
  0.99893606190337170     
  0.99879149346602591     
  0.99981739258906277     
  0.99947888136751950     
  0.99998114146301376     
   1.0012758562427042     
   1.0013506295549266     
   1.0009425976148032     
   1.0014152711155808     
   1.0015170515446652     
   1.0014082948865373     
   1.0019462980927212     
   1.0006777036057470     
  0.99982862766537162     
  0.99987090677060209     
  0.99943536499860197     
  0.99912316968823967     
  0.99984504645813954     
   1.0005917972602447     
   1.0014178912218339     
   1.0012707533486822     
   1.0014989661506857     
   1.0000326284267593     
   1.0006965731990143     
   1.0007027229336920     
   1.0014710098087125     
   1.0012305831128374     
   1.0019738953276793     
   1.0013256389528409     
   1.0013808913741176     
   1.0010146725618743     
   1.0005871337208436     
   1.0000920890254723     
   1.0004710425147665     
   1.0002810478590334     
   1.0008208024641509     
   1.0004321946779386     
  0.99988321371500988     
   1.0004836771709265     
  0.99964956038970043     
   1.0005108139471750     
   1.0004034409844751     
   1.0015752177478707     
   1.0001635315251893     
   1.0001320811712713     
  0.99894268493943095     
  0.99970372983731226     
  0.99979621843414046     
   1.0005020524481318     
   1.0007302954016501     
   1.0006023421065646     
   1.0008138205138453     
  0.99975132970042335     
   1.0002962235142356     
   1.0016654304243251     
   1.0009336271729596     
   1.0013453593590496     
   1.0015610497221750     
   1.0011768415355671     
   1.0014231355459589     
   1.0007698669655920     
   1.0007651834492413     
   1.0004048392316176     
   1.0005746425819897     
   1.0000033642315658     
   1.0007623671915806     
   1.0008874034469668     
   1.0016917300817008     
   1.0015795565266830     
   1.0010861105927300     
   1.0007099844278402     
  0.99985597473764010     
   1.0004729615654531     
  0.99984814048001547     
   1.0004686744235129     
  0.99979515553872012     
   1.0003325205724727     
   1.0004502566803180     
   1.0004514793128723     
   1.0000839841396747     
   1.0002826239205271     
  0.99996126376675998     
   1.0000046131186628     
  0.99979310421522594     
  0.99922648998327568     
  0.99875429088426304     
  0.99949237679799241     
  0.99915721960598303     
  0.99884614834370145     
   1.0000471398925435     
  0.99883095572159819     
  0.99896627327192566     
  0.99882985139418212     
  0.99807863613791636     
  0.99891411124540797     
  0.99912744789101138     
  0.99889988397135243     
  0.99789013365249524     
  0.99936838347155721     
  0.99990229399200037     
  0.99994624759821682     
  0.99965817118279110     
  0.99961895103320031     
  0.99940062290706311     
  0.99903546387228570     
  0.99959971290128757     
  0.99975400941918757     
   1.0005155066107043     
  0.99995992133465272     
  0.99970602317416435     
  0.99968871219543531     
  0.99971336886210238     
   1.0006043617931462     
   1.0005764108130055     
   1.0003171355149356     
  0.99993839876607693     
  0.99974810580853768     
  0.99976974035980892     
   1.0008679299687970     
   1.0007584032710435     
  0.99991904132221165     
   1.0004070587385157     
   1.0001380186166271     
   1.0003271994596370     
   1.0008569068569129     
   1.0002609560781539     
  0.99910932279890696     
   1.0002635945788267     
   1.0004353028409254     
  0.99995262786598593     
   1.0007604785543411     
  0.99999620385540455     
   1.0003626296237798     
  0.99975629946258160     
  0.99991113924517339     
   1.0004269166060027     
  0.99955916250029009     
  0.99926326766792384     
  0.99933441069605933     
  0.99975743338042378     
  0.99957315214368236     
   1.0005354893376055     
  0.99981615278261859     
   1.0000151250906721     
   1.0000361387966281     
   1.0000907005267980     
  0.99989948609596002     
  0.99884131920776165     
  0.99920926830650025     
   1.0005326949990498     
   1.0010086024236524     
  0.99945031720962074     
   1.0001828023095078     
  0.99982107175512347     
  0.99967452362614617     
  0.99906005217900151     
  0.99987631783627662     
  0.99943895318147868     
  0.99896715167506689     
  0.99957778148602372     
  0.99960395502887367     
  0.99992046067226281     
   1.0007751630464299     
   1.0005247741593626     
  0.99980876868295143     
   1.0001680698992459     
  0.99930247010238338     
  0.99987186227889646     
   1.0002904196443896     
  0.99926983121699686     
  0.99928414628804862     
  0.99948764822096625     
  0.99973565107422502     
   1.0006818542480345     
   1.0003233970561061     
  0.99946186573009055     
  0.99921701638381177     
  0.99986719215706921     
  0.99941074406321972     
  0.99876792727153318     
  0.99893265000122844     
  0.99990029378202561     
   1.0000950037163610     
  0.99927203605717119     
