 TEMP->   1.5000000000000000     
 DENSITY->  0.44999998807907104     
 N->         864
 CUTOFF->   3.2999999523162842     
 NUM_STEPS->       10000
   0.0000000000000000     
   0.0000000000000000     
   0.0000000000000000     
   0.0000000000000000     
   0.0000000000000000     
   0.0000000000000000     
   0.0000000000000000     
   0.0000000000000000     
   0.0000000000000000     
   0.0000000000000000     
   0.0000000000000000     
   0.0000000000000000     
   0.0000000000000000     
   0.0000000000000000     
   0.0000000000000000     
   0.0000000000000000     
   0.0000000000000000     
   0.0000000000000000     
   0.0000000000000000     
   0.0000000000000000     
   0.0000000000000000     
   0.0000000000000000     
   0.0000000000000000     
   0.0000000000000000     
   0.0000000000000000     
   0.0000000000000000     
   0.0000000000000000     
   0.0000000000000000     
   0.0000000000000000     
   0.0000000000000000     
   0.0000000000000000     
   0.0000000000000000     
   0.0000000000000000     
   0.0000000000000000     
   0.0000000000000000     
   0.0000000000000000     
   0.0000000000000000     
   0.0000000000000000     
   0.0000000000000000     
   0.0000000000000000     
   0.0000000000000000     
   0.0000000000000000     
   0.0000000000000000     
   0.0000000000000000     
   0.0000000000000000     
   0.0000000000000000     
   0.0000000000000000     
   0.0000000000000000     
   0.0000000000000000     
   0.0000000000000000     
   0.0000000000000000     
   0.0000000000000000     
   0.0000000000000000     
   0.0000000000000000     
   0.0000000000000000     
   0.0000000000000000     
   0.0000000000000000     
   0.0000000000000000     
   0.0000000000000000     
   0.0000000000000000     
   0.0000000000000000     
   0.0000000000000000     
   0.0000000000000000     
   0.0000000000000000     
   0.0000000000000000     
   0.0000000000000000     
   0.0000000000000000     
   0.0000000000000000     
   0.0000000000000000     
   0.0000000000000000     
   0.0000000000000000     
   0.0000000000000000     
   0.0000000000000000     
   0.0000000000000000     
   0.0000000000000000     
   0.0000000000000000     
   0.0000000000000000     
   0.0000000000000000     
   0.0000000000000000     
   0.0000000000000000     
   0.0000000000000000     
   0.0000000000000000     
   0.0000000000000000     
   0.0000000000000000     
   0.0000000000000000     
   5.6061485864219777E-006
   2.5195469202165090E-004
   1.0277369154804404E-003
   3.7150840269096100E-003
   1.0125035561437011E-002
   2.5279182027417794E-002
   5.3786501426779786E-002
  0.10031664459433730     
  0.17277067398288906     
  0.26915424459933618     
  0.39351861164119106     
  0.54115314806424708     
  0.69760416316137985     
  0.86574773924005755     
   1.0366781914473171     
   1.1989312226819624     
   1.3455584081963858     
   1.4843206596675693     
   1.5938631742777334     
   1.6853717236917756     
   1.7608426855913004     
   1.8162526666734109     
   1.8504037557675430     
   1.8763890915506010     
   1.8878899018337980     
   1.8783762030835651     
   1.8772023331099046     
   1.8531452627875813     
   1.8338465269785622     
   1.8059147656765060     
   1.7740876691574032     
   1.7439159408506286     
   1.7099623917617370     
   1.6740416039852022     
   1.6333819923089377     
   1.5954926613440121     
   1.5559036552924697     
   1.5225210153194662     
   1.4845673917281805     
   1.4493794839868266     
   1.4124426505649226     
   1.3776712157410826     
   1.3491218695203198     
   1.3174438935787445     
   1.2912228459765922     
   1.2651952996793314     
   1.2411106052263914     
   1.2165720067813666     
   1.1917137136358333     
   1.1694918157502072     
   1.1473695761681024     
   1.1327402350240552     
   1.1155153892672212     
   1.0987728002542629     
   1.0825244882557479     
   1.0680748965275426     
   1.0538054815822344     
   1.0381609469740030     
   1.0244447546154656     
   1.0162833212053426     
   1.0022243511961773     
  0.99201255321990711     
  0.97783481334261901     
  0.96902119758566052     
  0.95833260127354347     
  0.95115269964206905     
  0.94458711532059547     
  0.94008857809364232     
  0.93385433728328737     
  0.92806790725178545     
  0.92182211071719311     
  0.91789850273003482     
  0.91059658263703536     
  0.90395666734126690     
  0.89977761079255680     
  0.89521537891589276     
  0.89339781737288337     
  0.89053739463907988     
  0.88733035778604608     
  0.88540438628762541     
  0.88353783602683456     
  0.88721355497805321     
  0.88692483228841368     
  0.88308733530628436     
  0.88327388455465949     
  0.88257764848719555     
  0.88497124667882732     
  0.88467468932131932     
  0.88694011263932593     
  0.88450754801534381     
  0.88707434411182451     
  0.89167201019545195     
  0.89525414186718988     
  0.89669244293887795     
  0.89951230621901979     
  0.90290035706834959     
  0.90769451234707488     
  0.91193098771848213     
  0.91276937350391385     
  0.91840838934476943     
  0.92244032082102356     
  0.92951802167811393     
  0.93420576669021971     
  0.93779505247845540     
  0.94314778571013858     
  0.95286633425803691     
  0.95644718121077821     
  0.96233326350505888     
  0.96863576183125788     
  0.97433127367908368     
  0.98190253468111321     
  0.98789192416587546     
  0.99504746227153029     
   1.0006787373530868     
   1.0047284579211557     
   1.0099873667642665     
   1.0171406426403744     
   1.0225006429217014     
   1.0253352960747699     
   1.0322227475899037     
   1.0339203814983060     
   1.0369534206604152     
   1.0416981064922914     
   1.0454068054482295     
   1.0476499990521386     
   1.0517457625228395     
   1.0511860298780791     
   1.0529698682215503     
   1.0556875109194328     
   1.0576407804034396     
   1.0570114806684838     
   1.0579994087362294     
   1.0590033568672199     
   1.0585299898192297     
   1.0592529449633312     
   1.0585487055152012     
   1.0581631359838077     
   1.0574900604229915     
   1.0546937189058998     
   1.0555862009548420     
   1.0513415527269518     
   1.0490901053530937     
   1.0478661223101584     
   1.0475440422915354     
   1.0477106523913271     
   1.0477215550647687     
   1.0455175801282459     
   1.0426068465822860     
   1.0387461402415739     
   1.0346926294040895     
   1.0337340491067146     
   1.0337504076875628     
   1.0311164131475465     
   1.0268532314358463     
   1.0240605263247053     
   1.0226107286893635     
   1.0218489518322538     
   1.0186104373822380     
   1.0149744471208642     
   1.0144836790695138     
   1.0103572154608387     
   1.0112950607669267     
   1.0070680404334653     
   1.0065077046448572     
   1.0061247749616753     
   1.0049040614621410     
   1.0016947576169153     
   1.0006259014544800     
  0.99859949090618250     
  0.99881511365065900     
  0.99620435909468019     
  0.99591983826989439     
  0.99593664259356784     
  0.99565107242193374     
  0.99589169549182044     
  0.99338586186030831     
  0.99069857646829484     
  0.99072649141995595     
  0.99385849039496577     
  0.99085601634848430     
  0.98918792408395828     
  0.99175062742560116     
  0.98754421219907695     
  0.98704629139089228     
  0.98660360000309122     
  0.98623231904698205     
  0.98731418119079317     
  0.98599810119975739     
  0.98627189416768501     
  0.98540110030623285     
  0.98688677896669752     
  0.98717271479415036     
  0.98508671454239427     
  0.98661188844142866     
  0.98802867556261997     
  0.98886215504904018     
  0.98892137943644909     
  0.98908387944267961     
  0.99060336894344891     
  0.98949279230885989     
  0.99093363669351386     
  0.98901304751969077     
  0.99011120877527792     
  0.99107291315619361     
  0.99223537422620445     
  0.99055386151183245     
  0.99296870815534433     
  0.99435791470411894     
  0.99673992697557356     
  0.99553126715994011     
  0.99820970449851743     
  0.99819973657228966     
  0.99951480562713069     
   1.0001680272439757     
   1.0008121838919357     
   1.0031357175307258     
   1.0041157022436633     
   1.0053743296769002     
   1.0047895641576448     
   1.0054279394025178     
   1.0054664717856534     
   1.0052339978850917     
   1.0047271262320099     
   1.0051805978836466     
   1.0050027108894968     
   1.0063867178582826     
   1.0072448652356305     
   1.0095553501757903     
   1.0091175871986764     
   1.0090047273000213     
   1.0090080633958989     
   1.0060746042909017     
   1.0055054200762072     
   1.0072659111703681     
   1.0075385942516593     
   1.0071654746705525     
   1.0067576701920915     
   1.0058792532511853     
   1.0063442614504083     
   1.0075433720747438     
   1.0077208669089293     
   1.0067335737163428     
   1.0063994121803883     
   1.0074603788848759     
   1.0060722311399548     
   1.0069598292147874     
   1.0068987726415337     
   1.0059869170029401     
   1.0074135720458719     
   1.0068581049167178     
   1.0066394229600724     
   1.0086976665290495     
   1.0073217757522008     
   1.0068612149340701     
   1.0069436281393662     
   1.0049861643312212     
   1.0056741261543745     
   1.0049726720522338     
   1.0038163551292223     
   1.0054729171360652     
   1.0055331143988127     
   1.0039067037634242     
   1.0035539932353150     
   1.0044946703987603     
   1.0035685768780114     
   1.0052270566203116     
   1.0021814280279444     
   1.0022138822732118     
   1.0026982538316742     
   1.0039256200537625     
   1.0028627850585974     
   1.0011359816471290     
   1.0008528625096278     
  0.99993136990837850     
  0.99882165996017425     
  0.99855524433329457     
  0.99938036887168546     
   1.0000383643270336     
  0.99938466040888241     
   1.0009702125451123     
   1.0017191063839037     
   1.0005807442730981     
  0.99914982667493724     
  0.99996689974059694     
  0.99883520996673170     
   1.0001155447425938     
  0.99890624278443496     
  0.99856915375169319     
   1.0003532779727764     
  0.99979422172365362     
  0.99983148470830385     
   1.0008988095810851     
  0.99995619895712784     
  0.99989293316653638     
  0.99823628742931159     
  0.99970826893444376     
  0.99924310737335098     
  0.99843440235339265     
  0.99919214437511472     
  0.99872154768357813     
  0.99895524765684640     
  0.99820965938810324     
  0.99916509175844215     
  0.99900022732389659     
   1.0000775813589038     
   1.0015729115545089     
   1.0006810834547777     
   1.0007773257204164     
   1.0008281698186610     
   1.0004337744137581     
  0.99998812188627784     
   1.0007417097527176     
   1.0007464912366513     
   1.0002057033501852     
   1.0002411896140897     
  0.99977712203188163     
   1.0010073279470977     
   1.0009843168527635     
   1.0015359856840855     
   1.0024426733344003     
   1.0029042915439685     
   1.0037465579697331     
   1.0028715048659032     
   1.0017149704249948     
   1.0003260735283817     
   1.0001463120838814     
   1.0003691306470459     
   1.0009301600883111     
   1.0006469051619042     
   1.0001221595259884     
   1.0009658059182718     
   1.0012145670273196     
   1.0005482593772679     
   1.0015550890483882     
   1.0020342110270197     
   1.0027982950064260     
   1.0019916401060596     
   1.0020852536265012     
   1.0009687745700833     
   1.0018066415194837     
   1.0016200972909721     
   1.0014179774021623     
   1.0021652123762481     
   1.0029675587357054     
   1.0025443457748902     
   1.0027749777536588     
   1.0024012759510628     
   1.0007026912197661     
   1.0023350528294948     
   1.0016082066784737     
   1.0003452467123675     
   1.0009077606961676     
   1.0011335171995142     
   1.0002832552146352     
   1.0011109366429249     
   1.0015980788629020     
   1.0012762172345522     
   1.0017840240344014     
   1.0020168360728094     
   1.0025641034042210     
   1.0026922619574727     
   1.0026807364412440     
   1.0033602243839455     
   1.0019308933625017     
   1.0003915608574780     
   1.0005465901563910     
   1.0006498226749727     
   1.0010071715315827     
   1.0012960445702785     
   1.0013064413114432     
   1.0003538436269841     
   1.0006892746328464     
   1.0007110756045621     
   1.0000847125181931     
  0.99920548059567804     
   1.0004253536171657     
  0.99878437209179305     
   1.0004351356199639     
  0.99923657694750612     
   1.0004465940519653     
   1.0017476423331324     
   1.0020093597066837     
   1.0019262734081551     
   1.0004788460443073     
   1.0016752654556922     
  0.99968231344852854     
   1.0004500764685971     
   1.0004571117021572     
   1.0002104047257696     
   1.0006877074639389     
   1.0013006015902537     
   1.0011970455466401     
  0.99998249502752168     
   1.0007205301369144     
  0.99996819667480241     
  0.99927540004416715     
  0.99927548628922258     
  0.99992817950206903     
   1.0001884375864838     
   1.0000453859871243     
   1.0000377703761978     
   1.0024292923281879     
   1.0007917546963088     
   1.0007409222864840     
   1.0002981720604931     
   1.0001764014145484     
   1.0012918799309569     
   1.0017268922492737     
   1.0007413516942032     
  0.99991362526739425     
  0.99988914547259244     
  0.99959108474634217     
   1.0007878339544891     
   1.0006358966420508     
   1.0005752143595650     
   1.0019140048641331     
   1.0002417530427010     
   1.0008014890702726     
   1.0009620434786171     
   1.0013879976819473     
   1.0014601751943641     
   1.0008829040307203     
   1.0012628499266902     
   1.0021479688484103     
   1.0022053844241856     
   1.0015650952151580     
   1.0009378111885754     
   1.0014535227186783     
   1.0020737300881963     
   1.0006498556652061     
   1.0002238850668939     
  0.99913021062708562     
  0.99979307011369067     
  0.99989673771678844     
   1.0004571751227347     
   1.0004247455017303     
  0.99956665186394578     
   1.0000384119568797     
   1.0006473227895309     
  0.99991966126460663     
  0.99999791148794770     
   1.0003473327148598     
  0.99969894647413393     
   1.0015099208396943     
   1.0010750623595832     
   1.0012070537500444     
   1.0015079558428730     
   1.0007288607021665     
   1.0016273266334004     
   1.0012631911980816     
   1.0014464393604388     
   1.0002909408486911     
   1.0006225900295933     
   1.0009081339701851     
   1.0014775586719182     
   1.0023685322625238     
   1.0012098563273331     
   1.0001087435386677     
   1.0004007753210935     
   1.0018104884841208     
   1.0007677897185563     
   1.0001651102248601     
   1.0003487473090793     
   1.0011989631645082     
   1.0001956605311353     
   1.0003713177019899     
   1.0013343774859196     
   1.0002555839490781     
   1.0018921199775237     
   1.0011615391670392     
   1.0016056149061219     
   1.0016245120386613     
   1.0022501009128557     
   1.0014342556950890     
   1.0016850714839727     
  0.99999457831826266     
  0.99977431764455194     
   1.0001921308031130     
   1.0002362036131454     
   1.0009995520715200     
   1.0005891512711163     
  0.99941507095045201     
  0.99972667776594593     
   1.0003892743485709     
  0.99976621093135942     
   1.0000800786412629     
  0.99996666150421265     
  0.99973839927012320     
  0.99905433346623185     
  0.99973955701219774     
  0.99983761343366007     
   1.0002758449042817     
  0.99896760077618130     
  0.99938565743528784     
   1.0000927727688522     
   1.0002354902611872     
   1.0006557646369447     
   1.0006163776486516     
  0.99958543886394891     
  0.99962319427573643     
  0.99968976833279033     
   1.0001942338690171     
   1.0002173820914584     
   1.0006678123295278     
   1.0001780106447384     
  0.99980155370887747     
   1.0000843224316405     
   1.0003216640181567     
   1.0007405602235051     
   1.0000349034587503     
   1.0000809100020760     
   1.0006050874290444     
   1.0005679945982189     
   1.0011971563676882     
   1.0009857344342821     
   1.0011686248436356     
  0.99999104367653469     
   1.0001759420902598     
   1.0007228634627527     
  0.99955655606020977     
  0.99906496336539707     
  0.99865105845898772     
  0.99940844440894960     
  0.99874194610273581     
  0.99970605235619936     
  0.99942300331422496     
  0.99976971638767909     
  0.99879008476851039     
  0.99822637409685999     
  0.99889850811364156     
  0.99961098615989119     
  0.99913362944749717     
  0.99998341744043040     
  0.99997765094972046     
   1.0000805442810010     
  0.99981919002924557     
  0.99971115377006947     
