 TEMP->  0.75000000000000000     
 DENSITY->  0.60000002384185791     
 N->         864
 CUTOFF->   3.2999999523162842     
 NUM_STEPS->       10000
   0.0000000000000000     
   0.0000000000000000     
   0.0000000000000000     
   0.0000000000000000     
   0.0000000000000000     
   0.0000000000000000     
   0.0000000000000000     
   0.0000000000000000     
   0.0000000000000000     
   0.0000000000000000     
   0.0000000000000000     
   0.0000000000000000     
   0.0000000000000000     
   0.0000000000000000     
   0.0000000000000000     
   0.0000000000000000     
   0.0000000000000000     
   0.0000000000000000     
   0.0000000000000000     
   0.0000000000000000     
   0.0000000000000000     
   0.0000000000000000     
   0.0000000000000000     
   0.0000000000000000     
   0.0000000000000000     
   0.0000000000000000     
   0.0000000000000000     
   0.0000000000000000     
   0.0000000000000000     
   0.0000000000000000     
   0.0000000000000000     
   0.0000000000000000     
   0.0000000000000000     
   0.0000000000000000     
   0.0000000000000000     
   0.0000000000000000     
   0.0000000000000000     
   0.0000000000000000     
   0.0000000000000000     
   0.0000000000000000     
   0.0000000000000000     
   0.0000000000000000     
   0.0000000000000000     
   0.0000000000000000     
   0.0000000000000000     
   0.0000000000000000     
   0.0000000000000000     
   0.0000000000000000     
   0.0000000000000000     
   0.0000000000000000     
   0.0000000000000000     
   0.0000000000000000     
   0.0000000000000000     
   0.0000000000000000     
   0.0000000000000000     
   0.0000000000000000     
   0.0000000000000000     
   0.0000000000000000     
   0.0000000000000000     
   0.0000000000000000     
   0.0000000000000000     
   0.0000000000000000     
   0.0000000000000000     
   0.0000000000000000     
   0.0000000000000000     
   0.0000000000000000     
   0.0000000000000000     
   0.0000000000000000     
   0.0000000000000000     
   0.0000000000000000     
   0.0000000000000000     
   0.0000000000000000     
   0.0000000000000000     
   0.0000000000000000     
   0.0000000000000000     
   0.0000000000000000     
   0.0000000000000000     
   0.0000000000000000     
   0.0000000000000000     
   0.0000000000000000     
   0.0000000000000000     
   0.0000000000000000     
   0.0000000000000000     
   0.0000000000000000     
   0.0000000000000000     
   0.0000000000000000     
   0.0000000000000000     
   0.0000000000000000     
   4.3168227031228057E-005
   1.9569610135232571E-004
   1.1408656216428305E-003
   4.3945056841992311E-003
   1.3571772041305682E-002
   3.6688275612792427E-002
   8.1355479005831011E-002
  0.15610610070376224     
  0.27838596535137511     
  0.44627591202079336     
  0.65536798348620362     
  0.90057670820584113     
   1.1754602020068359     
   1.4532387866054484     
   1.7186898400341111     
   1.9591357092727713     
   2.1626079749587976     
   2.3463080593210472     
   2.4830482799587967     
   2.5709827512626404     
   2.6342842833938476     
   2.6659878026638708     
   2.6539779288099408     
   2.6278584389366655     
   2.5784658603332939     
   2.5167410044965117     
   2.4369330371113063     
   2.3576910131960882     
   2.2851856419881420     
   2.2010224205573112     
   2.1193867693931789     
   2.0373271394535104     
   1.9495025125458678     
   1.8691451439197475     
   1.7913644148649635     
   1.7138424511371662     
   1.6461033690816818     
   1.5854549115865291     
   1.5197266924304591     
   1.4567233613028139     
   1.4054948234584812     
   1.3551281174279908     
   1.3078650798182698     
   1.2628035733440217     
   1.2188922651740246     
   1.1785058554451189     
   1.1464618590214528     
   1.1086410418676464     
   1.0765821014409571     
   1.0461252281623721     
   1.0207268617469689     
  0.99174842501045479     
  0.96768180864814957     
  0.95062931744290968     
  0.93048314095924323     
  0.91244316051597185     
  0.89699328023479108     
  0.88546518177370226     
  0.86900291615474612     
  0.85570288671568762     
  0.84003562688076139     
  0.83008673743411210     
  0.81951165050223007     
  0.80990048582111340     
  0.80304998624679991     
  0.79729356544757291     
  0.79319708207916007     
  0.78929731258432423     
  0.78187432047687400     
  0.77940180333922282     
  0.77599816772242081     
  0.77218823195264663     
  0.77551096532681196     
  0.77573452277865251     
  0.77361940988760469     
  0.77950045988616912     
  0.78161515036958962     
  0.78044732290882202     
  0.78644125495808859     
  0.79406858489062215     
  0.79430308191030230     
  0.79895513237766247     
  0.80408339954620212     
  0.81150957963937398     
  0.81872757308924993     
  0.82672637704135965     
  0.83535868854559159     
  0.84059163538889536     
  0.84954803757041197     
  0.86219406957394296     
  0.87494793571221952     
  0.88489697720883509     
  0.89982255684287804     
  0.91163534343915986     
  0.92612224668124576     
  0.93799635639606038     
  0.95239820254766183     
  0.96871537478510639     
  0.97927977446709757     
  0.99371629548044516     
   1.0041961987889549     
   1.0193534124294594     
   1.0330266323737436     
   1.0480197732993204     
   1.0570342818714882     
   1.0709589830122750     
   1.0850816625210584     
   1.0969187435948029     
   1.1075462215720098     
   1.1206347423930261     
   1.1319428788436643     
   1.1494502494705869     
   1.1603291290204245     
   1.1690835359536116     
   1.1786282558958994     
   1.1890627258743358     
   1.1961510792233132     
   1.2072596611506199     
   1.2126518002081295     
   1.2182996415882068     
   1.2204923151411293     
   1.2265087408445801     
   1.2282467131199739     
   1.2281050273660468     
   1.2306451958228264     
   1.2303422379612221     
   1.2279311819601089     
   1.2272326145096597     
   1.2220544051915638     
   1.2217800280861293     
   1.2166985213863886     
   1.2107891575801994     
   1.2047432538535356     
   1.1956595861710249     
   1.1885167715043299     
   1.1798648708692894     
   1.1704042281060609     
   1.1620196651567569     
   1.1517624841377843     
   1.1438002737277839     
   1.1373358671283567     
   1.1265736003560411     
   1.1166965381217044     
   1.1088432432408026     
   1.0999331603222091     
   1.0899570432942565     
   1.0816796976122633     
   1.0724608658688159     
   1.0629654798746648     
   1.0561783770572972     
   1.0497609053800383     
   1.0441107119014119     
   1.0361394173175540     
   1.0261138489511596     
   1.0185236053020583     
   1.0124083285919494     
   1.0043181064343096     
  0.99781549463739683     
  0.99586041092557642     
  0.99009732726501931     
  0.98516109390760953     
  0.98233101398291489     
  0.97644978857730624     
  0.97331081048690127     
  0.97054035062688326     
  0.96729870818535668     
  0.96696606087237991     
  0.96274335360357577     
  0.96173192323340606     
  0.96057455715903073     
  0.95938696154397307     
  0.95846844862898162     
  0.96171276842725106     
  0.96124049794742383     
  0.96199023742724599     
  0.96139101765474433     
  0.96280355967201747     
  0.96439606962822344     
  0.96625959480559642     
  0.96885012655307723     
  0.96996282329143935     
  0.97112165086579638     
  0.97617503468100586     
  0.97756713703678377     
  0.98007775828393007     
  0.98375132608218019     
  0.98684860172517441     
  0.98907445628730284     
  0.99356050738083590     
  0.99775395585826221     
  0.99913284497954391     
   1.0030392902369722     
   1.0077386237341850     
   1.0090990119482546     
   1.0124993073520538     
   1.0164637291507679     
   1.0201929349403125     
   1.0244419780145018     
   1.0281549665951955     
   1.0315907922926530     
   1.0353325097546060     
   1.0404565340650362     
   1.0425892976701308     
   1.0461894182136016     
   1.0483224570821332     
   1.0525020355384760     
   1.0546037522949883     
   1.0544652786554909     
   1.0590295774160632     
   1.0592437941022166     
   1.0619457911645993     
   1.0641814059292527     
   1.0657276136170786     
   1.0657167972242045     
   1.0664993984555680     
   1.0698690152045904     
   1.0706931420404466     
   1.0708729855546752     
   1.0731904025306971     
   1.0736704757085782     
   1.0702837340128621     
   1.0699418862328960     
   1.0695222958180506     
   1.0681043658960943     
   1.0679646066012964     
   1.0680325667092352     
   1.0688695597273925     
   1.0698396997849715     
   1.0664808177652214     
   1.0653873971043015     
   1.0625604832971853     
   1.0615865725548554     
   1.0590241863037941     
   1.0576539432168659     
   1.0548135989685687     
   1.0534301933174541     
   1.0503116668109675     
   1.0492608247868436     
   1.0477311335883792     
   1.0460861889450093     
   1.0436665152769768     
   1.0404231570698845     
   1.0377826513432924     
   1.0362721415689589     
   1.0345905764139360     
   1.0318153229511111     
   1.0302219333715965     
   1.0309458998086185     
   1.0280100057927646     
   1.0260330447139703     
   1.0243919516962188     
   1.0212973957573359     
   1.0191541205809913     
   1.0150559433765507     
   1.0147636499582877     
   1.0130268941763561     
   1.0124184766427118     
   1.0091706224163546     
   1.0063962185835316     
   1.0058504313672254     
   1.0035377201205908     
   1.0015804597534326     
   1.0014731182997854     
   1.0026523763877992     
   1.0008142196538394     
   1.0000219697622403     
  0.99993763398086943     
   1.0004566563475714     
  0.99768630389209356     
  0.99681985610792168     
  0.99715479204330248     
  0.99582220503162622     
  0.99513801844778604     
  0.99655521010513171     
  0.99591577632020345     
  0.99881738626658823     
  0.99925324648689573     
  0.99887031376530622     
  0.99936292901600288     
   1.0023884448896296     
   1.0020345530731216     
   1.0009194522977438     
   1.0035704746731080     
   1.0023039944503367     
   1.0038255196268737     
   1.0046463736179088     
   1.0049282625897076     
   1.0057101946627809     
   1.0074100623615838     
   1.0095331429147412     
   1.0096261640478172     
   1.0092325291506190     
   1.0114233784254445     
   1.0110807552467065     
   1.0109474231566673     
   1.0108796840949688     
   1.0125060823090490     
   1.0158000800100857     
   1.0159804588800088     
   1.0178798586376601     
   1.0199615184798785     
   1.0204364224600952     
   1.0220216553888974     
   1.0220130079375640     
   1.0221035081096783     
   1.0213237423644350     
   1.0223468377601594     
   1.0232235304415125     
   1.0238124887588298     
   1.0265188909851017     
   1.0261625395123526     
   1.0259767631598424     
   1.0259009605252745     
   1.0240685340930078     
   1.0251759291212745     
   1.0239475227652504     
   1.0237058917014283     
   1.0225574890161495     
   1.0233709490456733     
   1.0238605566923846     
   1.0238221583325324     
   1.0220053275226422     
   1.0223491175815229     
   1.0214186753344512     
   1.0203797351831445     
   1.0198032204567613     
   1.0193772793214964     
   1.0197107911484711     
   1.0199101053912658     
   1.0175628977490812     
   1.0173794356749555     
   1.0161378453771772     
   1.0162082693667802     
   1.0161916749480004     
   1.0155167666353739     
   1.0157570139408265     
   1.0147433439929046     
   1.0148818926917673     
   1.0109532853414265     
   1.0115879038639983     
   1.0133305238694061     
   1.0115660704140799     
   1.0111340114577225     
   1.0114780652784261     
   1.0076840699083680     
   1.0086933673763949     
   1.0074532018411066     
   1.0062317660160089     
   1.0067177061609580     
   1.0054832935757911     
   1.0053996346240410     
   1.0052905718918370     
   1.0049460930354743     
   1.0045187269528586     
   1.0043235575663969     
   1.0034872020963519     
   1.0030685373738455     
   1.0022739994030452     
   1.0015344785678970     
   1.0011597663191338     
   1.0017869370872987     
   1.0013113904227284     
   1.0011950315981941     
   1.0001451473755933     
  0.99991737841696682     
  0.99969429470336690     
  0.99946304463953406     
  0.99845739808869338     
  0.99806866948385287     
  0.99789010625496644     
  0.99761470761109017     
  0.99756619049736461     
  0.99904088350311659     
  0.99947298217365821     
  0.99861630342781127     
  0.99736539816616709     
  0.99716534176317229     
  0.99776759893807576     
  0.99809042772632828     
  0.99737064947773491     
  0.99845143575872231     
  0.99842676212993930     
  0.99895227839454559     
  0.99826233169356038     
  0.99748129650559325     
  0.99797209792793351     
  0.99955118555330646     
  0.99981399796929449     
  0.99897794397693640     
   1.0005593563277637     
   1.0009044673412064     
   1.0013732875470009     
   1.0007147200206790     
   1.0021959406721213     
   1.0013965198653152     
   1.0025602562992846     
   1.0019891158612806     
   1.0021201583099688     
   1.0032144767752857     
   1.0036676197608867     
   1.0032980852298203     
   1.0025028223165360     
   1.0035699079510720     
   1.0032945977696592     
   1.0043169430581094     
   1.0045622471461699     
   1.0046530543824088     
   1.0046818654756458     
   1.0034995674165141     
   1.0035192754817981     
   1.0034893136878373     
   1.0027753393385919     
   1.0045265808459325     
   1.0043499875476374     
   1.0047600164479320     
   1.0052270066204756     
   1.0044753712579191     
   1.0045534685761834     
   1.0036577961356599     
   1.0035596407268510     
   1.0045187462469247     
   1.0034459251710675     
   1.0031841688435106     
   1.0020449620160883     
   1.0008832435036028     
   1.0016943533491636     
   1.0018797927110814     
   1.0005423207753310     
   1.0012321675369000     
   1.0006091884998982     
   1.0008204586265719     
   1.0010428469848964     
  0.99995018030918348     
  0.99948916800991494     
  0.99984848772617330     
   1.0005360345932190     
  0.99960016096989712     
  0.99846547944466246     
  0.99791455085260772     
  0.99738193854617307     
  0.99634726656978767     
  0.99650386150551706     
  0.99673804019983170     
  0.99609948603976328     
  0.99627015665649687     
  0.99714421280048593     
  0.99558586506985813     
  0.99469149492588005     
  0.99400232722769699     
  0.99474776999226999     
  0.99376020322902692     
  0.99287333342611384     
  0.99359638719299359     
  0.99312837595510950     
  0.99166406359710835     
  0.99191017639855061     
  0.99268699238388347     
  0.99422851975020121     
  0.99435382390523430     
  0.99436350356121173     
  0.99327312590495720     
  0.99298429553273171     
  0.99333860300690835     
  0.99288839270972240     
  0.99384904435854793     
  0.99302187438983103     
  0.99204255196912827     
  0.99318526924383288     
  0.99295147389419947     
  0.99245455441146657     
  0.99244762162191713     
  0.99164074496474874     
  0.99166130493492233     
  0.99133216698967386     
  0.99225341397952582     
  0.99305850215120473     
  0.99197790467156255     
