 TEMP->   1.2500000000000000     
 DENSITY->   1.2000000476837158     
 N->         864
 CUTOFF->   3.2999999523162842     
 NUM_STEPS->       10000
   0.0000000000000000     
   0.0000000000000000     
   0.0000000000000000     
   0.0000000000000000     
   0.0000000000000000     
   0.0000000000000000     
   0.0000000000000000     
   0.0000000000000000     
   0.0000000000000000     
   0.0000000000000000     
   0.0000000000000000     
   0.0000000000000000     
   0.0000000000000000     
   0.0000000000000000     
   0.0000000000000000     
   0.0000000000000000     
   0.0000000000000000     
   0.0000000000000000     
   0.0000000000000000     
   0.0000000000000000     
   0.0000000000000000     
   0.0000000000000000     
   0.0000000000000000     
   0.0000000000000000     
   0.0000000000000000     
   0.0000000000000000     
   0.0000000000000000     
   0.0000000000000000     
   0.0000000000000000     
   0.0000000000000000     
   0.0000000000000000     
   0.0000000000000000     
   0.0000000000000000     
   0.0000000000000000     
   0.0000000000000000     
   0.0000000000000000     
   0.0000000000000000     
   0.0000000000000000     
   0.0000000000000000     
   0.0000000000000000     
   0.0000000000000000     
   0.0000000000000000     
   0.0000000000000000     
   0.0000000000000000     
   0.0000000000000000     
   0.0000000000000000     
   0.0000000000000000     
   0.0000000000000000     
   0.0000000000000000     
   0.0000000000000000     
   0.0000000000000000     
   0.0000000000000000     
   0.0000000000000000     
   0.0000000000000000     
   0.0000000000000000     
   0.0000000000000000     
   0.0000000000000000     
   0.0000000000000000     
   0.0000000000000000     
   0.0000000000000000     
   0.0000000000000000     
   0.0000000000000000     
   0.0000000000000000     
   0.0000000000000000     
   0.0000000000000000     
   0.0000000000000000     
   0.0000000000000000     
   0.0000000000000000     
   0.0000000000000000     
   0.0000000000000000     
   0.0000000000000000     
   0.0000000000000000     
   0.0000000000000000     
   0.0000000000000000     
   0.0000000000000000     
   0.0000000000000000     
   0.0000000000000000     
   0.0000000000000000     
   0.0000000000000000     
   0.0000000000000000     
   0.0000000000000000     
   0.0000000000000000     
   0.0000000000000000     
   0.0000000000000000     
   2.1523587228950863E-006
   4.2046111613560796E-006
   1.5610235319690258E-004
   8.4306538264603274E-004
   3.7791820573702391E-003
   1.4030643031270178E-002
   4.2065666950639770E-002
  0.10501289940754789     
  0.22884673160544147     
  0.43929771239614457     
  0.75824394064325318     
   1.1900899570599319     
   1.7212700419495142     
   2.3227758477430136     
   2.9417602222908799     
   3.5272303145630812     
   4.0418461154074699     
   4.4359895270610732     
   4.7005701374356690     
   4.8217265395566207     
   4.8007367793252600     
   4.6470008107284935     
   4.3954154412327187     
   4.0493832777708043     
   3.6694176916917893     
   3.2638719457472520     
   2.8512555476855228     
   2.4434860971281824     
   2.0606202347931890     
   1.7132141664034117     
   1.4005437602134978     
   1.1293358293540188     
  0.89957715517887227     
  0.70670222855472475     
  0.54956354958705522     
  0.42068049608979668     
  0.31774953217271862     
  0.23759266215129599     
  0.17594278855981588     
  0.13140494619158663     
   9.8517654841421290E-002
   7.5049191660624875E-002
   6.0592841087015833E-002
   5.2369480985156161E-002
   5.0675235150939031E-002
   5.5679990591183920E-002
   6.3682633187580898E-002
   7.7804184167363913E-002
   9.8207062720726768E-002
  0.12455352633637802     
  0.15620989899254450     
  0.19545617090287468     
  0.24252300275706606     
  0.29701808891574000     
  0.35741391597147498     
  0.42478570966104073     
  0.49390418476639486     
  0.56844179140350037     
  0.64299747787379902     
  0.71323579746687360     
  0.78068371584993645     
  0.83813301973600995     
  0.88555190871827927     
  0.91864922561891438     
  0.93647717725665591     
  0.93651724697318206     
  0.92241012646398035     
  0.89199105693737413     
  0.84680274216336371     
  0.79035758326281458     
  0.72800544723640281     
  0.65579336520292253     
  0.58243128660445309     
  0.50964256467291047     
  0.43802687582225741     
  0.37484341296010582     
  0.31880606095038944     
  0.27228085654613488     
  0.24013636571617561     
  0.22122912104110104     
  0.21820852536345367     
  0.23240491929314705     
  0.26869363845820193     
  0.32492088542075354     
  0.40527627127279026     
  0.51352086121033014     
  0.64672988832606981     
  0.80837552700932480     
  0.99268794365173818     
   1.1948639588976175     
   1.4163346815210007     
   1.6470577619929014     
   1.8689066217338581     
   2.0813023329187184     
   2.2708254365448597     
   2.4306320017274201     
   2.5439444496992225     
   2.6144423073076095     
   2.6331641922554776     
   2.5999282849969130     
   2.5232585200111264     
   2.4001719255580625     
   2.2446376963917225     
   2.0584970700356289     
   1.8550751638651852     
   1.6448219838580742     
   1.4356296616821707     
   1.2347703761128428     
   1.0502397422395078     
  0.88665007446844923     
  0.74902906066124531     
  0.63996094599746289     
  0.55712482229425619     
  0.50540785820665768     
  0.47992045010974438     
  0.47966148353295962     
  0.50149615477106368     
  0.54306609758973834     
  0.59758780191222460     
  0.65957084839930291     
  0.73050887236930739     
  0.79712069370563732     
  0.86018991396931588     
  0.91455318254305984     
  0.95505097537956141     
  0.98229821492826608     
  0.99186738867020574     
  0.98359002230353942     
  0.96223131313179722     
  0.92763045297743385     
  0.87945432165277071     
  0.82876551071478455     
  0.77132577092603971     
  0.71932348371369259     
  0.67392865251089251     
  0.63698922549103165     
  0.61268375013889576     
  0.60148564571438123     
  0.60858984091284862     
  0.63328008129882585     
  0.67611233550940053     
  0.73571893544799405     
  0.81065754107911259     
  0.89541905401299748     
  0.98820484423064947     
   1.0855232695034407     
   1.1798353171106279     
   1.2697579587746588     
   1.3440622743279522     
   1.4072011975278262     
   1.4497287714391596     
   1.4723312151174759     
   1.4719180075435705     
   1.4461274103707760     
   1.3990842920931272     
   1.3345051021510983     
   1.2540947233177779     
   1.1641090351962298     
   1.0657860188063146     
  0.96732488065530942     
  0.87199197745666213     
  0.78145985260881989     
  0.69874899050590877     
  0.62830112133082283     
  0.57223662129838559     
  0.52794355757438427     
  0.49763936678919424     
  0.47766892840790076     
  0.46789777494047596     
  0.46550592666254970     
  0.46814958985039751     
  0.47303445709062009     
  0.48080382680731865     
  0.48809891760217050     
  0.49568346278814618     
  0.50522458146233140     
  0.51731617861964496     
  0.53203497846121939     
  0.55431972671999674     
  0.58432589385768230     
  0.62951631331750724     
  0.68709406222569791     
  0.76227278530559406     
  0.85662737195266114     
  0.96756160228312527     
   1.0957419988701027     
   1.2361207164194385     
   1.3846804056081858     
   1.5362437431291416     
   1.6850512248816585     
   1.8234086171495834     
   1.9477042330710785     
   2.0439763143694623     
   2.1142020430006574     
   2.1497809129028980     
   2.1527176709095341     
   2.1205194351164831     
   2.0573426416620966     
   1.9647735358250389     
   1.8470492739418500     
   1.7111517322319723     
   1.5656759498168502     
   1.4130388117790549     
   1.2607953019242266     
   1.1145808325600342     
  0.97820057201336663     
  0.85543999637983636     
  0.74670169218581683     
  0.65380016042129308     
  0.57737443224587826     
  0.51583436579921960     
  0.46831341239789037     
  0.43392542607331563     
  0.41215864191575274     
  0.40057178115624864     
  0.40058622869673910     
  0.41052452744060514     
  0.42931511073172862     
  0.45814158145644091     
  0.49570296829071381     
  0.54277797127103800     
  0.59994827457364519     
  0.66395027396152362     
  0.73691782366224756     
  0.81500979701726251     
  0.89461607276777799     
  0.97455341779094384     
   1.0509861970147787     
   1.1229869652961522     
   1.1844810276400468     
   1.2347831559567779     
   1.2727285080812110     
   1.2938731062357924     
   1.3026796720064169     
   1.2954024769265509     
   1.2762755919508120     
   1.2486399325512803     
   1.2118348640364653     
   1.1747054655043665     
   1.1339304274263464     
   1.0944228974372721     
   1.0573829107140431     
   1.0252483611205332     
  0.99786051717119861     
  0.97634598613741941     
  0.95848894804037421     
  0.94464215624191938     
  0.93325660128072607     
  0.92293681983008546     
  0.91118551966939076     
  0.90110530932207156     
  0.88775868862499341     
  0.87544709205172189     
  0.86285490655552288     
  0.84973277078008225     
  0.83905209228190192     
  0.83053742901781880     
  0.82507352069866302     
  0.82213972860720974     
  0.82128829841911510     
  0.82271197942613350     
  0.82708126425318496     
  0.83207872056194443     
  0.83684238838587288     
  0.83851019731969234     
  0.84027835643147952     
  0.83941529497974010     
  0.83578491765213891     
  0.82993311589077490     
  0.82343538634757463     
  0.81584408848723711     
  0.80906757059947665     
  0.80512642260058176     
  0.80409200656295066     
  0.80573368986439886     
  0.81317417362219047     
  0.82477224524393045     
  0.84181823953556212     
  0.86344348925770376     
  0.89281575682072378     
  0.92464433532456780     
  0.96306317274140829     
   1.0075216947050640     
   1.0582579126003795     
   1.1164060408979957     
   1.1803282090277505     
   1.2502164485080935     
   1.3241161308065861     
   1.4039776086745894     
   1.4808301864846420     
   1.5581103661291702     
   1.6290773696129437     
   1.6896179109957594     
   1.7375588259064476     
   1.7676353806881462     
   1.7802088526344653     
   1.7726699713203264     
   1.7407363474336419     
   1.6870009676632978     
   1.6135115701898051     
   1.5217997372112249     
   1.4171666437920392     
   1.3009931420870704     
   1.1795506294932976     
   1.0600209395045916     
  0.94281899151635906     
  0.83540897839136508     
  0.74011773180262641     
  0.65836763056346115     
  0.59296408361081898     
  0.54681787006763183     
  0.51912380761909993     
  0.50932881997069501     
  0.51637200280124118     
  0.53932647035503900     
  0.57494827477010280     
  0.62200400454547311     
  0.67633529855238961     
  0.73555102036454878     
  0.79467856048993613     
  0.85283423283449245     
  0.90444116304237998     
  0.94840024594734151     
  0.98343930688174563     
   1.0069272075011089     
   1.0173692509536763     
   1.0151079047454454     
   1.0022550609855057     
  0.97983959308281698     
  0.94864868615942355     
  0.91090821881246342     
  0.87044624579480767     
  0.82877493311036565     
  0.78830487668019567     
  0.75148224752931747     
  0.72116301572907671     
  0.69821928856446991     
  0.68327722687829995     
  0.67807960862696115     
  0.68272871082138475     
  0.69574782830550197     
  0.71738086759718123     
  0.74661181212913519     
  0.78153024958815021     
  0.82098967396945244     
  0.86251198742406998     
  0.90433540392331846     
  0.94577839771409122     
  0.98285245778967079     
   1.0145890068615846     
   1.0406690944876174     
   1.0602571475487854     
   1.0747322861519077     
   1.0819240318203072     
   1.0821240999883797     
   1.0797512124161606     
   1.0736943950744178     
   1.0658694848926680     
   1.0591053719596792     
   1.0537196393058170     
   1.0520629434877018     
   1.0546655726520553     
   1.0615330768914879     
   1.0761782935293804     
   1.0267055896852153     
