 TEMP->  0.50000000000000000     
 DENSITY->  0.75000000000000000     
 N->         864
 CUTOFF->   3.2999999523162842     
 NUM_STEPS->       10000
   0.0000000000000000     
   0.0000000000000000     
   0.0000000000000000     
   0.0000000000000000     
   0.0000000000000000     
   0.0000000000000000     
   0.0000000000000000     
   0.0000000000000000     
   0.0000000000000000     
   0.0000000000000000     
   0.0000000000000000     
   0.0000000000000000     
   0.0000000000000000     
   0.0000000000000000     
   0.0000000000000000     
   0.0000000000000000     
   0.0000000000000000     
   0.0000000000000000     
   0.0000000000000000     
   0.0000000000000000     
   0.0000000000000000     
   0.0000000000000000     
   0.0000000000000000     
   0.0000000000000000     
   0.0000000000000000     
   0.0000000000000000     
   0.0000000000000000     
   0.0000000000000000     
   0.0000000000000000     
   0.0000000000000000     
   0.0000000000000000     
   0.0000000000000000     
   0.0000000000000000     
   0.0000000000000000     
   0.0000000000000000     
   0.0000000000000000     
   0.0000000000000000     
   0.0000000000000000     
   0.0000000000000000     
   0.0000000000000000     
   0.0000000000000000     
   0.0000000000000000     
   0.0000000000000000     
   0.0000000000000000     
   0.0000000000000000     
   0.0000000000000000     
   0.0000000000000000     
   0.0000000000000000     
   0.0000000000000000     
   0.0000000000000000     
   0.0000000000000000     
   0.0000000000000000     
   0.0000000000000000     
   0.0000000000000000     
   0.0000000000000000     
   0.0000000000000000     
   0.0000000000000000     
   0.0000000000000000     
   0.0000000000000000     
   0.0000000000000000     
   0.0000000000000000     
   0.0000000000000000     
   0.0000000000000000     
   0.0000000000000000     
   0.0000000000000000     
   0.0000000000000000     
   0.0000000000000000     
   0.0000000000000000     
   0.0000000000000000     
   0.0000000000000000     
   0.0000000000000000     
   0.0000000000000000     
   0.0000000000000000     
   0.0000000000000000     
   0.0000000000000000     
   0.0000000000000000     
   0.0000000000000000     
   0.0000000000000000     
   0.0000000000000000     
   0.0000000000000000     
   0.0000000000000000     
   0.0000000000000000     
   0.0000000000000000     
   0.0000000000000000     
   0.0000000000000000     
   0.0000000000000000     
   0.0000000000000000     
   0.0000000000000000     
   0.0000000000000000     
   9.2092286648748322E-006
   5.1038727206854956E-005
   2.2615000910892723E-004
   1.4915299035110890E-003
   6.2048367392706612E-003
   1.9888501864346941E-002
   5.4453800366111922E-002
  0.12445148992759783     
  0.24815352458644532     
  0.43977714853163463     
  0.70446626503663967     
   1.0284350531532496     
   1.4026148211469815     
   1.8067823034857005     
   2.1886082350895966     
   2.5381700188483638     
   2.8263022772976840     
   3.0576001201119491     
   3.2116187184436802     
   3.3123330439657312     
   3.3397420961891306     
   3.3108426260412678     
   3.2409184844483607     
   3.1464844440795412     
   3.0388555164388165     
   2.9004257264612057     
   2.7598789123746230     
   2.6119930917810263     
   2.4596282764221185     
   2.3215511081200249     
   2.1770336802871459     
   2.0430584267269638     
   1.9229201034293522     
   1.8008598277776426     
   1.6922062262545730     
   1.5883279828961681     
   1.4938398074687023     
   1.3978664888106453     
   1.3232591841852797     
   1.2509403853397894     
   1.1850920907487155     
   1.1227679400535480     
   1.0648373639824331     
   1.0119162024051307     
  0.96368790318286546     
  0.92258890535013660     
  0.88422896336663748     
  0.84935917490415436     
  0.81802595523792510     
  0.78770709811818473     
  0.76118150120028394     
  0.73559515547644450     
  0.71901689846730621     
  0.70073621847452949     
  0.68451390227276609     
  0.66691846808757538     
  0.65192870783821943     
  0.64200727559294779     
  0.63169277835274396     
  0.62104165526463262     
  0.61454679260618239     
  0.60942627984298214     
  0.60355882870825950     
  0.59920917878444924     
  0.59591790625278984     
  0.59451559340398330     
  0.59354230798959562     
  0.59426406347010408     
  0.59751579879110228     
  0.59922504767239682     
  0.60361377257891335     
  0.60551306758764312     
  0.60875783942574402     
  0.61529834036581765     
  0.62388646310461937     
  0.63409463569657065     
  0.64864273176074894     
  0.65792526844088040     
  0.67132622356683824     
  0.68317888285552464     
  0.69706385195124920     
  0.71371601968576570     
  0.73053212610817175     
  0.75101516256126688     
  0.77033510393147431     
  0.79092857004770878     
  0.81570148211038096     
  0.83783835959816233     
  0.86259233419881909     
  0.88440450008970495     
  0.90915463380707751     
  0.93811720723138758     
  0.96163173384597345     
  0.98807910132472798     
   1.0125149570061054     
   1.0362625670221879     
   1.0609184132283009     
   1.0839190740983446     
   1.1035806732042541     
   1.1252758336929281     
   1.1483057171449205     
   1.1658043268868390     
   1.1870691797191910     
   1.2040699424020991     
   1.2169606979350336     
   1.2319419979629560     
   1.2448521885789623     
   1.2575338689677913     
   1.2707976246466790     
   1.2802074948332529     
   1.2893628387404770     
   1.2966929566479519     
   1.3049693240988758     
   1.3106249642986707     
   1.3224101636634247     
   1.3267076373940512     
   1.3308409865828252     
   1.3351372845327534     
   1.3342754595794419     
   1.3386692656525390     
   1.3417252526935188     
   1.3416429156261138     
   1.3389273386712361     
   1.3351616299179501     
   1.3301608879523845     
   1.3270309232210853     
   1.3150332942069223     
   1.3062507721477878     
   1.2927511701130585     
   1.2829735324529201     
   1.2691809635627809     
   1.2514143852017341     
   1.2338074283789233     
   1.2149736682200403     
   1.1995959827669382     
   1.1833881738400123     
   1.1626424223329779     
   1.1413792330273562     
   1.1201020805251298     
   1.1005002494430851     
   1.0828363828458112     
   1.0628410340413508     
   1.0435716800487322     
   1.0277907411359020     
   1.0099416429021129     
  0.99339996400576791     
  0.97720686621314901     
  0.96302368913566383     
  0.95117072139170633     
  0.93659675860461933     
  0.92287169682940662     
  0.91115776445337238     
  0.90171681799827497     
  0.89209379029495839     
  0.88452403869279617     
  0.87388202186643038     
  0.86637830930990190     
  0.86144319628808541     
  0.85556548166905932     
  0.85030777820086689     
  0.84759921639857339     
  0.84369077114262114     
  0.84073074115929458     
  0.83941243570949531     
  0.83779141277998570     
  0.84026394067023580     
  0.84364285821229501     
  0.84541615427429173     
  0.85108268296745937     
  0.85382795337384276     
  0.85585428125584995     
  0.86263970751462082     
  0.86730259523779873     
  0.87412162653221592     
  0.87919601777692147     
  0.88692405260747376     
  0.89749695212889125     
  0.90509870773163592     
  0.91429350877593918     
  0.92510624387913820     
  0.93500808866775986     
  0.94410099386986501     
  0.95533422261015033     
  0.96526810656047135     
  0.97534568945435640     
  0.98521451948069916     
  0.99611525574624926     
   1.0085972751035650     
   1.0206321036186645     
   1.0323888088810262     
   1.0401050212790546     
   1.0513979283519372     
   1.0603983494152576     
   1.0698669813576662     
   1.0791419057412792     
   1.0879248282536054     
   1.0972661582744874     
   1.1013473073744851     
   1.1081535295302081     
   1.1152207809451458     
   1.1201138730824820     
   1.1247034846378756     
   1.1272482197228424     
   1.1306674305520927     
   1.1322781211557555     
   1.1357639873441296     
   1.1387797570361740     
   1.1387737193701877     
   1.1396863627117730     
   1.1396784127529538     
   1.1399628728962654     
   1.1370933134784798     
   1.1378922692306981     
   1.1361787792444913     
   1.1339874227456397     
   1.1308325828896804     
   1.1254546886993533     
   1.1230543924119687     
   1.1183558552721091     
   1.1154243098271706     
   1.1126948886661345     
   1.1070910356227313     
   1.1014197747345127     
   1.0967951751472784     
   1.0903118716104889     
   1.0843195473494127     
   1.0801993074712046     
   1.0739178414025783     
   1.0694155957872364     
   1.0636881614491589     
   1.0569599126462919     
   1.0505301071414130     
   1.0456736898200345     
   1.0402540988967026     
   1.0335933653280536     
   1.0258239972684218     
   1.0204932997574576     
   1.0163464340237816     
   1.0101003820524570     
   1.0060241960419005     
  0.99994022980498687     
  0.99637795449323585     
  0.99247522440186697     
  0.98638297824560139     
  0.97982895295427297     
  0.97501388812202638     
  0.97132751781823434     
  0.96834630310237058     
  0.96464135485305502     
  0.96199609270687481     
  0.95756805219619667     
  0.95465975490927080     
  0.95056258662204540     
  0.94835161526323530     
  0.94717076798769995     
  0.94493696754430345     
  0.94250527516747518     
  0.94038898510995528     
  0.94076262278847755     
  0.93918075769756648     
  0.94048143135588924     
  0.93938953286301130     
  0.94096567091006922     
  0.94269999324696319     
  0.94407753859456689     
  0.94540244931066908     
  0.94727461844529626     
  0.94942339862526015     
  0.95190774909679909     
  0.95358913095117659     
  0.95623045383921146     
  0.95964199330714939     
  0.96342795281590121     
  0.96718097875141040     
  0.96956582428754667     
  0.97547900464356674     
  0.97925555618672389     
  0.98351554198597801     
  0.98650815824928595     
  0.99222203524307118     
  0.99629604166778474     
   1.0001638837185349     
   1.0040189932506156     
   1.0085479308939720     
   1.0124371201086162     
   1.0157179927787745     
   1.0207374753256713     
   1.0244086594379009     
   1.0279391869092245     
   1.0307672961937520     
   1.0334687249211554     
   1.0379163029920775     
   1.0414456851997191     
   1.0422058540365500     
   1.0437529876144722     
   1.0452225456325888     
   1.0496355256440255     
   1.0518886751365741     
   1.0548141826446724     
   1.0564807982973707     
   1.0543814113259673     
   1.0568982366165818     
   1.0575306812104757     
   1.0575538355326848     
   1.0582540470154858     
   1.0571529295869699     
   1.0560467312146988     
   1.0569921924162640     
   1.0558793910319983     
   1.0548375193479176     
   1.0546531546071876     
   1.0526663155300022     
   1.0514551032765869     
   1.0491464544334748     
   1.0467115189364942     
   1.0428850627008126     
   1.0416675291931186     
   1.0401402643905260     
   1.0375143129342745     
   1.0335376618384413     
   1.0303211990663388     
   1.0287376742062095     
   1.0267626625596409     
   1.0238735760991198     
   1.0211430554442000     
   1.0168686485605178     
   1.0130603493403900     
   1.0099300332820371     
   1.0084263891689724     
   1.0053914513331876     
   1.0040688603188328     
   1.0011094236010694     
  0.99973998900315764     
  0.99801565035856565     
  0.99480874561913035     
  0.99147480233896279     
  0.98906855687052930     
  0.98683765318993122     
  0.98409042507386491     
  0.98248125252805918     
  0.98124987900606908     
  0.98003246624516271     
  0.97981736367650873     
  0.97768347120199783     
  0.97740391747043309     
  0.97702566442347383     
  0.97624423534094396     
  0.97478318947126896     
  0.97300501720492694     
  0.97137792586295890     
  0.97092289778688312     
  0.97150960579008949     
  0.96988981958769116     
  0.97107680907733451     
  0.97086208139572261     
  0.97078008577488917     
  0.97077713120484099     
  0.97096341218885851     
  0.97201591269963949     
  0.97318898405247267     
  0.97371768831906846     
  0.97374529299660140     
  0.97419083177321819     
  0.97452517100021230     
  0.97603769008389774     
  0.97739701297338699     
  0.97851468513970119     
  0.98009721299733543     
  0.98129719666779369     
  0.98378662842906262     
  0.98468758081081775     
  0.98692045582632715     
  0.98870277177964283     
  0.99004823664619879     
  0.99208872263259984     
  0.99365322342392626     
  0.99637087580869022     
  0.99658240154877609     
  0.99803983265468510     
   1.0005992876211502     
   1.0026745578118135     
   1.0032008369218082     
   1.0054639997266113     
   1.0068609827120354     
   1.0070247491488902     
   1.0079342764643275     
   1.0105834197621311     
   1.0126527213381253     
   1.0128283924427126     
   1.0132825362188396     
   1.0136215225066456     
   1.0167373702226163     
   1.0163714234342553     
   1.0160444506435393     
   1.0165802102302410     
   1.0178728184150214     
   1.0191961316969251     
   1.0190515115254852     
   1.0189377822259655     
   1.0194952904321988     
   1.0194037908317466     
   1.0189321284690458     
   1.0182794606029610     
   1.0181524643618287     
   1.0167277928458629     
   1.0163208333839504     
   1.0157975043048075     
   1.0156676422196595     
   1.0153285398224134     
   1.0145435529384570     
   1.0127897874466141     
   1.0117134447669525     
   1.0098755064197436     
   1.0089770841505454     
   1.0084373854141988     
   1.0063526075507805     
   1.0059310740452156     
   1.0041554618815329     
   1.0022850101854630     
   1.0008499970147557     
   1.0004870026841524     
   1.0000572732838866     
  0.99781602281546389     
  0.99770321310866417     
  0.99633681458234136     
  0.99389046543608850     
  0.99371668726389784     
  0.99240601438181530     
  0.99103119792258643     
  0.98980959561309378     
  0.98801111850728474     
  0.98775420896684363     
  0.98690141291781186     
  0.98709927885537241     
  0.98630405630992912     
  0.98343661251351611     
