 TEMP->   2.5000000000000000     
 DENSITY->  0.94999998807907104     
 N->         864
 CUTOFF->   3.2999999523162842     
 NUM_STEPS->       10000
   0.0000000000000000     
   0.0000000000000000     
   0.0000000000000000     
   0.0000000000000000     
   0.0000000000000000     
   0.0000000000000000     
   0.0000000000000000     
   0.0000000000000000     
   0.0000000000000000     
   0.0000000000000000     
   0.0000000000000000     
   0.0000000000000000     
   0.0000000000000000     
   0.0000000000000000     
   0.0000000000000000     
   0.0000000000000000     
   0.0000000000000000     
   0.0000000000000000     
   0.0000000000000000     
   0.0000000000000000     
   0.0000000000000000     
   0.0000000000000000     
   0.0000000000000000     
   0.0000000000000000     
   0.0000000000000000     
   0.0000000000000000     
   0.0000000000000000     
   0.0000000000000000     
   0.0000000000000000     
   0.0000000000000000     
   0.0000000000000000     
   0.0000000000000000     
   0.0000000000000000     
   0.0000000000000000     
   0.0000000000000000     
   0.0000000000000000     
   0.0000000000000000     
   0.0000000000000000     
   0.0000000000000000     
   0.0000000000000000     
   0.0000000000000000     
   0.0000000000000000     
   0.0000000000000000     
   0.0000000000000000     
   0.0000000000000000     
   0.0000000000000000     
   0.0000000000000000     
   0.0000000000000000     
   0.0000000000000000     
   0.0000000000000000     
   0.0000000000000000     
   0.0000000000000000     
   0.0000000000000000     
   0.0000000000000000     
   0.0000000000000000     
   0.0000000000000000     
   0.0000000000000000     
   0.0000000000000000     
   0.0000000000000000     
   0.0000000000000000     
   0.0000000000000000     
   0.0000000000000000     
   0.0000000000000000     
   0.0000000000000000     
   0.0000000000000000     
   0.0000000000000000     
   0.0000000000000000     
   0.0000000000000000     
   0.0000000000000000     
   0.0000000000000000     
   0.0000000000000000     
   0.0000000000000000     
   0.0000000000000000     
   0.0000000000000000     
   0.0000000000000000     
   0.0000000000000000     
   0.0000000000000000     
   0.0000000000000000     
   0.0000000000000000     
   0.0000000000000000     
   2.9956700354105423E-006
   2.6303468963487149E-005
   1.9680083181500421E-004
   1.0441047050971262E-003
   3.9585277444889339E-003
   1.2489023574159023E-002
   3.2978677815459934E-002
   7.6365246683065130E-002
  0.15282544591495062     
  0.27161408547265276     
  0.43452050074028542     
  0.64008259652698840     
  0.88456754338020094     
   1.1466017050567940     
   1.4145151320386402     
   1.6711676185934767     
   1.9007019763118844     
   2.1052985260115316     
   2.2701318309187570     
   2.3915517332604130     
   2.4741054159540403     
   2.5193771114044456     
   2.5323276509637558     
   2.5139880770455494     
   2.4740410194378710     
   2.4295439651976252     
   2.3655678778115887     
   2.2871673171543891     
   2.2031864224191109     
   2.1186672544801071     
   2.0280584013025384     
   1.9372232839731618     
   1.8507386384881170     
   1.7619937477862693     
   1.6799297836311029     
   1.6044753885321119     
   1.5291689277099016     
   1.4593520587632114     
   1.3926871501818596     
   1.3273820252209396     
   1.2697552873781424     
   1.2158395483588553     
   1.1620667919351220     
   1.1156195811757053     
   1.0724762539095409     
   1.0316578242948760     
  0.99456398672772317     
  0.95654514823484871     
  0.92827631595113658     
  0.89670940428077472     
  0.86857464041890564     
  0.84361358787097873     
  0.82235613449292566     
  0.80164182107159088     
  0.77998126235747411     
  0.76367491640286267     
  0.74872572491463529     
  0.73280757734634949     
  0.72118289071858921     
  0.70767626021286434     
  0.70002318703505773     
  0.68940272724755836     
  0.68410202692837985     
  0.67624765409556353     
  0.67212940751689465     
  0.66988489139931617     
  0.66798976374787988     
  0.66424260606252228     
  0.66393607516934128     
  0.66223634285765931     
  0.66164319232953195     
  0.66419063784380195     
  0.66793512688419387     
  0.67145265381167685     
  0.67760560132353931     
  0.68622911437554868     
  0.69128986269318182     
  0.69975760791582353     
  0.70642342911339473     
  0.71769477518465397     
  0.72886636489365808     
  0.74056152429678546     
  0.75167555913600204     
  0.76507449562630814     
  0.77873942304083354     
  0.79356994647107726     
  0.80798976969794589     
  0.82191836344877667     
  0.83629862849426773     
  0.85156172313558964     
  0.87202098657638705     
  0.89041464419432181     
  0.90721077720753085     
  0.92754900137854324     
  0.94461823894868524     
  0.96288307503397708     
  0.98128395042521288     
  0.99723481439135542     
   1.0139685116607811     
   1.0325712045823581     
   1.0504139469149694     
   1.0661506507307521     
   1.0841736790552992     
   1.0980091963602112     
   1.1149885609432304     
   1.1288767176501342     
   1.1437593660909700     
   1.1587271867706368     
   1.1726298340177599     
   1.1816299879797381     
   1.1922562372680081     
   1.2020688967954394     
   1.2093549067700275     
   1.2160702924889379     
   1.2182493918266837     
   1.2214606574286093     
   1.2237427218735066     
   1.2243906613964513     
   1.2246432198807129     
   1.2238356476138401     
   1.2207406327451129     
   1.2160310580582780     
   1.2107047537432980     
   1.2021146639617972     
   1.1945060397855234     
   1.1843753634852590     
   1.1742105196006509     
   1.1624967342216155     
   1.1508195941476391     
   1.1416658262528765     
   1.1289005235098206     
   1.1151606740938047     
   1.1023777353720783     
   1.0897524320883991     
   1.0782081487042623     
   1.0657208877287683     
   1.0521280996706055     
   1.0392928310815597     
   1.0278368608237500     
   1.0171093173787513     
   1.0032608261487670     
  0.99271773552270559     
  0.98312826180212953     
  0.97133270207430999     
  0.96248952884392136     
  0.95496149125190122     
  0.94812758805706576     
  0.93911157201010942     
  0.93131242654601576     
  0.92500092495609010     
  0.91706646861044594     
  0.91150583347006398     
  0.90665278657575588     
  0.90115211379579585     
  0.89619043693076628     
  0.89237489907505108     
  0.89110765995730379     
  0.88701899120834082     
  0.88604029199846579     
  0.88472207919416190     
  0.88405360602538274     
  0.88527408467222657     
  0.88548542913414674     
  0.88592373604322538     
  0.88788918210337564     
  0.88982354829110488     
  0.89123985980109210     
  0.89378476325335532     
  0.89928158763992616     
  0.90202568602941835     
  0.90396265134631160     
  0.90843526615734049     
  0.91492618553336780     
  0.91957318467850313     
  0.92435821206520830     
  0.93083852503435460     
  0.93638731376263185     
  0.94226086511233575     
  0.94842762592234364     
  0.95391947702070279     
  0.96112633028022076     
  0.96841668627656885     
  0.97413061768695464     
  0.97939261203714312     
  0.98640285250931958     
  0.99230967017300609     
  0.99868132414966349     
   1.0049116961452467     
   1.0112120957919375     
   1.0172439453688642     
   1.0230519396385260     
   1.0285554610444219     
   1.0327811598620400     
   1.0394498072485476     
   1.0433679932014279     
   1.0474240088901219     
   1.0520992930097335     
   1.0553790545611457     
   1.0588840066492196     
   1.0612102791667499     
   1.0641498445985196     
   1.0648950020925307     
   1.0672541247515253     
   1.0681477891584306     
   1.0689217135373825     
   1.0695873943039838     
   1.0694403671256958     
   1.0688072960852930     
   1.0686760045993959     
   1.0664521290275859     
   1.0666877359343030     
   1.0655311128546789     
   1.0636941750237137     
   1.0611890840873526     
   1.0595900880570184     
   1.0576122356262934     
   1.0559385539187858     
   1.0526482412359137     
   1.0499623532393176     
   1.0477023801936713     
   1.0437525678349908     
   1.0393075268196486     
   1.0356370459419120     
   1.0325020997697885     
   1.0285176778027409     
   1.0254503338102632     
   1.0216680886908880     
   1.0173259016122227     
   1.0136736194268727     
   1.0106053436440008     
   1.0069975479311641     
   1.0023006172866737     
   1.0000980943741369     
  0.99638568798256799     
  0.99349389934921783     
  0.98958936160723587     
  0.98692992075548991     
  0.98432377614162514     
  0.98175094593705015     
  0.97774398052899603     
  0.97522774795941103     
  0.97264816576544433     
  0.97049147068219987     
  0.96856986167871262     
  0.96724414569048844     
  0.96497958532268124     
  0.96323228495858704     
  0.96299941442727166     
  0.96111917119942925     
  0.96073394482245955     
  0.96132871220801042     
  0.96080906225179030     
  0.96081206042797596     
  0.96010133227893790     
  0.96116130769868435     
  0.96185081444371623     
  0.96233034655426042     
  0.96346868208158365     
  0.96396619385323679     
  0.96617877363064197     
  0.96713401514757025     
  0.96868889459335861     
  0.96939247266391360     
  0.97067427016832919     
  0.97290989685128826     
  0.97509609677635367     
  0.97592975641704871     
  0.97881356885596982     
  0.98092610976041839     
  0.98276613310462968     
  0.98539249781884442     
  0.98760513093323532     
  0.99007148297386194     
  0.99262884732848244     
  0.99413833601409096     
  0.99661666288479578     
  0.99853300820885316     
   1.0008906526768395     
   1.0030068075190053     
   1.0060590995836740     
   1.0074096104350729     
   1.0106979244987522     
   1.0128739671328126     
   1.0138169380923687     
   1.0155683444201582     
   1.0169372565603516     
   1.0185380034976204     
   1.0195475826810789     
   1.0207996930594900     
   1.0218997723799998     
   1.0225102521434657     
   1.0232443784140088     
   1.0250934612221405     
   1.0252866424739153     
   1.0263509366996493     
   1.0260661383855283     
   1.0260389837568431     
   1.0261087382802974     
   1.0254708687840624     
   1.0254072238565504     
   1.0253043371258841     
   1.0234277968140053     
   1.0227682558541169     
   1.0235198139325747     
   1.0233459306638237     
   1.0226247603400076     
   1.0216166441648948     
   1.0202108568628685     
   1.0192124222065810     
   1.0179149372330245     
   1.0173620893269792     
   1.0158761324789209     
   1.0147393768600088     
   1.0133702328839325     
   1.0125892949467206     
   1.0112364961592266     
   1.0087353336443399     
   1.0075294153989753     
   1.0068647918094520     
   1.0050754065164074     
   1.0035832320878524     
   1.0021354635285771     
   1.0011818040933447     
   1.0000665765740047     
  0.99891844759921344     
  0.99820192121574614     
  0.99614541911174648     
  0.99528866190362852     
  0.99391822604612423     
  0.99391879170645181     
  0.99199946726527499     
  0.99087749852272211     
  0.99061849242302513     
  0.98987456777862026     
  0.98855399199490779     
  0.98870566400403270     
  0.98771400333526205     
  0.98700793674866250     
  0.98716997154580621     
  0.98677695329634085     
  0.98705872422412033     
  0.98567251683142121     
  0.98550256093031019     
  0.98503757739207676     
  0.98485916137237595     
  0.98600281588498917     
  0.98567064894722822     
  0.98625906798086815     
  0.98698393330692635     
  0.98677582002784836     
  0.98818276699356522     
  0.98780437990933945     
  0.98895403590775199     
  0.98916319784227857     
  0.99117762843418478     
  0.99111000651736048     
  0.99133143277651159     
  0.99136208054155406     
  0.99266694651808529     
  0.99375823208824954     
  0.99448683491803347     
  0.99562151510971808     
  0.99671556699070729     
  0.99736909628762793     
  0.99832863435016439     
  0.99995801191874278     
   1.0003631465985410     
   1.0013133381239732     
   1.0014964135752786     
   1.0024994137509406     
   1.0034253964220263     
   1.0039927140974194     
   1.0056624478729923     
   1.0058507798613678     
   1.0066805722092704     
   1.0074208776833045     
   1.0082490957223953     
   1.0076089513283482     
   1.0082241760626678     
   1.0092444064182571     
   1.0095868893711308     
   1.0091671547144974     
   1.0097553207223391     
   1.0101523635251390     
   1.0101273417804078     
   1.0099799730201280     
   1.0104597129254560     
   1.0110654725519899     
   1.0106578877737264     
   1.0099431439629443     
   1.0102140813390463     
   1.0106636489200105     
   1.0099642433857516     
   1.0104991194496393     
   1.0094438817272748     
   1.0094733128114726     
   1.0097025643847326     
   1.0092304637219203     
   1.0087091427796859     
   1.0069087130934018     
   1.0065014373931480     
   1.0062288558651178     
   1.0062356475304666     
   1.0057369398991780     
   1.0043142463654442     
