 TEMP->   2.5000000000000000     
 DENSITY->  0.75000000000000000     
 N->         864
 CUTOFF->   3.2999999523162842     
 NUM_STEPS->       10000
   0.0000000000000000     
   0.0000000000000000     
   0.0000000000000000     
   0.0000000000000000     
   0.0000000000000000     
   0.0000000000000000     
   0.0000000000000000     
   0.0000000000000000     
   0.0000000000000000     
   0.0000000000000000     
   0.0000000000000000     
   0.0000000000000000     
   0.0000000000000000     
   0.0000000000000000     
   0.0000000000000000     
   0.0000000000000000     
   0.0000000000000000     
   0.0000000000000000     
   0.0000000000000000     
   0.0000000000000000     
   0.0000000000000000     
   0.0000000000000000     
   0.0000000000000000     
   0.0000000000000000     
   0.0000000000000000     
   0.0000000000000000     
   0.0000000000000000     
   0.0000000000000000     
   0.0000000000000000     
   0.0000000000000000     
   0.0000000000000000     
   0.0000000000000000     
   0.0000000000000000     
   0.0000000000000000     
   0.0000000000000000     
   0.0000000000000000     
   0.0000000000000000     
   0.0000000000000000     
   0.0000000000000000     
   0.0000000000000000     
   0.0000000000000000     
   0.0000000000000000     
   0.0000000000000000     
   0.0000000000000000     
   0.0000000000000000     
   0.0000000000000000     
   0.0000000000000000     
   0.0000000000000000     
   0.0000000000000000     
   0.0000000000000000     
   0.0000000000000000     
   0.0000000000000000     
   0.0000000000000000     
   0.0000000000000000     
   0.0000000000000000     
   0.0000000000000000     
   0.0000000000000000     
   0.0000000000000000     
   0.0000000000000000     
   0.0000000000000000     
   0.0000000000000000     
   0.0000000000000000     
   0.0000000000000000     
   0.0000000000000000     
   0.0000000000000000     
   0.0000000000000000     
   0.0000000000000000     
   0.0000000000000000     
   0.0000000000000000     
   0.0000000000000000     
   0.0000000000000000     
   0.0000000000000000     
   0.0000000000000000     
   0.0000000000000000     
   0.0000000000000000     
   0.0000000000000000     
   0.0000000000000000     
   0.0000000000000000     
   0.0000000000000000     
   0.0000000000000000     
   0.0000000000000000     
   7.4039393190373351E-006
   8.3093683501424552E-005
   5.1137927581282815E-004
   1.8630817845702026E-003
   6.4313734879700721E-003
   1.7141682244834366E-002
   4.0968161708053355E-002
   8.2754279384078810E-002
  0.15199217962798250     
  0.25118859708757219     
  0.38239910631145879     
  0.54396296750785922     
  0.72563962421463302     
  0.91819730897083152     
   1.1094803426775255     
   1.3038848956590829     
   1.4797902483589180     
   1.6422295477820574     
   1.7686093590324872     
   1.8818416766475696     
   1.9622215093420965     
   2.0188532941488440     
   2.0604465122730669     
   2.0770233432480651     
   2.0758384726327579     
   2.0716737456646133     
   2.0520540518403849     
   2.0179450209177650     
   1.9822525572671990     
   1.9403948347054050     
   1.8921813726877261     
   1.8340740331612624     
   1.7838847436725325     
   1.7281185156059473     
   1.6769920017072557     
   1.6290001536922192     
   1.5784080119867625     
   1.5267488068004302     
   1.4772155392369104     
   1.4321965852387846     
   1.3879204808811887     
   1.3481869541680820     
   1.3080167278457233     
   1.2708679821797773     
   1.2305125045338206     
   1.2003014731265103     
   1.1703098523043507     
   1.1386799411308444     
   1.1151914723203367     
   1.0873008026129278     
   1.0587398705168991     
   1.0351144573982323     
   1.0116104997384383     
  0.98821412428502586     
  0.97056393132396601     
  0.95451469971325298     
  0.93967337375496374     
  0.92038459443941989     
  0.90432009008561742     
  0.88923465692872838     
  0.87788690528154878     
  0.86488720478290237     
  0.85318430277348434     
  0.84486804581123809     
  0.83406472720137126     
  0.82715779269788525     
  0.82021392742725974     
  0.81178246980775770     
  0.80452232356398690     
  0.79819377015300741     
  0.79328474295219076     
  0.79119291443929662     
  0.78655006424463048     
  0.78669314423961567     
  0.78402689578650531     
  0.78204000608200763     
  0.78324990008938677     
  0.78450119229426796     
  0.78468340602338205     
  0.78698419182638069     
  0.78861365346232715     
  0.79280115763840409     
  0.79554618969435487     
  0.79905205468524454     
  0.80157506449466731     
  0.80944031791152715     
  0.81441258561933338     
  0.82013683395542503     
  0.82395196702645268     
  0.83289368881710402     
  0.84174031481505940     
  0.84962896639111329     
  0.85745760497841861     
  0.86425124077629667     
  0.87498302978879250     
  0.88476955813849423     
  0.89517815325385086     
  0.90177947929103874     
  0.91443269172180519     
  0.92422709084808341     
  0.93589299512430502     
  0.94888370498989316     
  0.96051114051524422     
  0.97215504168977041     
  0.98148469796492765     
  0.99310745607746276     
   1.0039004153159361     
   1.0154900067685566     
   1.0252308009335203     
   1.0362463459055264     
   1.0473231466216031     
   1.0565006478719463     
   1.0671096090717131     
   1.0754008683462914     
   1.0826866827762893     
   1.0899382568362095     
   1.0971353346997621     
   1.1028300096138137     
   1.1068098729212987     
   1.1104152811446035     
   1.1146457408841814     
   1.1166477035622984     
   1.1210147940425346     
   1.1214261148230118     
   1.1252245612154803     
   1.1238767463798947     
   1.1221736298766101     
   1.1186792700920383     
   1.1185270840716066     
   1.1154282978960599     
   1.1130817160104534     
   1.1089921692862692     
   1.1040498392213849     
   1.0994516041674312     
   1.0952044290665726     
   1.0906686208665255     
   1.0834600598887161     
   1.0786299369361270     
   1.0717113835561334     
   1.0656439310125254     
   1.0615556491126295     
   1.0587806063947363     
   1.0530482356686983     
   1.0459057679042787     
   1.0405083763603469     
   1.0347545542074035     
   1.0296700712236015     
   1.0219762452480097     
   1.0157543499726789     
   1.0128215170002104     
   1.0088556833270967     
   1.0039965868587588     
  0.99936800241811530     
  0.99342858220827002     
  0.99078551413698523     
  0.98488860973933334     
  0.98096332982693879     
  0.97922319746367070     
  0.97429660136161678     
  0.97124170612631799     
  0.96837043106947007     
  0.96570447892107969     
  0.96321877027969482     
  0.96101445908259708     
  0.96057122184094901     
  0.95824522935447443     
  0.95534052319746554     
  0.95382123281832765     
  0.95351692521624520     
  0.95171209982393590     
  0.95220679289339594     
  0.95293339924756126     
  0.95267342068893024     
  0.95179243928270518     
  0.95146519119761641     
  0.95097133326586103     
  0.95170395887050940     
  0.95257785443286169     
  0.95403006758408992     
  0.95455360478278828     
  0.95541449813024149     
  0.95868688663435475     
  0.95940737505452278     
  0.96128354844340236     
  0.96289847564227438     
  0.96433542237792802     
  0.96591438432470433     
  0.96732168916146766     
  0.97017356333614324     
  0.97424702783903927     
  0.97603793218770740     
  0.97683624228045107     
  0.97986073436919296     
  0.98185196580990797     
  0.98623740884806532     
  0.98920743309190462     
  0.99138904890585233     
  0.99181175619088013     
  0.99451214919051911     
  0.99791926118223551     
  0.99924991463536361     
   1.0006849545195857     
   1.0022089205656746     
   1.0043961372475683     
   1.0073909561873178     
   1.0104381925548906     
   1.0127681202556076     
   1.0137454630404434     
   1.0164182343484558     
   1.0178265616007709     
   1.0192483920211428     
   1.0216519096679901     
   1.0220905355090182     
   1.0233374441896064     
   1.0244128669041264     
   1.0245610662484106     
   1.0257265335500676     
   1.0263390067846392     
   1.0257293546774269     
   1.0234886570171799     
   1.0246168914079705     
   1.0252655514529838     
   1.0264095887507876     
   1.0259266332261729     
   1.0243543690270502     
   1.0249736922988877     
   1.0254920520119974     
   1.0240552580831750     
   1.0234686080456086     
   1.0233041396096128     
   1.0221830495558120     
   1.0218965781171934     
   1.0204070461295920     
   1.0201083153891497     
   1.0172202953112921     
   1.0166206773641104     
   1.0154159203804602     
   1.0130584717203743     
   1.0136549108718709     
   1.0128056137572159     
   1.0109335807821216     
   1.0102894501851820     
   1.0071313608847379     
   1.0081432507885266     
   1.0067079462103186     
   1.0043433194311373     
   1.0033773762719289     
   1.0015336635686802     
   1.0011580334543266     
  0.99905660226201964     
  0.99774050342713161     
  0.99708160181702354     
  0.99604299817616537     
  0.99566947209997314     
  0.99564970007405118     
  0.99514742171963044     
  0.99372304865135719     
  0.99481666374871847     
  0.99328747121517402     
  0.99224409827014726     
  0.99041744847637070     
  0.99032494467479404     
  0.98966759860870779     
  0.99040469271183851     
  0.98962715034484872     
  0.98931619750706723     
  0.98912804488829609     
  0.98973742556022759     
  0.99036108928417765     
  0.98918133137440545     
  0.98858585923873354     
  0.98848781839130551     
  0.98925838477797934     
  0.98904225140045732     
  0.98996589440621008     
  0.99034762157365219     
  0.99111189195696503     
  0.99179273370196008     
  0.99115651620613743     
  0.99130126818654618     
  0.99194105185479953     
  0.99269417657100867     
  0.99318952869017929     
  0.99322643104950215     
  0.99375037672112232     
  0.99387360166567806     
  0.99385641873857866     
  0.99441184880454159     
  0.99516139736575715     
  0.99667368810145285     
  0.99727158155877382     
  0.99841329802193934     
  0.99874377288568417     
  0.99962646743047301     
   1.0001066498316036     
   1.0005770008597878     
   1.0012433355706643     
   1.0012208214152172     
   1.0020466849402261     
   1.0027106088488515     
   1.0012608544314194     
   1.0021370833891212     
   1.0029332219735132     
   1.0037388009211758     
   1.0040893538656441     
   1.0050983933368893     
   1.0055019851566249     
   1.0060247956456423     
   1.0062894321347340     
   1.0056453125922142     
   1.0057029316898722     
   1.0059189717826038     
   1.0070383448791818     
   1.0071045667108185     
   1.0077421882165780     
   1.0074290014012715     
   1.0073382403670399     
   1.0081410680695533     
   1.0080441280625794     
   1.0072009696356110     
   1.0066854635844467     
   1.0060589739517658     
   1.0073381999262629     
   1.0074341096317614     
   1.0065847198561382     
   1.0063036521314714     
   1.0053098423146172     
   1.0057005934306875     
   1.0056181849446229     
   1.0049367210540079     
   1.0047123571266061     
   1.0054899295612645     
   1.0062004911932070     
   1.0045446229544934     
   1.0041521142553831     
   1.0048372979910620     
   1.0047794437790929     
   1.0040550143827922     
   1.0028670578554424     
   1.0031461613001869     
   1.0022658868541059     
   1.0021973563647910     
   1.0018369642270049     
   1.0014648836344124     
   1.0019801173216922     
   1.0023409547266793     
   1.0007383986258942     
   1.0013786124230069     
   1.0006707795780245     
  0.99981886598673719     
  0.99959813390349206     
  0.99931301412044149     
  0.99854712689339398     
  0.99905151376235313     
  0.99867325676608887     
  0.99850259592548685     
  0.99879556054723484     
  0.99962753589410880     
  0.99835374972969060     
  0.99842397325108567     
  0.99800937275912183     
  0.99798703521091481     
  0.99732905277326911     
  0.99760214519579038     
  0.99762015241826429     
  0.99833584078734394     
  0.99723409610638614     
  0.99700370903744429     
  0.99691993532680667     
  0.99662110788605773     
  0.99761510549156240     
  0.99759551633557064     
  0.99797302894156426     
  0.99825852384017832     
  0.99795235880127353     
  0.99736471676711114     
  0.99809655918859841     
  0.99859111362539965     
  0.99957036234029895     
  0.99965762890791909     
  0.99990966457155850     
   1.0003642207341437     
   1.0013557522659953     
   1.0008482609409350     
   1.0007397489207990     
   1.0010212624287562     
   1.0006385510409712     
   1.0007234153023408     
   1.0013319194292039     
   1.0012465271451301     
   1.0011529607934204     
   1.0013634626674166     
   1.0020980332240388     
   1.0024277404960364     
   1.0016571809011363     
   1.0024751573946504     
   1.0026440192435764     
   1.0027521312294827     
   1.0024497811891926     
   1.0018987521296487     
   1.0013841635126610     
   1.0011918118579344     
   1.0020210899116857     
   1.0017759600591574     
   1.0015969526501032     
   1.0019919148051235     
   1.0018496019140397     
   1.0021574636867607     
   1.0019652484192516     
   1.0021185671718154     
   1.0025434853994384     
   1.0025101312951044     
   1.0012353165823618     
   1.0020701934733078     
   1.0023496597140267     
   1.0023487255738885     
   1.0027559701247910     
   1.0021476350175877     
   1.0017862601533660     
   1.0015788886675014     
   1.0013212065635424     
   1.0008367795398414     
   1.0012057329394597     
   1.0019998074253265     
   1.0017425164840228     
   1.0021928505860720     
   1.0015490166071750     
   1.0013991813569740     
   1.0016379931248753     
   1.0022159798772272     
   1.0027872453815461     
   1.0024943122419558     
   1.0016785866105733     
   1.0016397769234962     
   1.0018265391670433     
   1.0018107821696896     
   1.0020740451573196     
   1.0022927041619978     
   1.0021695130235337     
   1.0011489434997958     
   1.0005701390672330     
   1.0006774552518569     
   1.0009331310349336     
  0.99847278495712233     
