 TEMP->   3.0000000000000000     
 DENSITY->   1.2000000476837158     
 N->         864
 CUTOFF->   3.2999999523162842     
 NUM_STEPS->       10000
   0.0000000000000000     
   0.0000000000000000     
   0.0000000000000000     
   0.0000000000000000     
   0.0000000000000000     
   0.0000000000000000     
   0.0000000000000000     
   0.0000000000000000     
   0.0000000000000000     
   0.0000000000000000     
   0.0000000000000000     
   0.0000000000000000     
   0.0000000000000000     
   0.0000000000000000     
   0.0000000000000000     
   0.0000000000000000     
   0.0000000000000000     
   0.0000000000000000     
   0.0000000000000000     
   0.0000000000000000     
   0.0000000000000000     
   0.0000000000000000     
   0.0000000000000000     
   0.0000000000000000     
   0.0000000000000000     
   0.0000000000000000     
   0.0000000000000000     
   0.0000000000000000     
   0.0000000000000000     
   0.0000000000000000     
   0.0000000000000000     
   0.0000000000000000     
   0.0000000000000000     
   0.0000000000000000     
   0.0000000000000000     
   0.0000000000000000     
   0.0000000000000000     
   0.0000000000000000     
   0.0000000000000000     
   0.0000000000000000     
   0.0000000000000000     
   0.0000000000000000     
   0.0000000000000000     
   0.0000000000000000     
   0.0000000000000000     
   0.0000000000000000     
   0.0000000000000000     
   0.0000000000000000     
   0.0000000000000000     
   0.0000000000000000     
   0.0000000000000000     
   0.0000000000000000     
   0.0000000000000000     
   0.0000000000000000     
   0.0000000000000000     
   0.0000000000000000     
   0.0000000000000000     
   0.0000000000000000     
   0.0000000000000000     
   0.0000000000000000     
   0.0000000000000000     
   0.0000000000000000     
   0.0000000000000000     
   0.0000000000000000     
   0.0000000000000000     
   0.0000000000000000     
   0.0000000000000000     
   0.0000000000000000     
   0.0000000000000000     
   0.0000000000000000     
   0.0000000000000000     
   0.0000000000000000     
   0.0000000000000000     
   0.0000000000000000     
   0.0000000000000000     
   0.0000000000000000     
   0.0000000000000000     
   0.0000000000000000     
   0.0000000000000000     
   0.0000000000000000     
   4.9803011734760913E-005
   2.1517697790915762E-004
   1.1312482005431726E-003
   4.2872097066068964E-003
   1.3988179340095165E-002
   3.6878644496254172E-002
   8.3128611034013700E-002
  0.16852074079682147     
  0.30158893157726152     
  0.49473125575405313     
  0.74186288186300919     
   1.0399595866024365     
   1.3742532809961974     
   1.7302714646081199     
   2.0731776410759304     
   2.3974570714009058     
   2.6840718408286661     
   2.9226733120440773     
   3.1029038714635973     
   3.2312412499844760     
   3.2971570110099639     
   3.3080700449649671     
   3.2859507686220852     
   3.2162188571871764     
   3.1154228677209379     
   2.9827048442454700     
   2.8393965851307570     
   2.6740042543233229     
   2.5042132707459097     
   2.3218035242580020     
   2.1428292998778242     
   1.9675271191365558     
   1.8014333135776470     
   1.6402533602103251     
   1.4861642807427720     
   1.3405422507951998     
   1.2068009356295801     
   1.0853256652261436     
  0.97367379998371217     
  0.87273324596005530     
  0.78059227241511198     
  0.69925878887128534     
  0.62695818910976853     
  0.56626693019290697     
  0.51564443742361965     
  0.47073233070238962     
  0.43390167402256352     
  0.40789675972231149     
  0.38659470217661940     
  0.37083612358005003     
  0.36305210276933014     
  0.35813707500140091     
  0.36028339601579851     
  0.36625243765899229     
  0.37595344841285788     
  0.39052395232149867     
  0.40753867962765150     
  0.42666563568165533     
  0.44525176819087470     
  0.46681208016579817     
  0.48699005869427325     
  0.50940222270017077     
  0.52891594963052846     
  0.54718363861175179     
  0.56536999940883947     
  0.57833425153114681     
  0.58970438500352906     
  0.59976608195303127     
  0.60653814832208330     
  0.61351328201969724     
  0.61542589614935483     
  0.61650554572723493     
  0.61319610661471191     
  0.60967439943027246     
  0.60603510214291512     
  0.60373717289660622     
  0.59997937212104002     
  0.60100314647573216     
  0.60282391233033950     
  0.61039050903353131     
  0.62259170527332042     
  0.64090335804545240     
  0.66687519363338787     
  0.70093803006505961     
  0.74040203571520347     
  0.78623720459047586     
  0.84005824303227739     
  0.90190756830498620     
  0.96944163066746170     
   1.0416428930792849     
   1.1157231165071055     
   1.1935536258367909     
   1.2703669597194451     
   1.3466094904432633     
   1.4190621048466450     
   1.4876435552851273     
   1.5478614245694686     
   1.5991948391676305     
   1.6408541635708860     
   1.6703982295664725     
   1.6861921547780578     
   1.6955016507045679     
   1.6925494686580633     
   1.6751034885729976     
   1.6494958183364297     
   1.6150088697934952     
   1.5750443143398536     
   1.5296643874481599     
   1.4785603037970094     
   1.4233352640193033     
   1.3680948022685531     
   1.3127570778373274     
   1.2567741717437353     
   1.2045466676971901     
   1.1570501334536158     
   1.1125709053520247     
   1.0715765181610535     
   1.0344918363472042     
   1.0032154789896932     
  0.97461363621292796     
  0.95161139634228042     
  0.93030092194743552     
  0.91490920827062483     
  0.89930825180144081     
  0.88688211639323877     
  0.87827566448854588     
  0.86792019014216870     
  0.86027480609752849     
  0.85235012243648811     
  0.84745537274956728     
  0.84260696486316922     
  0.83804061562109200     
  0.83566750822315761     
  0.83262767304257701     
  0.83013281398992933     
  0.83017493309605384     
  0.83061398157112554     
  0.83197571463708875     
  0.83734566999916493     
  0.84279078923574924     
  0.85155113729760146     
  0.86105838694039505     
  0.87400611811830908     
  0.88671339394383830     
  0.90097317501219787     
  0.91537183809517719     
  0.93131320025467257     
  0.94783923941409642     
  0.96360030793861196     
  0.97635810689742319     
  0.98906120048409407     
  0.99934089660688208     
   1.0073227269633325     
   1.0145761674414016     
   1.0182655083476000     
   1.0175331511439401     
   1.0127909624571128     
   1.0032537994424506     
  0.99360964053544398     
  0.98080162419052930     
  0.96374573569508559     
  0.94557763583207655     
  0.92514135335335157     
  0.90332419142618747     
  0.87973397828071753     
  0.85690127441094521     
  0.83422726577553385     
  0.81257164352872646     
  0.79331968899758010     
  0.77539001275601516     
  0.75958628792553806     
  0.74702026378761122     
  0.73860277589026591     
  0.73363505796332817     
  0.73340200099292230     
  0.73631770635772142     
  0.74606690523954955     
  0.75817214615684392     
  0.77697260273455426     
  0.79943529657278900     
  0.82775267470214309     
  0.85881557498677075     
  0.89496564737420659     
  0.93353205682902951     
  0.97688130513462335     
   1.0226574785832792     
   1.0697442390817506     
   1.1173564852074092     
   1.1658149699010527     
   1.2118724203560682     
   1.2560031348617966     
   1.2984116165985213     
   1.3367470963814114     
   1.3699353719823300     
   1.3977067368233289     
   1.4197478754983430     
   1.4338157362075925     
   1.4418285477660060     
   1.4424111396316455     
   1.4377474215657098     
   1.4242584701221832     
   1.4055481105744239     
   1.3798614660171316     
   1.3479567212611006     
   1.3113381410794669     
   1.2718102841171288     
   1.2299241987471419     
   1.1847609509431452     
   1.1385410448661786     
   1.0934157637273143     
   1.0489220200433012     
   1.0050890899276339     
  0.96534897091829530     
  0.92759591343287384     
  0.89372636219534962     
  0.86440286455879223     
  0.83820957155816123     
  0.81857807699610907     
  0.80361986142538866     
  0.79296830137175478     
  0.78674770997509158     
  0.78497726892748776     
  0.78891722290019495     
  0.79659283609355525     
  0.80647309156603197     
  0.81921657095614098     
  0.83541189895185997     
  0.85259351954698359     
  0.87149601624131512     
  0.89053068399066349     
  0.90949692999845633     
  0.92825567330445491     
  0.94742190417641592     
  0.96526333908238626     
  0.97968998986128975     
  0.99385179263083356     
   1.0060344440244151     
   1.0148192640891822     
   1.0216435352904132     
   1.0268263885710942     
   1.0292733084940839     
   1.0293396290411672     
   1.0272225141087752     
   1.0245908342551864     
   1.0202241585275436     
   1.0137273878560991     
   1.0063550242376105     
  0.99759830276178929     
  0.98763611902805426     
  0.97849709656497963     
  0.96904677166505637     
  0.96046684438236629     
  0.95025178792364140     
  0.94103359173321410     
  0.93134354801524100     
  0.92346264782849141     
  0.91575561062906707     
  0.90842309162379942     
  0.90151613726462043     
  0.89624231332286142     
  0.89113608808311373     
  0.88674536578330809     
  0.88376796978332750     
  0.88151741640704295     
  0.87853645099377309     
  0.87727925315905897     
  0.87650563775383294     
  0.87630265319768308     
  0.87803979655324127     
  0.87989963070677224     
  0.88316023137198840     
  0.88853288723189117     
  0.89479529879873698     
  0.90098465743873601     
  0.90976283544611947     
  0.92039239806381101     
  0.93192533961994872     
  0.94524186441794744     
  0.95997764473994840     
  0.97769150037329067     
  0.99598495690055311     
   1.0155163919882788     
   1.0377799873037703     
   1.0606434411360799     
   1.0838287978096721     
   1.1085413670203625     
   1.1329281783729275     
   1.1567477673836857     
   1.1823024637091182     
   1.2061127746389042     
   1.2274276923674254     
   1.2491589482638803     
   1.2659683574272509     
   1.2811725998552161     
   1.2932991424522080     
   1.3023542691528174     
   1.3056736422464339     
   1.3065931520251366     
   1.3027810665904680     
   1.2958896553356534     
   1.2849267717189403     
   1.2696022763005248     
   1.2508356861624057     
   1.2278305027633496     
   1.2040774306290971     
   1.1778114406386289     
   1.1492771770594954     
   1.1200814173454667     
   1.0890417255945799     
   1.0578798555402025     
   1.0273702941484668     
  0.99880706566881960     
  0.97217650737018257     
  0.94575695880544230     
  0.92318327718878213     
  0.90221360379223647     
  0.88279826198124156     
  0.86801822492969272     
  0.85481721509653763     
  0.84459820138407049     
  0.83615925872701413     
  0.82993448155473837     
  0.82697379239733271     
  0.82468693362601209     
  0.82416504489047038     
  0.82363826706599430     
  0.82518247300191827     
  0.82697269641312732     
  0.82790637519794363     
  0.82857510015200930     
  0.83056806079323053     
  0.83236734037668325     
  0.83370336995034178     
  0.83421410050424327     
  0.83590310494318065     
  0.83768210840825263     
  0.83873346416275252     
  0.83933585342997230     
  0.84121623177046367     
  0.84394141620342078     
  0.84707246206772657     
  0.85063040933615064     
  0.85625677108610454     
  0.86167986834494148     
  0.86837218517845627     
  0.87600923212569048     
  0.88472806943723326     
  0.89506997163716850     
  0.90575578125501355     
  0.91712726972868097     
  0.92889152510721040     
  0.94142472274474764     
  0.95428038681097560     
  0.96743673052174584     
  0.98076595156657465     
  0.99382752467320867     
   1.0073895254030147     
   1.0210083024512475     
   1.0331497530698455     
   1.0466095472862225     
   1.0591903671260881     
   1.0721056224621923     
   1.0833942496056992     
   1.0963628295739341     
   1.1082867325175778     
   1.1200070818701724     
   1.1313442469458515     
   1.1419989504889290     
   1.1213640446641873     
