 TEMP->   1.5000000000000000     
 DENSITY->  0.30000001192092896     
 N->         864
 CUTOFF->   3.2999999523162842     
 NUM_STEPS->       10000
   0.0000000000000000     
   0.0000000000000000     
   0.0000000000000000     
   0.0000000000000000     
   0.0000000000000000     
   0.0000000000000000     
   0.0000000000000000     
   0.0000000000000000     
   0.0000000000000000     
   0.0000000000000000     
   0.0000000000000000     
   0.0000000000000000     
   0.0000000000000000     
   0.0000000000000000     
   0.0000000000000000     
   0.0000000000000000     
   0.0000000000000000     
   0.0000000000000000     
   0.0000000000000000     
   0.0000000000000000     
   0.0000000000000000     
   0.0000000000000000     
   0.0000000000000000     
   0.0000000000000000     
   0.0000000000000000     
   0.0000000000000000     
   0.0000000000000000     
   0.0000000000000000     
   0.0000000000000000     
   0.0000000000000000     
   0.0000000000000000     
   0.0000000000000000     
   0.0000000000000000     
   0.0000000000000000     
   0.0000000000000000     
   0.0000000000000000     
   0.0000000000000000     
   0.0000000000000000     
   0.0000000000000000     
   0.0000000000000000     
   0.0000000000000000     
   0.0000000000000000     
   0.0000000000000000     
   0.0000000000000000     
   0.0000000000000000     
   0.0000000000000000     
   0.0000000000000000     
   0.0000000000000000     
   0.0000000000000000     
   0.0000000000000000     
   0.0000000000000000     
   0.0000000000000000     
   0.0000000000000000     
   0.0000000000000000     
   0.0000000000000000     
   0.0000000000000000     
   0.0000000000000000     
   0.0000000000000000     
   0.0000000000000000     
   0.0000000000000000     
   0.0000000000000000     
   0.0000000000000000     
   0.0000000000000000     
   0.0000000000000000     
   0.0000000000000000     
   0.0000000000000000     
   0.0000000000000000     
   0.0000000000000000     
   0.0000000000000000     
   0.0000000000000000     
   0.0000000000000000     
   0.0000000000000000     
   0.0000000000000000     
   0.0000000000000000     
   0.0000000000000000     
   0.0000000000000000     
   0.0000000000000000     
   0.0000000000000000     
   0.0000000000000000     
   0.0000000000000000     
   0.0000000000000000     
   0.0000000000000000     
   0.0000000000000000     
   0.0000000000000000     
   8.6094348915803469E-006
   5.8864556258985120E-005
   2.5469331311073592E-004
   1.1642331474635693E-003
   2.7627665299985974E-003
   8.8562078808072150E-003
   2.1496310134112295E-002
   4.6147816583445585E-002
   8.6984353681359441E-002
  0.14764613762181175     
  0.23678688216292901     
  0.35395508058103070     
  0.49169572083260610     
  0.64022344510674445     
  0.80128937743392048     
  0.97280316262678490     
   1.1436651815529286     
   1.2879708098264788     
   1.4152849357488735     
   1.5368824114095936     
   1.6410351340896561     
   1.7185521690849459     
   1.7755113856011568     
   1.8184990217155372     
   1.8568138031566916     
   1.8739239410932742     
   1.8757194970362943     
   1.8772335251043395     
   1.8760466815847421     
   1.8624033749857152     
   1.8335873608613869     
   1.8119463570450101     
   1.7759232564662719     
   1.7300924204835664     
   1.7047587343730943     
   1.6721709371888107     
   1.6384781181995853     
   1.6106022020709094     
   1.5744635191037846     
   1.5452525209390910     
   1.5145997550912900     
   1.4814101953219692     
   1.4515237316329654     
   1.4243969413586604     
   1.3987433375036102     
   1.3664549115442055     
   1.3470949318769718     
   1.3208225438138872     
   1.2997318008474814     
   1.2763491992275875     
   1.2590105322486842     
   1.2351790054735750     
   1.2217895624171553     
   1.1998134926751607     
   1.1794224187894946     
   1.1711881386418626     
   1.1538159059150246     
   1.1407214080691850     
   1.1294900781773702     
   1.1147940175451501     
   1.1035777439446304     
   1.0877460919308297     
   1.0760547225556245     
   1.0674783597623421     
   1.0559598848282570     
   1.0475410283637656     
   1.0375665307805713     
   1.0333153987161869     
   1.0287266867262204     
   1.0160737761213379     
   1.0096436625410319     
   1.0063476860092075     
  0.99851530642819908     
  0.98525150667512962     
  0.98481934304947583     
  0.97797750851474985     
  0.97354874817034243     
  0.96966108274312801     
  0.96890993522720004     
  0.96554510577482922     
  0.96455964779858094     
  0.96128531944275086     
  0.95968737449306918     
  0.95803265696607165     
  0.95741042608583893     
  0.95646440498590979     
  0.95352704786005904     
  0.95499463939630314     
  0.95463711460606826     
  0.95215769587706245     
  0.95001140913034188     
  0.95564397799650924     
  0.95767046757198726     
  0.95380558569204643     
  0.95645922781148041     
  0.95736915112594601     
  0.96040784730786788     
  0.96028175922883663     
  0.96189293553425181     
  0.95903963385112612     
  0.96478762585398770     
  0.96671897383512706     
  0.96555251960857291     
  0.97539467368620691     
  0.97327367306201407     
  0.97512993545732585     
  0.98264969440187955     
  0.98763123789767682     
  0.98750958951807688     
  0.99075104279299164     
  0.99355367607954181     
  0.99639041660000671     
   1.0025649334332731     
   1.0056370084253801     
   1.0105591166449046     
   1.0142649643449235     
   1.0159047262967502     
   1.0200086757719573     
   1.0256312490814454     
   1.0289611917923980     
   1.0343217623991603     
   1.0335204876354214     
   1.0363493171651692     
   1.0380049267805169     
   1.0425691361718297     
   1.0444569852521561     
   1.0462328540261883     
   1.0464484452477445     
   1.0484201626010801     
   1.0507622500392468     
   1.0548950595866948     
   1.0557265275240328     
   1.0550812245083998     
   1.0542510890111563     
   1.0549589410717539     
   1.0562072848400468     
   1.0546902290016356     
   1.0530910441610848     
   1.0526066705428327     
   1.0512396370266734     
   1.0497831736199443     
   1.0502248506544154     
   1.0488024530844473     
   1.0506319281654608     
   1.0500215671957089     
   1.0486256201970683     
   1.0479085395428385     
   1.0497696616976280     
   1.0445946273851825     
   1.0435950479215739     
   1.0437941177585022     
   1.0401214633935141     
   1.0367493377999175     
   1.0382565818967329     
   1.0379675997433813     
   1.0376708102872285     
   1.0359964686252221     
   1.0333877237444211     
   1.0328146790830268     
   1.0295630295908207     
   1.0297521794719025     
   1.0284271802286593     
   1.0284251954882704     
   1.0255566520980139     
   1.0243265105263872     
   1.0214132012507704     
   1.0222863178792381     
   1.0173840538521683     
   1.0161911716652319     
   1.0160041945747809     
   1.0147542518839547     
   1.0161614510041193     
   1.0152734417621148     
   1.0133125655457875     
   1.0099744118761762     
   1.0102670435126000     
   1.0108760012094338     
   1.0090773311301342     
   1.0069421267768610     
   1.0081330164423914     
   1.0087490504184613     
   1.0079833336915429     
   1.0062719434642167     
   1.0084556308425925     
   1.0059240070924491     
   1.0074825653764685     
   1.0068490977069182     
   1.0060049639850370     
   1.0038422062989210     
   1.0047938671179562     
   1.0046387420667044     
   1.0062792901997972     
   1.0041188461882669     
   1.0040460979222339     
   1.0063079817733862     
   1.0052863085091532     
   1.0047864510375357     
   1.0041845284086661     
   1.0039472236759905     
   1.0042833339777784     
   1.0016772658787865     
   1.0033192414145027     
   1.0037530906300247     
   1.0053986579771708     
   1.0054374530852788     
   1.0024503023453797     
   1.0037876692937042     
   1.0025995037151483     
   1.0044664081469836     
   1.0056766238122916     
   1.0073965789238926     
   1.0057677899492181     
   1.0059966522400072     
   1.0050515957580159     
   1.0040248496240085     
   1.0026419262421122     
   1.0056474579660399     
   1.0030789298062459     
   1.0047371767115370     
   1.0056764404978271     
   1.0048857598885486     
   1.0083981301870575     
   1.0088849109844309     
   1.0092731771253389     
   1.0100395609238397     
   1.0089402163917669     
   1.0061226747506657     
   1.0074980021367401     
   1.0079267957407212     
   1.0093966926490350     
   1.0107523411379591     
   1.0091006327429610     
   1.0073016893304330     
   1.0056139011795464     
   1.0071185876260116     
   1.0090635182792866     
   1.0087191984097714     
   1.0102354364695030     
   1.0089857769393382     
   1.0088776833892164     
   1.0086636035432117     
   1.0070005647165867     
   1.0065505128171417     
   1.0060086508353903     
   1.0078353397036364     
   1.0068299416875708     
   1.0081166678780229     
   1.0080007202434835     
   1.0098457566945633     
   1.0091274553484795     
   1.0087276772787603     
   1.0078630712501746     
   1.0057151012423249     
   1.0049089563990299     
   1.0077885800365174     
   1.0074557507624724     
   1.0077144188683500     
   1.0037611536095778     
   1.0040469709018851     
   1.0048469928585408     
   1.0059802943371063     
   1.0043125407151687     
   1.0023200774759404     
   1.0050768978249220     
   1.0037485331770177     
   1.0030303561218250     
   1.0048900581443825     
   1.0033559131807213     
   1.0011333216610032     
   1.0007591369143263     
   1.0005033535761676     
   1.0001956935616108     
   1.0031967661582304     
   1.0021521103195461     
   1.0024719286256274     
   1.0018014015399921     
   1.0015301451059626     
   1.0037015951545643     
   1.0031500324867253     
   1.0017486456443088     
  0.99928239615055803     
   1.0012631702119408     
   1.0007324675777287     
   1.0005481936521623     
   1.0000668808109212     
   1.0008935625974371     
   1.0002489313730609     
   1.0013013523815508     
   1.0000801235325372     
  0.99984204233023544     
   1.0014454269446187     
   1.0019999910724049     
   1.0012890451464327     
   1.0001315582346435     
   1.0003934810559092     
   1.0011334649043648     
   1.0000638749709034     
   1.0005452256436036     
   1.0012931738594315     
   1.0012853308410981     
   1.0031572085729381     
   1.0013688640980920     
  0.99969339080461384     
  0.99918781535239320     
  0.99823187244279965     
  0.99964948520990793     
   1.0002251789364185     
   1.0014714003846621     
   1.0021061721237494     
   1.0009771136433594     
   1.0012480607779199     
   1.0014657442948964     
   1.0010972132143625     
   1.0004298618361587     
   1.0003515765785007     
  0.99829523537662401     
  0.99777035484747767     
  0.99853411843037476     
  0.99994733604539654     
  0.99960652107968895     
   1.0010407133232326     
   1.0017711870103734     
   1.0021750765694430     
   1.0017240746974689     
  0.99956094704964316     
   1.0003187976820849     
   1.0017567418761153     
   1.0011057832314048     
   1.0033435437194442     
   1.0034443540697051     
   1.0020469320757162     
   1.0011117318979583     
   1.0010846828461994     
   1.0018247603171160     
   1.0015074048119710     
   1.0008344614606126     
   1.0009332587220019     
   1.0016181099606423     
   1.0020597033337411     
   1.0012561637746247     
   1.0012776944229898     
   1.0010326294738443     
   1.0005419496382844     
   1.0011421360791721     
   1.0030489604922708     
   1.0009795899195235     
  0.99900285124526711     
  0.99951020518467526     
   1.0001234578291101     
   1.0007092987456356     
   1.0009200008161014     
   1.0018812060624234     
   1.0006920626673108     
   1.0024217618576685     
   1.0005103923622514     
  0.99947070877693167     
   1.0005983774599692     
  0.99970926501795832     
  0.99849804457237601     
  0.99772262167569614     
  0.99925546044164948     
  0.99827607312980027     
  0.99948564140375828     
  0.99734192724067350     
  0.99745541755387102     
  0.99537869370896059     
  0.99606088605580645     
  0.99777217818302255     
  0.99636538337232106     
  0.99756982594197896     
  0.99693723814198421     
  0.99697522679182715     
  0.99589356469385881     
  0.99540480586401026     
  0.99606969831911574     
  0.99689785530601283     
  0.99725054116415968     
  0.99832393771992511     
  0.99700119789319797     
  0.99912348286446317     
  0.99835144649418062     
  0.99820349330625913     
  0.99761657073063825     
  0.99735096051334327     
  0.99741685174225703     
  0.99723357542095625     
  0.99760295606483995     
  0.99736820814082616     
  0.99654910045982059     
  0.99688727397131527     
  0.99797987886755435     
  0.99681550200310753     
  0.99779424190641031     
  0.99871614500226980     
  0.99888624629851630     
  0.99757464432326381     
  0.99911664460304361     
  0.99840837192436815     
  0.99744626585980800     
  0.99811341576357815     
  0.99960483945389644     
   1.0003723990274473     
   1.0004805571634736     
   1.0007964306207779     
   1.0009467704731576     
  0.99988171494996303     
   1.0002328031635439     
   1.0003709621187080     
  0.99926524520550097     
  0.99761429440991500     
  0.99739643145354095     
  0.99766770220881273     
  0.99650128616303024     
  0.99666521345910131     
  0.99700360709398861     
  0.99820425200247476     
  0.99811812642086550     
  0.99915717166245022     
  0.99728903872833607     
  0.99761629818420983     
  0.99699141501955324     
  0.99752274110463146     
  0.99909836253773132     
  0.99844962195391673     
  0.99879130059209698     
  0.99758926338322906     
  0.99853597715192222     
  0.99942114645149172     
  0.99924000993783302     
  0.99835143296976148     
  0.99795476655223070     
  0.99769616020171936     
  0.99657646984998238     
  0.99746304821884102     
  0.99732584508380806     
  0.99739095260184396     
  0.99748949470018344     
  0.99824833817330505     
  0.99780538446060174     
  0.99782285515121527     
  0.99885906051383611     
  0.99937461440074993     
  0.99901328126470801     
  0.99796087020563640     
  0.99733183412981252     
  0.99932231792343607     
  0.99744456017166871     
  0.99768685197030338     
  0.99768918695011821     
  0.99726332732822554     
  0.99788910268876685     
  0.99789700722037500     
  0.99824711272343858     
  0.99815321002889978     
  0.99760115530986970     
  0.99776210648673047     
  0.99677895520680226     
  0.99802837855521609     
  0.99694706027481927     
  0.99654224630618193     
  0.99626451254139681     
  0.99571314206511097     
  0.99618910311662334     
  0.99607724080225424     
  0.99574032363031262     
  0.99718961404848783     
  0.99652353916197145     
  0.99690167520207040     
  0.99627349816415345     
  0.99695403569686947     
  0.99701559094494319     
  0.99746109973697394     
  0.99824990117308043     
  0.99761284622830981     
  0.99737579451827274     
  0.99843328436833634     
  0.99853646744698610     
  0.99920309202214486     
  0.99957734153107924     
  0.99919574325909111     
  0.99807152549042899     
  0.99932670571291171     
  0.99977148430175711     
  0.99985990816673642     
  0.99949035191163749     
  0.99906528941384198     
  0.99861496426990715     
  0.99821399443922409     
  0.99848775454809457     
   1.0003106435790261     
  0.99860650148647268     
  0.99883643788170140     
  0.99886418781106034     
  0.99908961916505623     
  0.99801325645694161     
  0.99894629517736555     
  0.99991368767410660     
  0.99831099152701142     
  0.99998105445997332     
  0.99947240624525413     
  0.99882301087083958     
  0.99900337596567856     
  0.99993801475539668     
  0.99805537748821971     
  0.99924675078586733     
  0.99954105627315504     
  0.99956971392391369     
  0.99949916603155387     
  0.99863347741917596     
  0.99814071922160041     
  0.99746281801390224     
  0.99690466226665775     
  0.99753433060097463     
  0.99576263161566969     
  0.99616419910367704     
  0.99716013880242604     
  0.99751623403336476     
  0.99651265370031650     
  0.99990170529684264     
  0.99889063741721262     
  0.99792351130060120     
  0.99764728886249576     
  0.99767596296480654     
  0.99811196775057331     
  0.99844027245204203     
  0.99932615864594998     
   1.0004040892783543     
  0.99922494654381155     
  0.99859283909217911     
  0.99797587270877364     
  0.99728811611719370     
  0.99859025643327060     
  0.99859011129238251     
  0.99895166204158281     
  0.99950861635446309     
   1.0001408655124451     
   1.0003776252541177     
  0.99960599571628517     
   1.0001464172632344     
  0.99896109479493578     
  0.99848233719332680     
  0.99909399254068021     
  0.99885012945044882     
  0.99852171828020830     
  0.99827515352265406     
  0.99871885729695364     
  0.99846983166825098     
  0.99838185065896701     
  0.99885721573772401     
  0.99871771716425473     
  0.99779936074768993     
  0.99772038576984456     
  0.99661685363954611     
  0.99746871802170967     
  0.99704796511432514     
  0.99805748111112791     
  0.99807418504250411     
  0.99942722442026699     
  0.99893281098366504     
  0.99948145834563296     
  0.99896211309135696     
  0.99912633946965568     
  0.99826198222401319     
  0.99833864814742057     
  0.99929795089696205     
  0.99836998918381614     
  0.99777873861159339     
  0.99776138708437612     
  0.99897468252332011     
  0.99834317553574470     
  0.99827125026210006     
  0.99900845853547238     
  0.99837212321202284     
  0.99786599970465550     
  0.99798708207260778     
  0.99723276631689417     
  0.99816654421375750     
  0.99814227320264848     
  0.99776148759096761     
  0.99757060428415978     
  0.99770727313846419     
  0.99781307699274147     
  0.99831230205530264     
  0.99883137690751689     
  0.99877270326983669     
  0.99827448082858306     
  0.99798358472161186     
  0.99929584040002828     
  0.99979187924041435     
   1.0009762075172162     
   1.0003738973527698     
   1.0000003294667306     
  0.99930060838379586     
  0.99954779283795336     
  0.99909480855243593     
  0.99986624713390260     
  0.99898195334398665     
  0.99826266660386143     
  0.99838330674129472     
  0.99909571209509962     
  0.99837247807564011     
  0.99877360419212025     
  0.99895371647291165     
  0.99899628468644963     
  0.99890704319858725     
  0.99801771917734128     
  0.99839417591972535     
  0.99856707225538222     
  0.99884722797807668     
  0.99847536398278991     
  0.99946917613185149     
  0.99887348366365536     
  0.99948967475084138     
   1.0011472449661241     
  0.99992735362467988     
   1.0002212343341812     
   1.0000008627518528     
  0.99922778297825099     
  0.99905918869207544     
  0.99869796842803282     
   1.0001735761363781     
  0.99942429355144946     
  0.99925322458082200     
  0.99909939256377756     
  0.99925424040172284     
   1.0000705276778421     
  0.99982259193666145     
  0.99747154262012871     
