 TEMP->  0.75000000000000000     
 DENSITY->  0.87999999523162842     
 N->         864
 CUTOFF->   3.2999999523162842     
 NUM_STEPS->       10000
   0.0000000000000000     
   0.0000000000000000     
   0.0000000000000000     
   0.0000000000000000     
   0.0000000000000000     
   0.0000000000000000     
   0.0000000000000000     
   0.0000000000000000     
   0.0000000000000000     
   0.0000000000000000     
   0.0000000000000000     
   0.0000000000000000     
   0.0000000000000000     
   0.0000000000000000     
   0.0000000000000000     
   0.0000000000000000     
   0.0000000000000000     
   0.0000000000000000     
   0.0000000000000000     
   0.0000000000000000     
   0.0000000000000000     
   0.0000000000000000     
   0.0000000000000000     
   0.0000000000000000     
   0.0000000000000000     
   0.0000000000000000     
   0.0000000000000000     
   0.0000000000000000     
   0.0000000000000000     
   0.0000000000000000     
   0.0000000000000000     
   0.0000000000000000     
   0.0000000000000000     
   0.0000000000000000     
   0.0000000000000000     
   0.0000000000000000     
   0.0000000000000000     
   0.0000000000000000     
   0.0000000000000000     
   0.0000000000000000     
   0.0000000000000000     
   0.0000000000000000     
   0.0000000000000000     
   0.0000000000000000     
   0.0000000000000000     
   0.0000000000000000     
   0.0000000000000000     
   0.0000000000000000     
   0.0000000000000000     
   0.0000000000000000     
   0.0000000000000000     
   0.0000000000000000     
   0.0000000000000000     
   0.0000000000000000     
   0.0000000000000000     
   0.0000000000000000     
   0.0000000000000000     
   0.0000000000000000     
   0.0000000000000000     
   0.0000000000000000     
   0.0000000000000000     
   0.0000000000000000     
   0.0000000000000000     
   0.0000000000000000     
   0.0000000000000000     
   0.0000000000000000     
   0.0000000000000000     
   0.0000000000000000     
   0.0000000000000000     
   0.0000000000000000     
   0.0000000000000000     
   0.0000000000000000     
   0.0000000000000000     
   0.0000000000000000     
   0.0000000000000000     
   0.0000000000000000     
   0.0000000000000000     
   0.0000000000000000     
   0.0000000000000000     
   0.0000000000000000     
   0.0000000000000000     
   0.0000000000000000     
   0.0000000000000000     
   0.0000000000000000     
   0.0000000000000000     
   0.0000000000000000     
   0.0000000000000000     
   0.0000000000000000     
   0.0000000000000000     
   9.1569035516238527E-005
   3.2240372641594803E-004
   1.5269130715460828E-003
   5.7656683721264979E-003
   1.7569045439810461E-002
   4.4329721925216323E-002
   9.9930795455411628E-002
  0.19156398310667125     
  0.33307030070034493     
  0.52595190979613649     
  0.76880179185297648     
   1.0593151105830414     
   1.3795994337342763     
   1.7019830564780143     
   2.0215367570654190     
   2.3159607032568772     
   2.5753697103950888     
   2.8004258773386055     
   2.9633307570224368     
   3.0721064758297438     
   3.1360262432732875     
   3.1509940533385956     
   3.1442933737151466     
   3.0999278969336204     
   3.0252596468061181     
   2.9298121333008176     
   2.8162976502396835     
   2.6936987548987035     
   2.5673278935823123     
   2.4359710321109040     
   2.2947838886568377     
   2.1605913447387359     
   2.0298970182743248     
   1.9015602555792794     
   1.7796514452633569     
   1.6560185476777263     
   1.5352129314529133     
   1.4272799194648242     
   1.3279608209450442     
   1.2309164149361895     
   1.1395900071509451     
   1.0582183994788972     
  0.98057083500268249     
  0.90634119942396618     
  0.84247082704506460     
  0.78490489447345635     
  0.73232803816358016     
  0.68525452393823150     
  0.64002663738628596     
  0.60286685588898836     
  0.56583069617933901     
  0.53823364381752981     
  0.51503442897542417     
  0.49273144752833781     
  0.47361245355949150     
  0.46455872700088019     
  0.45441546435867863     
  0.44763054144848358     
  0.44544132440121548     
  0.44393360964873141     
  0.44503011526959146     
  0.44926340164712886     
  0.45672758558368276     
  0.46292620089157993     
  0.47378220351836059     
  0.48372313936390898     
  0.49420635440048905     
  0.50127439425187481     
  0.51433225454765885     
  0.52365155960258669     
  0.53654197835866912     
  0.54528366357055280     
  0.55307012982662040     
  0.56292575622731822     
  0.56901180931200201     
  0.57640573465914346     
  0.58418133212797552     
  0.59120976130928737     
  0.59647030041629412     
  0.60217880063748064     
  0.60768082594840900     
  0.61303795247291604     
  0.61765274362160527     
  0.62549104383052301     
  0.63364975347367924     
  0.64204270171127320     
  0.65636149204381178     
  0.67451865951948486     
  0.69407862544162668     
  0.71772514963076395     
  0.74257877863863264     
  0.77256264059509083     
  0.80879323488166632     
  0.84882033565591053     
  0.89150232390549167     
  0.93716283563994485     
  0.98815578475111776     
   1.0376208954762507     
   1.0910979073907590     
   1.1424681867106778     
   1.1933393427129046     
   1.2434072997726746     
   1.2916802000815972     
   1.3392531259247475     
   1.3815788960395043     
   1.4222820467918698     
   1.4558862282562879     
   1.4790864634306040     
   1.5020001761060293     
   1.5197376709765298     
   1.5299870447585908     
   1.5353536568263302     
   1.5371841716160779     
   1.5299345329967444     
   1.5170490576924265     
   1.5020482203396777     
   1.4848331891245214     
   1.4616644018791671     
   1.4360496313278430     
   1.4054489662184686     
   1.3766367911816066     
   1.3451763975243221     
   1.3142349249132839     
   1.2816666256643336     
   1.2532902491250246     
   1.2203493602202986     
   1.1933165188255763     
   1.1643495103484529     
   1.1368244298866905     
   1.1089974244108824     
   1.0816383057238952     
   1.0598175167943531     
   1.0402871921029864     
   1.0176676670151212     
  0.99713051575051159     
  0.97914598923392637     
  0.96183166382280538     
  0.94641253773480172     
  0.93167418464846319     
  0.91751504604915235     
  0.90578301297543662     
  0.89421683159943333     
  0.88554222520561443     
  0.87624878768415604     
  0.86918386396153779     
  0.86186242736442265     
  0.85698750336095586     
  0.85212020015267265     
  0.84848913804951653     
  0.84671480343960903     
  0.84499672111982682     
  0.84689096682069420     
  0.84906700729589901     
  0.85208289688860794     
  0.85756555019885983     
  0.86450001546631872     
  0.86951922538720361     
  0.87574000638909999     
  0.88432747367278497     
  0.89070052723281157     
  0.90069253135937932     
  0.90938211076275421     
  0.91705974694813652     
  0.92755697571700924     
  0.93294938790001647     
  0.94110434865524240     
  0.94820634949082705     
  0.95200523536173254     
  0.95669989187625459     
  0.95997132319088507     
  0.96014933091919730     
  0.96064065686609079     
  0.95711907513096017     
  0.95348113925515532     
  0.94941196875700229     
  0.94162354842016538     
  0.93484635051149867     
  0.92595825229076301     
  0.91574951346443423     
  0.90499770807224611     
  0.89539073421919169     
  0.88358403190545398     
  0.87306133054854973     
  0.86239158320020348     
  0.85209435525117372     
  0.84137332449445557     
  0.83307362413344543     
  0.82578621942875963     
  0.82156909840852044     
  0.81591777439774082     
  0.81231398907673569     
  0.81249397194357742     
  0.81554230674601458     
  0.82218333206065730     
  0.83046327422668809     
  0.84030260366327858     
  0.85443935636209323     
  0.86891187608480946     
  0.88723942640506404     
  0.90822097600731366     
  0.93084335541509444     
  0.95609238663085538     
  0.98332304947341009     
   1.0097765141302579     
   1.0399112688112133     
   1.0697199675859790     
   1.1003622702476052     
   1.1288001673941319     
   1.1565504208412125     
   1.1835931624092466     
   1.2113420130465415     
   1.2360856908532263     
   1.2567118330051530     
   1.2741177292947172     
   1.2901208686448067     
   1.3029987561428606     
   1.3142678194339341     
   1.3189830443190478     
   1.3217149280558325     
   1.3199834832698671     
   1.3152411996173297     
   1.3078351589179957     
   1.2937240873913851     
   1.2806052149451188     
   1.2642263038916126     
   1.2465437973656626     
   1.2220496861435259     
   1.1985837053771917     
   1.1736388152101849     
   1.1474811779029879     
   1.1213524163657678     
   1.0939990059770361     
   1.0675711355441364     
   1.0416195702124698     
   1.0177798767959478     
  0.99400483923280747     
  0.97183507829117255     
  0.95100696336877322     
  0.93334519837006236     
  0.91703682463717828     
  0.90310344699978140     
  0.89233251138369418     
  0.88211009594417422     
  0.87377257811876707     
  0.87054599813131583     
  0.86648206374621406     
  0.86476269794404192     
  0.86480557302585259     
  0.86776968715183200     
  0.87092552298371784     
  0.87667214256487924     
  0.88448352866583424     
  0.89282842686712949     
  0.90065556959637061     
  0.90863516914695663     
  0.91723547768446700     
  0.92643339218976717     
  0.93499594960450128     
  0.94496761787070460     
  0.95174524222325707     
  0.96075603356533934     
  0.96688629851791108     
  0.97182373336894290     
  0.97701179515886083     
  0.98064836148968959     
  0.98423890962643756     
  0.98622877896311634     
  0.98824451380033795     
  0.98821230195794862     
  0.98700261327568017     
  0.98533104073272371     
  0.98342752779670928     
  0.98048326481538517     
  0.97841656208607086     
  0.97394724526830490     
  0.97187254439487447     
  0.96765440515996592     
  0.96292950228889229     
  0.95892686468955202     
  0.95245559496928733     
  0.94752869086931246     
  0.94245965933220244     
  0.93788406117063639     
  0.93258787146756894     
  0.92824840429615141     
  0.92379608706139615     
  0.91972383045235606     
  0.91493736423722005     
  0.91318041671973371     
  0.90916184731902228     
  0.90749325460052421     
  0.90549336738963260     
  0.90490126259224701     
  0.90462210192598613     
  0.90342642819485941     
  0.90427034767764225     
  0.90612082863727039     
  0.90825446699382117     
  0.91123666281865257     
  0.91580722438312545     
  0.92023214523474284     
  0.92631107742497543     
  0.93338314796248167     
  0.94157633749422665     
  0.94998287467823095     
  0.95945428219162288     
  0.97126859923381181     
  0.98226769641988954     
  0.99443911968985099     
   1.0085173084572561     
   1.0206227109658865     
   1.0356211175501369     
   1.0518432028223790     
   1.0654891738444170     
   1.0829758316995404     
   1.0993950385974067     
   1.1143645377944607     
   1.1285614251096374     
   1.1441301181528711     
   1.1596922678454953     
   1.1717400241753890     
   1.1863921853567805     
   1.1984844257297638     
   1.2067014631262047     
   1.2160435345446381     
   1.2231894892891144     
   1.2283485144413460     
   1.2287325485830740     
   1.2308374630907064     
   1.2283664557479748     
   1.2251081852694130     
   1.2193312251786201     
   1.2106345756514909     
   1.2016912796009551     
   1.1916961822287417     
   1.1794805192546991     
   1.1654802182810806     
   1.1491524302241483     
   1.1331169963520993     
   1.1154965804355408     
   1.0990684187604545     
   1.0797911129281881     
   1.0606680010783547     
   1.0419290296097106     
   1.0242004723125615     
   1.0065177761671695     
  0.98826628679324813     
  0.97005415287062124     
  0.95484527506692407     
  0.93891040144955040     
  0.92539551246858409     
  0.91250708298388872     
  0.90277349667385876     
  0.89116113739368896     
  0.88161809578037964     
  0.87424060459543784     
  0.86673106847609616     
  0.86125368711982031     
  0.85690512736748592     
  0.85147541168674590     
  0.84878388711836328     
  0.84609999530911628     
  0.84422589588403374     
  0.84333957354326317     
  0.84255953915590331     
  0.84270343561672656     
  0.84280138359865897     
  0.84316593358923086     
  0.84373491666996436     
  0.84577200165532873     
  0.84647796920236951     
  0.84795114599332400     
  0.85016098335621382     
  0.85294143189990779     
  0.85580139851627535     
  0.85854260511064051     
  0.86283906561007662     
  0.86710046535910457     
  0.87207189658561146     
  0.87703074079898413     
  0.88282050766972608     
  0.88947430951244910     
  0.89622479046579284     
  0.90334408013788448     
  0.91065842350336113     
  0.91916149041375528     
  0.92736602489916120     
  0.93544769654647264     
  0.94481760290641414     
  0.95382998115610296     
  0.96350171551664232     
  0.97351563994531320     
  0.98435608905502703     
  0.99365963243011179     
   1.0035170456935942     
   1.0147638344395153     
   1.0258016061448394     
   1.0356536156996667     
   1.0473938847583044     
   1.0572578295097996     
   1.0662760477728959     
   1.0760204409226464     
   1.0850876506406417     
   1.0949066997447048     
   1.1043001865348523     
   1.1120576796230719     
   1.1207185648691831     
   1.1268404303543078     
