 TEMP->   2.0000000000000000     
 DENSITY->  0.94999998807907104     
 N->         864
 CUTOFF->   3.2999999523162842     
 NUM_STEPS->       10000
   0.0000000000000000     
   0.0000000000000000     
   0.0000000000000000     
   0.0000000000000000     
   0.0000000000000000     
   0.0000000000000000     
   0.0000000000000000     
   0.0000000000000000     
   0.0000000000000000     
   0.0000000000000000     
   0.0000000000000000     
   0.0000000000000000     
   0.0000000000000000     
   0.0000000000000000     
   0.0000000000000000     
   0.0000000000000000     
   0.0000000000000000     
   0.0000000000000000     
   0.0000000000000000     
   0.0000000000000000     
   0.0000000000000000     
   0.0000000000000000     
   0.0000000000000000     
   0.0000000000000000     
   0.0000000000000000     
   0.0000000000000000     
   0.0000000000000000     
   0.0000000000000000     
   0.0000000000000000     
   0.0000000000000000     
   0.0000000000000000     
   0.0000000000000000     
   0.0000000000000000     
   0.0000000000000000     
   0.0000000000000000     
   0.0000000000000000     
   0.0000000000000000     
   0.0000000000000000     
   0.0000000000000000     
   0.0000000000000000     
   0.0000000000000000     
   0.0000000000000000     
   0.0000000000000000     
   0.0000000000000000     
   0.0000000000000000     
   0.0000000000000000     
   0.0000000000000000     
   0.0000000000000000     
   0.0000000000000000     
   0.0000000000000000     
   0.0000000000000000     
   0.0000000000000000     
   0.0000000000000000     
   0.0000000000000000     
   0.0000000000000000     
   0.0000000000000000     
   0.0000000000000000     
   0.0000000000000000     
   0.0000000000000000     
   0.0000000000000000     
   0.0000000000000000     
   0.0000000000000000     
   0.0000000000000000     
   0.0000000000000000     
   0.0000000000000000     
   0.0000000000000000     
   0.0000000000000000     
   0.0000000000000000     
   0.0000000000000000     
   0.0000000000000000     
   0.0000000000000000     
   0.0000000000000000     
   0.0000000000000000     
   0.0000000000000000     
   0.0000000000000000     
   0.0000000000000000     
   0.0000000000000000     
   0.0000000000000000     
   0.0000000000000000     
   0.0000000000000000     
   0.0000000000000000     
   0.0000000000000000     
   3.4226231620000734E-005
   1.5870391517476318E-004
   7.9116179508673058E-004
   3.4442406072048171E-003
   1.1314610491166768E-002
   3.1498952770559738E-002
   7.4450943810202660E-002
  0.14993593847052072     
  0.27118630067747995     
  0.44253213650118589     
  0.66123736941530253     
  0.91730889898955859     
   1.2010728119397169     
   1.4874694250641678     
   1.7658882942687157     
   2.0137329096640388     
   2.2293686318063859     
   2.3963047811501790     
   2.5214865849641419     
   2.6058370499842636     
   2.6437160768045924     
   2.6507562801181543     
   2.6179227404312724     
   2.5686197763853857     
   2.5082964463734925     
   2.4306158678214898     
   2.3454112096555861     
   2.2495795664351066     
   2.1520172614536159     
   2.0490782329138915     
   1.9543312751434299     
   1.8525438593191634     
   1.7656327357291810     
   1.6761438369711015     
   1.5964441333157291     
   1.5170421113594921     
   1.4428216535512512     
   1.3697004064084644     
   1.3039755819570529     
   1.2423924824686827     
   1.1844299529475570     
   1.1336980849617007     
   1.0855063427488476     
   1.0396902368342325     
  0.99829919114022259     
  0.95738106571414916     
  0.92119535264395580     
  0.88940631303749407     
  0.86183786307772825     
  0.83367163183546222     
  0.81037209790677234     
  0.78768866877776300     
  0.76699028466602115     
  0.74912616980745717     
  0.73044686721012697     
  0.71309634829407498     
  0.70023725293417804     
  0.68876459200813733     
  0.67900778949638763     
  0.66758965846531293     
  0.66014381490943019     
  0.65097997571699817     
  0.64540008871202570     
  0.64098077240992235     
  0.63882041459301453     
  0.63618036537342471     
  0.63498022546057886     
  0.63610550310765346     
  0.63582502714099320     
  0.63851680509867903     
  0.64196834445982542     
  0.64797180260737253     
  0.65097706860486182     
  0.65795014212045455     
  0.66559993496131709     
  0.67404070821002748     
  0.68441919853250754     
  0.69122769335335810     
  0.70248390003556693     
  0.71715889472468375     
  0.73044427833041736     
  0.74339627384630358     
  0.75712524876249410     
  0.77269812785651559     
  0.78789520400883251     
  0.80548871437640290     
  0.82262056922129290     
  0.84107098822943882     
  0.86082823420549415     
  0.87904578944446277     
  0.89694084810897878     
  0.91762734279348335     
  0.93672763465560926     
  0.95568720194015011     
  0.97609119702876501     
  0.99469071599518855     
   1.0150030509318104     
   1.0359000153885127     
   1.0522259033168242     
   1.0684848467267374     
   1.0842541129475289     
   1.1034446171700005     
   1.1173381408046448     
   1.1331913697910754     
   1.1469769314341054     
   1.1631501742304262     
   1.1751998175474760     
   1.1858892897221478     
   1.1993365515322219     
   1.2093089044673520     
   1.2198082265518462     
   1.2281454633853695     
   1.2343372386584714     
   1.2393895974715781     
   1.2425529805765634     
   1.2434025940796742     
   1.2446716371473865     
   1.2439452154383335     
   1.2425223089494346     
   1.2377161269603412     
   1.2310925468165239     
   1.2232569872615406     
   1.2175606771594985     
   1.2085305285785508     
   1.1998326446203418     
   1.1883184026616136     
   1.1764781187841624     
   1.1637459222828479     
   1.1502990499039216     
   1.1378779781089523     
   1.1247875843577224     
   1.1112096791068007     
   1.0963009650791253     
   1.0791897279817404     
   1.0655291298003662     
   1.0515388560205698     
   1.0385320418157966     
   1.0258619054432885     
   1.0132218569693694     
  0.99968794092907431     
  0.98798591943068070     
  0.97701206711945232     
  0.96542375790251556     
  0.95514015584587220     
  0.94591320045708205     
  0.93657416149634065     
  0.92687197884282246     
  0.91740395357895543     
  0.90949909902230219     
  0.90386786348204151     
  0.89456444187493545     
  0.88898621400014932     
  0.88493931756330291     
  0.87934297279991869     
  0.87772201493071600     
  0.87574814428495018     
  0.87142503888806766     
  0.86942923690732932     
  0.86825703352272510     
  0.86878158971838693     
  0.86787193520288464     
  0.86837145305607255     
  0.87078023684645856     
  0.87298736861647552     
  0.87505980869716649     
  0.87795861713417733     
  0.88126412337794713     
  0.88460921998265574     
  0.88830077140549768     
  0.89297963108781142     
  0.89916493038071821     
  0.90511416667161859     
  0.91142725796842416     
  0.91729786824347992     
  0.92348461544065319     
  0.93044512567350179     
  0.93733382974585300     
  0.94433510913872309     
  0.95282576205782155     
  0.95996798666050565     
  0.96722212966885501     
  0.97520852010539116     
  0.98306003018623267     
  0.99034692714182582     
  0.99572769291140006     
   1.0026029949729980     
   1.0080405666522891     
   1.0177119545179165     
   1.0240020094492059     
   1.0299043793314904     
   1.0358764718181934     
   1.0433283358117051     
   1.0482936734001176     
   1.0533969084130350     
   1.0560271684243205     
   1.0599000797487914     
   1.0637685744978553     
   1.0678329873774568     
   1.0693425008173383     
   1.0729028771230469     
   1.0723628139966388     
   1.0756918853208599     
   1.0788928120342924     
   1.0789917197664325     
   1.0791781378229626     
   1.0791897755693158     
   1.0782143914721292     
   1.0790030528205026     
   1.0776309494478880     
   1.0752902037418601     
   1.0731620204096299     
   1.0723980764814853     
   1.0716416791442001     
   1.0697606947279119     
   1.0667801019124266     
   1.0627333541013400     
   1.0592989463025748     
   1.0559418216904186     
   1.0526712019287923     
   1.0480092796350822     
   1.0443409746458709     
   1.0400364254887253     
   1.0360744116028582     
   1.0320815813822362     
   1.0288403213172708     
   1.0241530507229342     
   1.0189720552087658     
   1.0149926935254463     
   1.0118938986915247     
   1.0078393978810620     
   1.0017565655820930     
  0.99830498791707611     
  0.99403147113733825     
  0.99099684640982466     
  0.98677062282822958     
  0.98191313133765146     
  0.97987803790966921     
  0.97663566465326745     
  0.97446745721951256     
  0.97114454135595030     
  0.96854471878516601     
  0.96480853662094934     
  0.96252372055782132     
  0.96096018756839330     
  0.95938133273922810     
  0.95819421634658830     
  0.95532121014519489     
  0.95387255696782913     
  0.95334505480783649     
  0.95344461512698941     
  0.95322757954946769     
  0.95342746031454351     
  0.95344014364451168     
  0.95331949390044879     
  0.95298782117332570     
  0.95394624865237188     
  0.95577348087673997     
  0.95523469506021286     
  0.95743556024397380     
  0.96023216921969257     
  0.96145355199085192     
  0.96166092522506419     
  0.96442512289414883     
  0.96637658550968353     
  0.96921499275044320     
  0.97182841632227857     
  0.97429426924875651     
  0.97696283908504045     
  0.97980083256157191     
  0.98349310926192679     
  0.98573669484477056     
  0.98841051575600214     
  0.99171588665719079     
  0.99423362847674179     
  0.99780701178404896     
  0.99970711363786147     
   1.0032314119835299     
   1.0065178294108077     
   1.0091165078684468     
   1.0104179100204429     
   1.0125730404185080     
   1.0167165244127576     
   1.0178144028323801     
   1.0193691060377688     
   1.0202371635780398     
   1.0210641604038522     
   1.0238267016986158     
   1.0253179239292509     
   1.0254266051666736     
   1.0264044276873261     
   1.0282376858019153     
   1.0298285822153197     
   1.0295721226801624     
   1.0292591761553458     
   1.0311576901057684     
   1.0310690421839463     
   1.0312196505108617     
   1.0311583684081043     
   1.0308442788209187     
   1.0301095592779592     
   1.0296625847786334     
   1.0302359451577874     
   1.0296925987367200     
   1.0278221955064271     
   1.0258056832657820     
   1.0247912337734157     
   1.0239503446124691     
   1.0228628555563006     
   1.0219810774811220     
   1.0203969546337617     
   1.0181411538045027     
   1.0161365387296035     
   1.0159471873545809     
   1.0139436202257310     
   1.0118281566599721     
   1.0107026504869081     
   1.0091392716989882     
   1.0082874963298378     
   1.0048005172450327     
   1.0044220828028330     
   1.0025290168216694     
   1.0008946539283667     
  0.99936455202215990     
  0.99821620651653709     
  0.99715527881567168     
  0.99557390841149906     
  0.99456317424752483     
  0.99279552223599776     
  0.99121402112468215     
  0.99028525481014607     
  0.98956398222681297     
  0.98749620952349426     
  0.98696073226667280     
  0.98524514099310101     
  0.98369913002884557     
  0.98375500765783819     
  0.98362798241691163     
  0.98400514975361886     
  0.98339686486596178     
  0.98245634040988938     
  0.98291277027901192     
  0.98274975527488173     
  0.98277396980300591     
  0.98291962808254685     
  0.98279826792140412     
  0.98382212833520910     
  0.98412064672986288     
  0.98440551128492260     
  0.98544521782028116     
  0.98578587649224603     
  0.98551393768659912     
  0.98674283865542589     
  0.98648934489243778     
  0.98699451331541588     
  0.98779922674411580     
  0.98986286933699985     
  0.99009268504222769     
  0.99128200166654235     
  0.99259829188002702     
  0.99278921909347040     
  0.99330368233755550     
  0.99408864667638119     
  0.99673125036991228     
  0.99657558932028811     
  0.99806551075792693     
  0.99874813168199539     
   1.0012104620003730     
   1.0020690780208159     
   1.0030353256886020     
   1.0045501859508463     
   1.0051715279978342     
   1.0061701994217769     
   1.0069659779818756     
   1.0078413544863587     
   1.0083061994747080     
   1.0096660971649767     
   1.0091042110866417     
   1.0097440201182457     
   1.0097300630603456     
   1.0104897886684032     
   1.0116017866668254     
   1.0114142700884292     
   1.0111109313676736     
   1.0116426234050575     
   1.0126205812220324     
   1.0128237119678667     
   1.0125271438360119     
   1.0121417434042554     
   1.0129163507965178     
   1.0127883613065536     
   1.0132419181550225     
   1.0127571858249331     
   1.0124323032870555     
   1.0115175244122760     
   1.0106975992056306     
   1.0107703246899846     
   1.0109375614421623     
   1.0094001407887070     
   1.0087509460810693     
   1.0079318039016030     
   1.0080862243330546     
   1.0073916156608398     
   1.0064354655328420     
