 TEMP->   3.0000000000000000     
 DENSITY->  0.75000000000000000     
 N->         864
 CUTOFF->   3.2999999523162842     
 NUM_STEPS->       10000
   0.0000000000000000     
   0.0000000000000000     
   0.0000000000000000     
   0.0000000000000000     
   0.0000000000000000     
   0.0000000000000000     
   0.0000000000000000     
   0.0000000000000000     
   0.0000000000000000     
   0.0000000000000000     
   0.0000000000000000     
   0.0000000000000000     
   0.0000000000000000     
   0.0000000000000000     
   0.0000000000000000     
   0.0000000000000000     
   0.0000000000000000     
   0.0000000000000000     
   0.0000000000000000     
   0.0000000000000000     
   0.0000000000000000     
   0.0000000000000000     
   0.0000000000000000     
   0.0000000000000000     
   0.0000000000000000     
   0.0000000000000000     
   0.0000000000000000     
   0.0000000000000000     
   0.0000000000000000     
   0.0000000000000000     
   0.0000000000000000     
   0.0000000000000000     
   0.0000000000000000     
   0.0000000000000000     
   0.0000000000000000     
   0.0000000000000000     
   0.0000000000000000     
   0.0000000000000000     
   0.0000000000000000     
   0.0000000000000000     
   0.0000000000000000     
   0.0000000000000000     
   0.0000000000000000     
   0.0000000000000000     
   0.0000000000000000     
   0.0000000000000000     
   0.0000000000000000     
   0.0000000000000000     
   0.0000000000000000     
   0.0000000000000000     
   0.0000000000000000     
   0.0000000000000000     
   0.0000000000000000     
   0.0000000000000000     
   0.0000000000000000     
   0.0000000000000000     
   0.0000000000000000     
   0.0000000000000000     
   0.0000000000000000     
   0.0000000000000000     
   0.0000000000000000     
   0.0000000000000000     
   0.0000000000000000     
   0.0000000000000000     
   0.0000000000000000     
   0.0000000000000000     
   0.0000000000000000     
   0.0000000000000000     
   0.0000000000000000     
   0.0000000000000000     
   0.0000000000000000     
   0.0000000000000000     
   0.0000000000000000     
   0.0000000000000000     
   0.0000000000000000     
   0.0000000000000000     
   0.0000000000000000     
   0.0000000000000000     
   0.0000000000000000     
   0.0000000000000000     
   1.1383545991715384E-005
   1.1105908978556002E-004
   3.7211519133246648E-004
   1.7527965522687971E-003
   5.5892453537106082E-003
   1.6334074088693862E-002
   3.7983811998810506E-002
   7.7041726485793660E-002
  0.14156981373596367     
  0.23387450143027294     
  0.35481822926398471     
  0.50845570879139590     
  0.68014913141457112     
  0.86378302929737982     
   1.0490048916328369     
   1.2366299800130625     
   1.4086669716453115     
   1.5629848969921092     
   1.6897597348094964     
   1.8015210779307873     
   1.8824454412253564     
   1.9507433892292823     
   1.9907982570663805     
   2.0180404143146444     
   2.0239163917593568     
   2.0224676213255619     
   2.0029194434414808     
   1.9773022516087337     
   1.9387099892144319     
   1.9017264887209344     
   1.8618714469285123     
   1.8166424582332983     
   1.7672607866852064     
   1.7230003216151279     
   1.6683548272257898     
   1.6219562607581532     
   1.5703776354129628     
   1.5256751416415544     
   1.4873542716566899     
   1.4418697450512736     
   1.3982952847673598     
   1.3595603555538716     
   1.3192490819637162     
   1.2856799416379610     
   1.2465058242655702     
   1.2168940917638333     
   1.1862106502051397     
   1.1551882645159328     
   1.1283868564273594     
   1.1016594351614519     
   1.0750986865686891     
   1.0530803499961841     
   1.0306437196129290     
   1.0090221773126236     
  0.98804693493272699     
  0.97247105769482778     
  0.95256282946736126     
  0.93718663270158531     
  0.92144983955007420     
  0.90634054014897891     
  0.89097731883784004     
  0.88079382776364779     
  0.87021044454604146     
  0.85976862432900891     
  0.85313743064963432     
  0.84487952521355369     
  0.83531406686975007     
  0.82910086864532295     
  0.82252711197388406     
  0.81586192951722925     
  0.81390584845516223     
  0.80633245721454205     
  0.80269132074658822     
  0.79979430775105176     
  0.79927203473021058     
  0.80014407931154730     
  0.79801713511055761     
  0.79575066195067168     
  0.79625058788117353     
  0.79786528693680270     
  0.80171096606869696     
  0.80534771557292528     
  0.80529502127849206     
  0.80995733184216057     
  0.81447890325917172     
  0.81549905999048222     
  0.82049046155073180     
  0.82624617658119071     
  0.83427613867884531     
  0.83823218637696650     
  0.84548603035057401     
  0.85329921134987696     
  0.86105671427030173     
  0.86935194408811389     
  0.87776359497955314     
  0.88650722534111714     
  0.89582570456287525     
  0.90693736324863361     
  0.91490679545940889     
  0.92393411176783768     
  0.93584772342544331     
  0.94495029619874171     
  0.95613068201801021     
  0.96647077072857468     
  0.97933388251541598     
  0.98841984677546979     
  0.99787655946128473     
   1.0078410154797268     
   1.0195563791833977     
   1.0283950132192523     
   1.0376746764351519     
   1.0465875882486066     
   1.0553812056389367     
   1.0632979544872978     
   1.0717843057819334     
   1.0787242240353598     
   1.0860236677926456     
   1.0915191312551067     
   1.0948819685776328     
   1.0993027367536898     
   1.1030470680509556     
   1.1054112946960799     
   1.1059727298522266     
   1.1087290708488737     
   1.1091767586795513     
   1.1097728620348033     
   1.1089318575341418     
   1.1073598768591468     
   1.1063433454863831     
   1.1048379937984389     
   1.1034954823601721     
   1.0992737510897981     
   1.0957805271284085     
   1.0941131446785601     
   1.0907494273700702     
   1.0866410708780618     
   1.0789148500194068     
   1.0750784146826096     
   1.0722371981830250     
   1.0666567502459250     
   1.0620197682918537     
   1.0575356206521556     
   1.0513277278873980     
   1.0465464884905402     
   1.0432585165979793     
   1.0362268906611678     
   1.0317363727047792     
   1.0280400022223064     
   1.0231569192427741     
   1.0173061784165423     
   1.0117413098074310     
   1.0064720928936102     
   1.0008778914063596     
  0.99786482716824698     
  0.99301808986613083     
  0.99193073870393056     
  0.98763013270876110     
  0.98285266822731199     
  0.98019540898003366     
  0.97780752140262039     
  0.97568427532849644     
  0.97370551962425411     
  0.96997580726497401     
  0.96786192367061219     
  0.96682655144804130     
  0.96448829379483958     
  0.96246080502577147     
  0.96009091281367753     
  0.95918093114978642     
  0.95912565777200764     
  0.95727418215411775     
  0.95673147176843587     
  0.95553904246295840     
  0.95481965723229723     
  0.95703869089900107     
  0.95768936125382442     
  0.95757313366634333     
  0.95923398701792961     
  0.95935866502634637     
  0.95987176476696456     
  0.96015088131694604     
  0.96177632164177884     
  0.96271040518125472     
  0.96262163740010731     
  0.96428691808704536     
  0.96512333998931032     
  0.96739186305063873     
  0.96916072740586701     
  0.97278685475025628     
  0.97512494504796376     
  0.97665924824850081     
  0.97894180225526073     
  0.98061888424327615     
  0.98340176559035208     
  0.98534146371380660     
  0.98647131522590992     
  0.98893887126860025     
  0.99163811619866737     
  0.99298666210116893     
  0.99475231378653395     
  0.99732140419209636     
  0.99909755400307798     
   1.0006575323902485     
   1.0024555114328528     
   1.0041591755601835     
   1.0101889694301975     
   1.0110675898502488     
   1.0130456784273960     
   1.0142736941221699     
   1.0151176196201241     
   1.0161849415734778     
   1.0173870893950610     
   1.0188997066351348     
   1.0191478191674739     
   1.0201405185001231     
   1.0211938939566623     
   1.0219058361767412     
   1.0221981332254473     
   1.0236692882005312     
   1.0231240360372249     
   1.0233658464713080     
   1.0230149676491651     
   1.0233761927759135     
   1.0213805089403987     
   1.0208109257107230     
   1.0203884055994743     
   1.0199614366499599     
   1.0212123995619720     
   1.0203358008133341     
   1.0198771109264197     
   1.0186902900428469     
   1.0175937075756591     
   1.0177077075533072     
   1.0172806500407272     
   1.0164458925540254     
   1.0158557027004489     
   1.0152654305626505     
   1.0129183475790275     
   1.0119000512329235     
   1.0112586057051527     
   1.0090949489860777     
   1.0083012677355458     
   1.0082063323568597     
   1.0079029794192325     
   1.0072864765848057     
   1.0058492336589797     
   1.0042342148862498     
   1.0033805858910569     
   1.0032323959778677     
   1.0014447620055753     
  0.99946991407843166     
  0.99851336789329392     
  0.99794657514597584     
  0.99725630460491055     
  0.99484491894447513     
  0.99531590003914006     
  0.99500583401827292     
  0.99491186726048508     
  0.99487610808680704     
  0.99482606591964851     
  0.99496432482335240     
  0.99458356696660544     
  0.99390436802616478     
  0.99347628960389500     
  0.99249545099583880     
  0.99202016830701600     
  0.99168948352800435     
  0.99203891357579299     
  0.99137169500473299     
  0.99130299353648998     
  0.99057943202684207     
  0.99070721679848839     
  0.99095217650175949     
  0.99137351591782041     
  0.99142292086504735     
  0.99108017879360089     
  0.99138272271195549     
  0.99183664759158019     
  0.99150613015167632     
  0.99170865427405086     
  0.99218032458596828     
  0.99262859508829748     
  0.99513971453265204     
  0.99407628062985731     
  0.99493524917829279     
  0.99495987367001681     
  0.99571741024603821     
  0.99608820707053491     
  0.99682710831689492     
  0.99683328673968141     
  0.99701117160291974     
  0.99811253593509053     
  0.99872838269288078     
  0.99884424411495409     
   1.0003202293834177     
   1.0006125629241240     
   1.0005575725001481     
   1.0004571992242544     
   1.0021929854482918     
   1.0018305334581172     
   1.0016594720678877     
   1.0019089478130767     
   1.0019103595727923     
   1.0025428269968120     
   1.0033886885277050     
   1.0038869933558647     
   1.0029639305532643     
   1.0028091353773176     
   1.0046070931455928     
   1.0043305164732228     
   1.0045150950178559     
   1.0049818005729911     
   1.0047236286771191     
   1.0049672366464029     
   1.0057339262720355     
   1.0056910305486624     
   1.0058877472932386     
   1.0048831317865281     
   1.0061558266791109     
   1.0056089177017646     
   1.0061691052522801     
   1.0060283315063350     
   1.0053626044982993     
   1.0063492605596385     
   1.0053332979411196     
   1.0052813022679834     
   1.0053128868866839     
   1.0060888848097662     
   1.0050199621368818     
   1.0053140621221468     
   1.0055733801710480     
   1.0052383221195162     
   1.0038865827465719     
   1.0038149271979857     
   1.0028081532915287     
   1.0033674591792239     
   1.0034080492174342     
   1.0027337856056966     
   1.0026195977023804     
   1.0033756685945125     
   1.0040916603863741     
   1.0034383186730309     
   1.0028474031626755     
   1.0021654586924960     
   1.0017682253551889     
   1.0022608477060795     
   1.0016980422596276     
   1.0015830882233312     
  0.99994325462616851     
   1.0007045038247071     
   1.0009492899510517     
  0.99986820604291016     
  0.99981569658136349     
   1.0001129949329060     
   1.0002745352946998     
  0.99940927851577555     
  0.99913652100616623     
  0.99941849756862811     
  0.99957433704857868     
  0.99883532774770423     
  0.99953077397525603     
  0.99923214302502172     
  0.99909440231225977     
  0.99832266901668010     
  0.99881493736847360     
  0.99793757058658694     
  0.99780646404219142     
  0.99804180685515331     
  0.99805316320676385     
  0.99802873918140811     
  0.99890496976970733     
  0.99862255444232595     
  0.99858014345173318     
  0.99819386011754507     
  0.99748157233904833     
  0.99863251323691371     
  0.99830301928164766     
  0.99878957680092750     
  0.99875732604452616     
  0.99907913377150925     
  0.99993151419112214     
  0.99989084575684861     
  0.99992682024991564     
  0.99973124073510766     
   1.0000673635169803     
   1.0001894978631205     
  0.99984886531813710     
  0.99947498945334601     
  0.99923780412881369     
  0.99996552049695209     
  0.99972442262825933     
  0.99996923905021917     
   1.0014207353849549     
   1.0009501734508928     
   1.0013392112616859     
   1.0019226505096708     
   1.0012977365875013     
   1.0018950334663965     
   1.0018001816733686     
   1.0018595376478272     
   1.0018531689036623     
   1.0016786947550695     
   1.0017129496664279     
   1.0013761987397447     
   1.0017131091216529     
   1.0021615351234523     
   1.0018868799262568     
   1.0021465501360056     
   1.0020521536335458     
   1.0022049746288779     
   1.0018712322640637     
   1.0020706752980091     
   1.0019201223615442     
   1.0017141967848981     
   1.0016393035807261     
   1.0019992269554647     
   1.0030896628798769     
   1.0027141443496610     
   1.0032659729356046     
   1.0025253214183310     
   1.0024519344808032     
   1.0025474395486211     
   1.0030049760437811     
   1.0031217711784715     
   1.0024887547438242     
   1.0035351656169165     
   1.0028393544534233     
   1.0029002316951905     
   1.0024880403558312     
   1.0022676230696932     
   1.0020533149807316     
   1.0026269076173810     
   1.0026268756273196     
   1.0025160069662438     
   1.0015678786809101     
   1.0009614599209740     
   1.0018668238308681     
   1.0008701288285744     
   1.0005252523584571     
   1.0004484018396993     
   1.0009784007013987     
   1.0009437329529136     
   1.0010052164500209     
   1.0011658783459907     
  0.99919294737072184     
