 TEMP->  0.75000000000000000     
 DENSITY->  0.94999998807907104     
 N->         864
 CUTOFF->   3.2999999523162842     
 NUM_STEPS->       10000
   0.0000000000000000     
   0.0000000000000000     
   0.0000000000000000     
   0.0000000000000000     
   0.0000000000000000     
   0.0000000000000000     
   0.0000000000000000     
   0.0000000000000000     
   0.0000000000000000     
   0.0000000000000000     
   0.0000000000000000     
   0.0000000000000000     
   0.0000000000000000     
   0.0000000000000000     
   0.0000000000000000     
   0.0000000000000000     
   0.0000000000000000     
   0.0000000000000000     
   0.0000000000000000     
   0.0000000000000000     
   0.0000000000000000     
   0.0000000000000000     
   0.0000000000000000     
   0.0000000000000000     
   0.0000000000000000     
   0.0000000000000000     
   0.0000000000000000     
   0.0000000000000000     
   0.0000000000000000     
   0.0000000000000000     
   0.0000000000000000     
   0.0000000000000000     
   0.0000000000000000     
   0.0000000000000000     
   0.0000000000000000     
   0.0000000000000000     
   0.0000000000000000     
   0.0000000000000000     
   0.0000000000000000     
   0.0000000000000000     
   0.0000000000000000     
   0.0000000000000000     
   0.0000000000000000     
   0.0000000000000000     
   0.0000000000000000     
   0.0000000000000000     
   0.0000000000000000     
   0.0000000000000000     
   0.0000000000000000     
   0.0000000000000000     
   0.0000000000000000     
   0.0000000000000000     
   0.0000000000000000     
   0.0000000000000000     
   0.0000000000000000     
   0.0000000000000000     
   0.0000000000000000     
   0.0000000000000000     
   0.0000000000000000     
   0.0000000000000000     
   0.0000000000000000     
   0.0000000000000000     
   0.0000000000000000     
   0.0000000000000000     
   0.0000000000000000     
   0.0000000000000000     
   0.0000000000000000     
   0.0000000000000000     
   0.0000000000000000     
   0.0000000000000000     
   0.0000000000000000     
   0.0000000000000000     
   0.0000000000000000     
   0.0000000000000000     
   0.0000000000000000     
   0.0000000000000000     
   0.0000000000000000     
   0.0000000000000000     
   0.0000000000000000     
   0.0000000000000000     
   0.0000000000000000     
   0.0000000000000000     
   0.0000000000000000     
   0.0000000000000000     
   0.0000000000000000     
   0.0000000000000000     
   0.0000000000000000     
   0.0000000000000000     
   0.0000000000000000     
   6.3010512708242366E-005
   3.3657117744508681E-004
   1.6648227126905984E-003
   5.7560258787507116E-003
   1.8912509604728345E-002
   4.7136954302206484E-002
  0.10488099820357544     
  0.20618967801465526     
  0.36024236152966072     
  0.58157738345832566     
  0.86521158220435357     
   1.2036358373379588     
   1.5743061421133298     
   1.9662669848090633     
   2.3445840460505041     
   2.7018984825796735     
   3.0172399478255971     
   3.2728815032404328     
   3.4652667188816513     
   3.5902540748262650     
   3.6544785983995811     
   3.6552330730207094     
   3.6072167035416056     
   3.5140985084056080     
   3.3922212529584779     
   3.2419300900088457     
   3.0638370847437266     
   2.8749490920148664     
   2.6781899308108903     
   2.4845368662752043     
   2.2823622959916610     
   2.0854205281305500     
   1.8907156651295582     
   1.7120088353387410     
   1.5407202480303637     
   1.3741471073218379     
   1.2236814155150033     
   1.0918721879423421     
  0.96550140694163955     
  0.84961566628205965     
  0.74987663968334473     
  0.65978469820670360     
  0.57866315382149447     
  0.51192889558969334     
  0.45328792195384787     
  0.40337812020812103     
  0.36138938517949482     
  0.32705339875363176     
  0.30233433665443060     
  0.28285466124701947     
  0.27432892013757615     
  0.27057250575547942     
  0.27069806995578904     
  0.27680095065602689     
  0.28454160477113727     
  0.30046822397613709     
  0.31915847310473922     
  0.34253656529804521     
  0.36768495095321230     
  0.39437281020663190     
  0.42365226513089027     
  0.45472847667714222     
  0.48721669248867022     
  0.51781143141436681     
  0.54751413003923077     
  0.57384109843410402     
  0.60164187852019502     
  0.62791867942939739     
  0.64609504183263200     
  0.65862627773747184     
  0.67106585866555346     
  0.67663422396477824     
  0.67673590026835262     
  0.67259565453157222     
  0.66548335629382216     
  0.65562923572191978     
  0.64235858536423751     
  0.62445949643826648     
  0.60434192884127569     
  0.58688412342889240     
  0.56870040138129030     
  0.55193538085919336     
  0.53821709434231457     
  0.52851513348037493     
  0.52470257737430859     
  0.52970773520697612     
  0.54024827722736313     
  0.55825682154984191     
  0.58888946142770171     
  0.62859836831726457     
  0.67813870993319947     
  0.73767658788307977     
  0.80669660404648380     
  0.88625268157495196     
  0.97321993665069628     
   1.0671164415532852     
   1.1652212305784622     
   1.2637089742177119     
   1.3645678326271256     
   1.4664875638634440     
   1.5561117542848237     
   1.6424002153791202     
   1.7178557883104502     
   1.7821349092742458     
   1.8304621425880958     
   1.8666874773465290     
   1.8862612236078342     
   1.8938065295907167     
   1.8853227015482601     
   1.8638001105374222     
   1.8292102651250564     
   1.7800959706391259     
   1.7210500401704982     
   1.6566177811738956     
   1.5819864585268573     
   1.5052650607733458     
   1.4261701887637033     
   1.3480487302456021     
   1.2728385924161230     
   1.1990322026320694     
   1.1333607449613405     
   1.0729584676315420     
   1.0198653441460661     
  0.97363545721579059     
  0.93739205189414110     
  0.90787188977058120     
  0.88137572497027994     
  0.86159590867683122     
  0.84928329145670278     
  0.84179731229947552     
  0.83687723915454104     
  0.83405346477859599     
  0.83259253935456812     
  0.83180407045072180     
  0.83248866555604162     
  0.82904296362081864     
  0.83080181482444448     
  0.82855292804851333     
  0.82579265635307630     
  0.82179402451531902     
  0.81795999630820493     
  0.81338974184662982     
  0.80830920140150397     
  0.80438361635307787     
  0.79977839808514883     
  0.79902398943747366     
  0.79910829641291159     
  0.80137417183367377     
  0.80602748159964044     
  0.81566968264400475     
  0.82810671604115116     
  0.84495183653467520     
  0.86381476879967611     
  0.88499620209302443     
  0.90911036407656221     
  0.93514579960266597     
  0.95862187757429806     
  0.98586523567899875     
   1.0113673974361077     
   1.0371852610028673     
   1.0593333379175214     
   1.0793908036640527     
   1.0961427095603944     
   1.1064066794886622     
   1.1125934020999704     
   1.1131859879312427     
   1.1089519569064663     
   1.0987974360468560     
   1.0847766941498533     
   1.0655659933696786     
   1.0437473773052590     
   1.0161576443659366     
  0.98457967517615463     
  0.95268647028977305     
  0.91715714531770298     
  0.88239548801414602     
  0.84867774896829662     
  0.81498902239312387     
  0.78342830754081827     
  0.75168310352589129     
  0.72358998774565142     
  0.69870590634292118     
  0.67818618211273063     
  0.66052493145415114     
  0.64747291631270665     
  0.63815395789696649     
  0.63542489391617207     
  0.63476335544711016     
  0.64038756289168164     
  0.65115824591889471     
  0.66629896635963004     
  0.68727936045680038     
  0.71570995532852277     
  0.74967010562329661     
  0.78754625070272033     
  0.83258000897846896     
  0.87945030531403667     
  0.93314657979421611     
  0.99002567964172894     
   1.0498245360602836     
   1.1128068835011582     
   1.1752554004491145     
   1.2383195900156165     
   1.2998518765922957     
   1.3583027641832124     
   1.4132489896662594     
   1.4642164597735787     
   1.5082102115040410     
   1.5438993968649715     
   1.5694289180299610     
   1.5852181620142050     
   1.5940008614388010     
   1.5944668420821535     
   1.5856547802513157     
   1.5662052823993624     
   1.5390307065908511     
   1.5031888629736772     
   1.4580307057944855     
   1.4085075439849331     
   1.3541209635323639     
   1.2970069395078254     
   1.2360574424156836     
   1.1744203499406523     
   1.1134696992310862     
   1.0511934831690743     
  0.99381636391580486     
  0.93868490536263494     
  0.88676815140439469     
  0.84022429587981506     
  0.79975985862863408     
  0.76460521497998557     
  0.73586618726997510     
  0.71386644165456115     
  0.69663611386395718     
  0.68736791740242431     
  0.68410602228475437     
  0.68625467983067512     
  0.69490193331638606     
  0.70836880255446399     
  0.72534471614771889     
  0.74646353388080688     
  0.77126978759886100     
  0.79667864369405084     
  0.82574108452715100     
  0.85618601978848274     
  0.88637880716825057     
  0.91517526247596337     
  0.94345928191860096     
  0.97103069471156456     
  0.99666775238685978     
   1.0189858601444313     
   1.0383320899964557     
   1.0543284698963749     
   1.0687905793936814     
   1.0775053754547315     
   1.0837772609389922     
   1.0866486617338746     
   1.0890237807178764     
   1.0850610006996997     
   1.0797063440253944     
   1.0722906365373954     
   1.0616613834350248     
   1.0509666539656086     
   1.0391371101001565     
   1.0254887710059284     
   1.0127511257036459     
  0.99871952101592010     
  0.98480750584476806     
  0.97188847812570212     
  0.96047786908632438     
  0.94769917253848923     
  0.93633414438599760     
  0.92375380035569843     
  0.91301519672816256     
  0.90556728259670538     
  0.89511009266944586     
  0.88779246234050446     
  0.88193475361649865     
  0.87574738198875002     
  0.87024368289443743     
  0.86501415212761557     
  0.86015684257241320     
  0.85788740854744605     
  0.85522922560374393     
  0.85214688090359292     
  0.85055462876434706     
  0.85033382421332493     
  0.84925222985328608     
  0.84875073120561129     
  0.84907642916877923     
  0.85018164227005821     
  0.85262112173046289     
  0.85496188497329773     
  0.86007058509563872     
  0.86590073298547032     
  0.87493928601052906     
  0.88440065196784157     
  0.89660563303163132     
  0.91053068130109882     
  0.92631328419277781     
  0.94523474131010232     
  0.96650560775891514     
  0.99012730569411089     
   1.0143859176686729     
   1.0420958085417347     
   1.0711085532559943     
   1.1007294531793708     
   1.1340414032514530     
   1.1660377173167351     
   1.1990132342801003     
   1.2315373473868589     
   1.2637652871594565     
   1.2952857626066840     
   1.3234283065116834     
   1.3488979477657468     
   1.3720502717590588     
   1.3905808823942785     
   1.4037963880431148     
   1.4114004223700876     
   1.4137308781110847     
   1.4097093209742433     
   1.4016441901362455     
   1.3871001211394489     
   1.3656186555173184     
   1.3402665269703000     
   1.3119614241635991     
   1.2762766442322868     
   1.2380516549934217     
   1.1962911794887128     
   1.1536005656923232     
   1.1117393261635513     
   1.0684777308634352     
   1.0259694569295923     
  0.98616420056760357     
  0.94713789957686811     
  0.91383445117728856     
  0.88198921565188726     
  0.85618960327216087     
  0.83412518114613099     
  0.81642786271857237     
  0.80256071573362886     
  0.79274993282336026     
  0.78778403675251374     
  0.78549767297354145     
  0.78656560137803666     
  0.79041875448973131     
  0.79550667814408127     
  0.80267599069994033     
  0.81069475698139992     
  0.81972671175307166     
  0.82704307177131176     
  0.83387823988802756     
  0.83969674258979388     
  0.84476475484137847     
  0.84699979213245502     
  0.84913819761070863     
  0.84943497336743934     
  0.84641375536099628     
  0.84396978684022117     
  0.84112419315177611     
  0.83716892271208632     
  0.83395707149696718     
  0.83044412683385471     
  0.82680805013476111     
  0.82384845934330952     
  0.82264750929897579     
  0.82363031736586134     
  0.82477809310617312     
  0.82846132099650915     
  0.83401722611806095     
  0.84116255236866810     
  0.85006320425602111     
  0.86002716517896427     
  0.87211664908875119     
  0.88494475635486458     
  0.89856370184212719     
  0.91250309637112437     
  0.92541530855871057     
  0.94117094803406121     
  0.95539910545002427     
  0.96945870716857974     
  0.98475758934458146     
  0.99795405812809246     
   1.0117658123881264     
   1.0249936387675025     
   1.0370849705132139     
   1.0500599583094883     
   1.0601230768997336     
   1.0727491752377651     
   1.0847877272773483     
   1.0951048988916439     
   1.1073766917555536     
   1.1191762270862569     
   1.1312350936463520     
   1.1438243074203909     
   1.1340575209828427     
