 TEMP->   2.5000000000000000     
 DENSITY->  0.44999998807907104     
 N->         864
 CUTOFF->   3.2999999523162842     
 NUM_STEPS->       10000
   0.0000000000000000     
   0.0000000000000000     
   0.0000000000000000     
   0.0000000000000000     
   0.0000000000000000     
   0.0000000000000000     
   0.0000000000000000     
   0.0000000000000000     
   0.0000000000000000     
   0.0000000000000000     
   0.0000000000000000     
   0.0000000000000000     
   0.0000000000000000     
   0.0000000000000000     
   0.0000000000000000     
   0.0000000000000000     
   0.0000000000000000     
   0.0000000000000000     
   0.0000000000000000     
   0.0000000000000000     
   0.0000000000000000     
   0.0000000000000000     
   0.0000000000000000     
   0.0000000000000000     
   0.0000000000000000     
   0.0000000000000000     
   0.0000000000000000     
   0.0000000000000000     
   0.0000000000000000     
   0.0000000000000000     
   0.0000000000000000     
   0.0000000000000000     
   0.0000000000000000     
   0.0000000000000000     
   0.0000000000000000     
   0.0000000000000000     
   0.0000000000000000     
   0.0000000000000000     
   0.0000000000000000     
   0.0000000000000000     
   0.0000000000000000     
   0.0000000000000000     
   0.0000000000000000     
   0.0000000000000000     
   0.0000000000000000     
   0.0000000000000000     
   0.0000000000000000     
   0.0000000000000000     
   0.0000000000000000     
   0.0000000000000000     
   0.0000000000000000     
   0.0000000000000000     
   0.0000000000000000     
   0.0000000000000000     
   0.0000000000000000     
   0.0000000000000000     
   0.0000000000000000     
   0.0000000000000000     
   0.0000000000000000     
   0.0000000000000000     
   0.0000000000000000     
   0.0000000000000000     
   0.0000000000000000     
   0.0000000000000000     
   0.0000000000000000     
   0.0000000000000000     
   0.0000000000000000     
   0.0000000000000000     
   0.0000000000000000     
   0.0000000000000000     
   0.0000000000000000     
   0.0000000000000000     
   0.0000000000000000     
   0.0000000000000000     
   0.0000000000000000     
   0.0000000000000000     
   0.0000000000000000     
   0.0000000000000000     
   0.0000000000000000     
   0.0000000000000000     
   0.0000000000000000     
   0.0000000000000000     
   3.0106407863280987E-005
   1.9984937745093801E-004
   1.0159133844877633E-003
   3.0553509795999772E-003
   8.8731869798929237E-003
   2.0956198042218353E-002
   4.4722286166192150E-002
   8.2371436351256114E-002
  0.14113209205924762     
  0.21547886720120552     
  0.31302969780454160     
  0.42988512672850077     
  0.55968479732047471     
  0.69825805126563056     
  0.83298610368082071     
  0.97898933971711766     
   1.1095319352134019     
   1.2256931131419593     
   1.3300390288261799     
   1.4144692974947923     
   1.4872150227368173     
   1.5461484700313863     
   1.5960269969880334     
   1.6313222289230247     
   1.6512103958655342     
   1.6615329824618565     
   1.6712902349195615     
   1.6550678523731142     
   1.6611775638571602     
   1.6452835661642942     
   1.6309622474629393     
   1.6116102046318659     
   1.5864242491700533     
   1.5563906915639667     
   1.5381564582859428     
   1.5050603005129035     
   1.4769959604753715     
   1.4559269415974716     
   1.4275808258315452     
   1.4108715762566395     
   1.3864043178161163     
   1.3654674188077929     
   1.3400218359888496     
   1.3115678291630748     
   1.2905524342045320     
   1.2731231703196120     
   1.2512183953103118     
   1.2262996616800383     
   1.2078136358165408     
   1.1853306728544450     
   1.1682300522865352     
   1.1593872765125015     
   1.1404692839203789     
   1.1242313827176573     
   1.1089434300322587     
   1.0929348608159717     
   1.0842554702930780     
   1.0719104913940627     
   1.0593096847391492     
   1.0479576589154505     
   1.0333414531572276     
   1.0218654773327867     
   1.0136650358956842     
   1.0060302247964348     
  0.99756540378883241     
  0.99419102018492356     
  0.98417289778994010     
  0.97809008928864083     
  0.97008398313897592     
  0.96540660684004875     
  0.95910985027276852     
  0.95423397709045743     
  0.94874772326097567     
  0.94234019060897689     
  0.93687849721830074     
  0.93460486590568537     
  0.92751940675493438     
  0.92429267520260849     
  0.92112341677879661     
  0.91892786886356492     
  0.91554002172583737     
  0.91274555329839946     
  0.91155500196202199     
  0.91050903197102429     
  0.91195766975473014     
  0.90964196203636338     
  0.91083158612178816     
  0.90889297818460990     
  0.90949437485557527     
  0.91030841097763338     
  0.91282605876698319     
  0.91318455339335303     
  0.90963376042029764     
  0.91403731661599730     
  0.91496119480978899     
  0.91637472523296915     
  0.91557566200347107     
  0.92040016754825527     
  0.92779021254879857     
  0.92938605480592473     
  0.93228911698133465     
  0.93544386474591568     
  0.94112067816268075     
  0.94255380119455523     
  0.94602065626732834     
  0.94651460535775056     
  0.95455372979659703     
  0.95740420240222546     
  0.96114744435544963     
  0.96452468965936600     
  0.96780107870622034     
  0.97112695355648959     
  0.97546334532414469     
  0.98224673268120344     
  0.98597612962902448     
  0.98805741428501570     
  0.99252225972315655     
  0.99768633441824017     
   1.0033598895116873     
   1.0086650341785384     
   1.0083359042780251     
   1.0153450926912111     
   1.0167500928856219     
   1.0193296651817321     
   1.0219952686008178     
   1.0231963820116821     
   1.0255011812450272     
   1.0284876625519077     
   1.0319086053514614     
   1.0323321664261313     
   1.0336677213212571     
   1.0340069591140342     
   1.0330951507736044     
   1.0338315165826293     
   1.0370309537839981     
   1.0360441457936613     
   1.0369976738977051     
   1.0391046711361496     
   1.0385819251631918     
   1.0356105134347531     
   1.0375859156293068     
   1.0360633839027729     
   1.0362587289170289     
   1.0340839185681536     
   1.0308741309135352     
   1.0280132654738929     
   1.0281746147282924     
   1.0260493240754631     
   1.0257502450860345     
   1.0244415013096304     
   1.0243886791118360     
   1.0235437598865591     
   1.0221498075064532     
   1.0216573904453365     
   1.0185165490262069     
   1.0164254335030445     
   1.0159920420202349     
   1.0154082587579822     
   1.0135789214931379     
   1.0124216890501181     
   1.0114831937649744     
   1.0103655767459072     
   1.0095525182424163     
   1.0086477547878268     
   1.0068833489502780     
   1.0099582555883402     
   1.0070538948186614     
   1.0049325061484295     
   1.0048629160020774     
   1.0012729622127166     
   1.0022650346633015     
  0.99789670587811874     
  0.99780590271527281     
  0.99653708827820908     
  0.99667168508587334     
  0.99766478502629585     
  0.99687154721783977     
  0.99566591000694094     
  0.99619531041846288     
  0.99585865841544485     
  0.99561002603396631     
  0.99498350585570083     
  0.99216409604263611     
  0.99313091310907586     
  0.99273620377496008     
  0.99287231115184904     
  0.99156222438174368     
  0.99311346807403666     
  0.99290530008154398     
  0.99301962163166058     
  0.99331690484121926     
  0.99262396699007904     
  0.99323803048317805     
  0.99364371453893197     
  0.99197573675134398     
  0.99480885434084798     
  0.99447101372141578     
  0.99372117468973398     
  0.99289110080721443     
  0.99252248979187430     
  0.99285724670311604     
  0.99412835386892995     
  0.99400114042929977     
  0.99241032404518226     
  0.99113650203981718     
  0.99363200304123300     
  0.99434629153459231     
  0.99501528058248689     
  0.99665044723203888     
  0.99803674518711039     
  0.99738621949989970     
  0.99710673176741149     
  0.99648813346783593     
  0.99523553599350800     
  0.99696764041980379     
  0.99907074578448640     
  0.99871827305749139     
  0.99828106267120809     
  0.99907879403245103     
  0.99785759566788845     
   1.0005320249887015     
  0.99758679550333107     
  0.99803548990688351     
  0.99909936099674612     
  0.99954441967343333     
   1.0013828756416661     
   1.0015845540192303     
   1.0011517749990202     
   1.0027131515221612     
   1.0013664864971930     
   1.0028747947264642     
   1.0017894706918995     
   1.0022178588471589     
   1.0020549977965729     
   1.0029996676158999     
   1.0029990658214416     
   1.0043603659494529     
   1.0024374928150381     
   1.0036345859005249     
   1.0046959096551427     
   1.0067248574160557     
   1.0052657811924444     
   1.0042978736309816     
   1.0037777516025146     
   1.0044818988173447     
   1.0031523474099189     
   1.0025817924537324     
   1.0023892262049299     
   1.0036911539787947     
   1.0011619581279627     
   1.0020297769792958     
   1.0027398660358231     
   1.0032092959469803     
   1.0032595518800489     
   1.0025357782890936     
   1.0028895207937221     
   1.0039805608326962     
   1.0023952587593921     
   1.0018016794740263     
   1.0011823900718415     
   1.0019814344920805     
   1.0011922706075447     
   1.0028971951307331     
   1.0006013041297850     
   1.0009540912008688     
   1.0010293397737404     
   1.0010622725564480     
   1.0016743004836839     
   1.0004593030879905     
   1.0022975232159832     
   1.0010720412169201     
   1.0012230995353000     
  0.99944160509454583     
   1.0007731369640265     
   1.0013036615867477     
   1.0014492900452860     
   1.0015560307087561     
   1.0014688278403980     
   1.0014422301095540     
   1.0017232970022907     
   1.0012818106645966     
   1.0015452459896570     
   1.0014656026291475     
   1.0006064280625293     
   1.0008001145412337     
   1.0000331594652823     
   1.0006390123857336     
  0.99940823537148071     
  0.99914733966098501     
   1.0014715694261926     
   1.0008575640395885     
   1.0003979318536347     
   1.0009914008983276     
   1.0012379615091545     
   1.0012486357088661     
   1.0009196013679555     
   1.0008237894069518     
  0.99899691529527135     
  0.99995397011127540     
   1.0001788105208564     
   1.0005251691064319     
   1.0005355378315992     
  0.99842160974235017     
  0.99900516214749824     
  0.99909936183671211     
  0.99805480703529914     
  0.99886147646265477     
  0.99908132106448100     
  0.99819494392516717     
  0.99735751652104132     
  0.99760341755080228     
  0.99744275524685977     
  0.99813752370428555     
  0.99865007997850830     
  0.99878190515709697     
  0.99912775253473285     
  0.99954736274737510     
  0.99944696528519206     
  0.99888976871681123     
  0.99885095436531213     
  0.99855911555690480     
  0.99948828105147247     
  0.99944351747559690     
  0.99923674712034372     
  0.99890929807030227     
   1.0002833344093820     
   1.0006292119528768     
   1.0009993766448373     
   1.0009464528702479     
   1.0006440691008349     
   1.0007591556916478     
   1.0010021223806340     
   1.0015180523715153     
   1.0000635024078071     
   1.0010546276168630     
   1.0003498207013048     
  0.99935179551995734     
  0.99960224120613517     
   1.0001989488936411     
   1.0012366388380081     
   1.0016336600384139     
   1.0017550499496732     
   1.0006915684227917     
   1.0020015121516590     
   1.0006821517177582     
   1.0008488886881561     
   1.0016825934039735     
   1.0018531986457091     
   1.0014534961829036     
   1.0014151934599096     
   1.0014725771221697     
   1.0022803143976504     
   1.0013370753447202     
   1.0008852380226818     
   1.0010247718433665     
   1.0007753080620978     
   1.0008339996877567     
   1.0003125499437475     
   1.0007181971861141     
   1.0010975049759552     
   1.0014539571324050     
   1.0010421386835693     
   1.0008790129523846     
  0.99993395334130186     
   1.0003012956259816     
   1.0019227660760417     
   1.0022250909669750     
   1.0007820133282372     
   1.0008266711923357     
   1.0008560891682010     
   1.0005109950292392     
   1.0002393149571689     
  0.99998513567470260     
   1.0007103746105623     
  0.99887233609297144     
  0.99979590229670323     
   1.0000457229747892     
  0.99988716021449087     
   1.0003368414360831     
  0.99965450176840676     
  0.99915569606190258     
   1.0004555615358437     
  0.99953904200134813     
   1.0003643549396930     
   1.0006598676228271     
   1.0009476380560816     
   1.0017653077561892     
   1.0011085819093031     
  0.99897733714725756     
   1.0001715298415867     
   1.0004437113544293     
   1.0011654922271342     
   1.0009012195246922     
   1.0018034096699906     
   1.0021876154449738     
   1.0024961898610576     
   1.0029532728936714     
   1.0017763233409325     
   1.0016608867663646     
   1.0012761492887952     
   1.0019517166143941     
   1.0007892210651954     
   1.0004504253728839     
   1.0010983620178160     
   1.0017808326648583     
   1.0013473686315701     
   1.0007977677341970     
   1.0009498250876563     
   1.0012040677630292     
   1.0011329193723721     
  0.99998204046855055     
   1.0001663521526283     
   1.0011902057414277     
   1.0010083470103661     
   1.0017328670937475     
   1.0011251225775957     
   1.0011910086475611     
   1.0010305368205050     
   1.0019925338352533     
   1.0019501231798571     
   1.0004351727562499     
   1.0001298267869989     
   1.0001436503930550     
   1.0003120033939132     
   1.0005269834340769     
  0.99961516243910720     
  0.99971174583315425     
   1.0000196297436443     
  0.99858101830325963     
  0.99936842461010389     
  0.99964700327847589     
   1.0002408239048184     
  0.99927134152019115     
  0.99989693957357006     
  0.99972795763756306     
  0.99921630064510669     
  0.99949399089171298     
  0.99894440733840739     
  0.99966022241681718     
  0.99999823177558411     
   1.0002697392536417     
  0.99967335512243294     
  0.99894493477480317     
  0.99769257303820058     
  0.99848140915049177     
  0.99881200971036721     
  0.99886900095049380     
  0.99952578277905169     
  0.99947051513570251     
  0.99929354268515891     
  0.99964517574341938     
   1.0003422287422228     
  0.99985537010385106     
   1.0004163078751662     
   1.0001543957900743     
  0.99951726796297580     
  0.99914592647810641     
  0.99964049335471128     
  0.99940841800610136     
   1.0002103933997055     
  0.99912020290675840     
  0.99966337893359103     
   1.0001730205890407     
   1.0001768191695939     
  0.99913815790592486     
  0.99958653938697872     
   1.0007833533665274     
   1.0003628743432491     
   1.0001195141432577     
   1.0007707480521562     
   1.0010530619543971     
   1.0009442195236335     
   1.0017129550274388     
   1.0014876801881318     
   1.0023850268796179     
   1.0025968879368015     
   1.0025896678713861     
   1.0020251943254752     
   1.0014115311656062     
   1.0005693133620621     
   1.0014211883750233     
   1.0003301630428678     
  0.99995872523488882     
   1.0004812457400167     
   1.0016266106537166     
   1.0011866415927830     
   1.0015599368072232     
   1.0014470507209170     
   1.0023606934796787     
   1.0032245481137436     
   1.0036422451240563     
   1.0028218427039304     
   1.0029310991577745     
   1.0021275251309134     
   1.0021013257770857     
   1.0014699962444580     
   1.0016758824808618     
   1.0014150388840481     
   1.0014853427001742     
   1.0011923105825791     
   1.0004847244327228     
   1.0008284908446552     
   1.0003393412045372     
   1.0011675036104484     
   1.0010702767539821     
   1.0019844058626615     
   1.0012122599857469     
   1.0013187604480600     
   1.0012718820870745     
   1.0009582679823914     
   1.0005412521782624     
   1.0007889605975226     
   1.0007661218098132     
   1.0003314589479471     
   1.0006143018049301     
   1.0003582650787635     
   1.0012844521099624     
   1.0005669028861226     
   1.0001364522873304     
  0.99955709564538331     
  0.99968608163555084     
  0.99877834910149499     
  0.99938440384991090     
   1.0002207803642895     
  0.99976585528051976     
   1.0003532267131774     
  0.99983514886981151     
  0.99966435186087788     
   1.0004548460146960     
  0.99925098752253705     
   1.0000909235429090     
   1.0001516770889649     
   1.0006465053995173     
   1.0012380980937847     
   1.0012548175743099     
   1.0007877889665093     
   1.0010856055350077     
   1.0009049319983838     
  0.99998279147208113     
  0.99915805550954739     
