 TEMP->  0.50000000000000000     
 DENSITY->  0.60000002384185791     
 N->         864
 CUTOFF->   3.2999999523162842     
 NUM_STEPS->       10000
   0.0000000000000000     
   0.0000000000000000     
   0.0000000000000000     
   0.0000000000000000     
   0.0000000000000000     
   0.0000000000000000     
   0.0000000000000000     
   0.0000000000000000     
   0.0000000000000000     
   0.0000000000000000     
   0.0000000000000000     
   0.0000000000000000     
   0.0000000000000000     
   0.0000000000000000     
   0.0000000000000000     
   0.0000000000000000     
   0.0000000000000000     
   0.0000000000000000     
   0.0000000000000000     
   0.0000000000000000     
   0.0000000000000000     
   0.0000000000000000     
   0.0000000000000000     
   0.0000000000000000     
   0.0000000000000000     
   0.0000000000000000     
   0.0000000000000000     
   0.0000000000000000     
   0.0000000000000000     
   0.0000000000000000     
   0.0000000000000000     
   0.0000000000000000     
   0.0000000000000000     
   0.0000000000000000     
   0.0000000000000000     
   0.0000000000000000     
   0.0000000000000000     
   0.0000000000000000     
   0.0000000000000000     
   0.0000000000000000     
   0.0000000000000000     
   0.0000000000000000     
   0.0000000000000000     
   0.0000000000000000     
   0.0000000000000000     
   0.0000000000000000     
   0.0000000000000000     
   0.0000000000000000     
   0.0000000000000000     
   0.0000000000000000     
   0.0000000000000000     
   0.0000000000000000     
   0.0000000000000000     
   0.0000000000000000     
   0.0000000000000000     
   0.0000000000000000     
   0.0000000000000000     
   0.0000000000000000     
   0.0000000000000000     
   0.0000000000000000     
   0.0000000000000000     
   0.0000000000000000     
   0.0000000000000000     
   0.0000000000000000     
   0.0000000000000000     
   0.0000000000000000     
   0.0000000000000000     
   0.0000000000000000     
   0.0000000000000000     
   0.0000000000000000     
   0.0000000000000000     
   0.0000000000000000     
   0.0000000000000000     
   0.0000000000000000     
   0.0000000000000000     
   0.0000000000000000     
   0.0000000000000000     
   0.0000000000000000     
   0.0000000000000000     
   0.0000000000000000     
   0.0000000000000000     
   0.0000000000000000     
   0.0000000000000000     
   0.0000000000000000     
   0.0000000000000000     
   0.0000000000000000     
   0.0000000000000000     
   0.0000000000000000     
   0.0000000000000000     
   4.2208963036776132E-005
   2.1391230405803073E-004
   1.0977086044908690E-003
   4.2317489318840903E-003
   1.4949549392007032E-002
   4.2751466122241691E-002
  0.10022874427741556     
  0.20616708363303679     
  0.37529804715178178     
  0.61870151481312086     
  0.93311028007125829     
   1.3085227277866145     
   1.7177140920455434     
   2.1151834226223931     
   2.5033719541742969     
   2.8471213129403621     
   3.1477627782566069     
   3.3557611243140903     
   3.5073750310086904     
   3.5978397968508813     
   3.6261466982003210     
   3.5973429938752033     
   3.5218741737013342     
   3.4231563122189610     
   3.2985566402627207     
   3.1694550397610599     
   3.0304724137871619     
   2.8837555543388542     
   2.7307332366435904     
   2.5912802057710338     
   2.4516462279725100     
   2.3113517602798472     
   2.1812984814804071     
   2.0518748953246777     
   1.9386290247346007     
   1.8377211645383684     
   1.7340135541006374     
   1.6422069785128355     
   1.5602257625523288     
   1.4775367339700480     
   1.4092291382568578     
   1.3392763949282092     
   1.2844747013109525     
   1.2307151391811033     
   1.1808168575191940     
   1.1335471617010593     
   1.0917109433580452     
   1.0560241179743020     
   1.0181949133092008     
  0.98370446808924283     
  0.94826736842501180     
  0.92295680982017525     
  0.89664032678461381     
  0.87834966261624992     
  0.85729021532891814     
  0.83856911300866721     
  0.81906469409308913     
  0.80285707049407395     
  0.79310974239726217     
  0.77913984574952844     
  0.77287574872308840     
  0.76200944125745984     
  0.75203533773084241     
  0.74894007430189746     
  0.74193746162770691     
  0.73680402590592464     
  0.73441535070638897     
  0.73308529661730515     
  0.73297992714752147     
  0.73794648311437916     
  0.73821864797455683     
  0.74039670700139815     
  0.74610934174470178     
  0.75244167398957051     
  0.75702530634930609     
  0.76750999354132976     
  0.77658141683395099     
  0.78472603466484625     
  0.79577981918442386     
  0.80830295032705224     
  0.82250872068512748     
  0.83695146508616958     
  0.85658392376717873     
  0.87152274976903521     
  0.89037121784782769     
  0.91039513109127179     
  0.93068952505830094     
  0.94952359481206738     
  0.97280689019587752     
  0.99522185254084561     
   1.0176650077088714     
   1.0438577899740666     
   1.0660429505087297     
   1.0881133286046900     
   1.1138852213153392     
   1.1366178478747664     
   1.1601394089607686     
   1.1797008766889028     
   1.2070553019940633     
   1.2293414589786911     
   1.2500067439668592     
   1.2672223505028355     
   1.2867124789605653     
   1.3007941455628182     
   1.3198772894537598     
   1.3387057771373356     
   1.3495423665098734     
   1.3669681350851228     
   1.3775331728079467     
   1.3878102234179386     
   1.4021264430206712     
   1.4122328860556848     
   1.4287599314937558     
   1.4386148556587801     
   1.4481644969596277     
   1.4510206406463910     
   1.4581874551011409     
   1.4616402871925769     
   1.4663967282194184     
   1.4687203346820801     
   1.4690336218103024     
   1.4677763468058258     
   1.4674542079456669     
   1.4658866922123628     
   1.4615079369998050     
   1.4552904390838859     
   1.4468907120632495     
   1.4334189876755852     
   1.4272635241579401     
   1.4105460067954874     
   1.3972910333023036     
   1.3815792245125109     
   1.3665590282893878     
   1.3470797976918687     
   1.3270722381945583     
   1.3100179438887305     
   1.2932936914079001     
   1.2740690482680863     
   1.2551471423689997     
   1.2345695707413256     
   1.2189579262275776     
   1.2009563983199718     
   1.1833614119429696     
   1.1662088476938892     
   1.1477523930140670     
   1.1316441706592941     
   1.1186600122621049     
   1.1040366664420254     
   1.0896428571083967     
   1.0776066156237150     
   1.0650931738340632     
   1.0532284286485041     
   1.0435686187781994     
   1.0336985283173039     
   1.0265133164886697     
   1.0181876380450612     
   1.0088372313970528     
  0.99894813686335904     
  0.99505785940543612     
  0.99064920975590054     
  0.98380291614894333     
  0.98418317524944676     
  0.97865808735373694     
  0.97485753795420138     
  0.96934153576435333     
  0.97065758971866944     
  0.97353696204423823     
  0.97374029271023887     
  0.97647087056524895     
  0.97654965723579445     
  0.97764210813407604     
  0.97930684826907344     
  0.98298880356395946     
  0.98510851763168816     
  0.99189348426962320     
  0.99671843782573144     
   1.0021181233703602     
   1.0089231321277032     
   1.0155873964870807     
   1.0231363105950515     
   1.0324857724425700     
   1.0399835212749033     
   1.0484121400526811     
   1.0576744015411259     
   1.0628554193713464     
   1.0726338561006594     
   1.0803627340298001     
   1.0908470240070800     
   1.1008857725691794     
   1.1118874289193961     
   1.1181192037997338     
   1.1267638826412480     
   1.1347302005160431     
   1.1415404481535727     
   1.1483818068191334     
   1.1554209645657825     
   1.1625212864287098     
   1.1702703838061206     
   1.1741446487840945     
   1.1803364412532329     
   1.1841373415202650     
   1.1895767847150960     
   1.1940373794859480     
   1.1966844737003404     
   1.2023403558248671     
   1.2038504331924249     
   1.2071464873642415     
   1.2074003064518635     
   1.2107903184402160     
   1.2096965226044161     
   1.2086968818144670     
   1.2098564034515860     
   1.2112694993327535     
   1.2104323275679996     
   1.2094460624190819     
   1.2085795540009927     
   1.2067298856822726     
   1.2029530867031271     
   1.1976079782977296     
   1.1955244255950883     
   1.1906902812476015     
   1.1874464454199403     
   1.1838810294589885     
   1.1784172327457472     
   1.1768090543479537     
   1.1718916678357494     
   1.1664190838213808     
   1.1627040118912653     
   1.1574986540501491     
   1.1526144013224653     
   1.1490006404474746     
   1.1414961672181576     
   1.1377411426317234     
   1.1314112049937723     
   1.1247120945356028     
   1.1204140782778829     
   1.1158455674351591     
   1.1100718072720104     
   1.1014008201128722     
   1.0988471181084920     
   1.0923822300410819     
   1.0884533048181910     
   1.0821251659445359     
   1.0776802141680395     
   1.0709794401909889     
   1.0675449392928609     
   1.0630864400146665     
   1.0574426566224573     
   1.0541028815723570     
   1.0509270340325307     
   1.0471937121778392     
   1.0425271562416565     
   1.0402782064942633     
   1.0389458755522856     
   1.0357694216325073     
   1.0322712005912311     
   1.0305709525306970     
   1.0277407899216462     
   1.0277575427148684     
   1.0265861924950244     
   1.0260258836334271     
   1.0249508501733593     
   1.0245672489568396     
   1.0253237274629428     
   1.0242764170538108     
   1.0245372645281419     
   1.0263036461686730     
   1.0245338758309162     
   1.0250474708283315     
   1.0274287257700458     
   1.0292335013473732     
   1.0300245036233855     
   1.0321213177687001     
   1.0337618267516300     
   1.0347264185942229     
   1.0389243193049238     
   1.0419187215696553     
   1.0444760097790753     
   1.0465146472370697     
   1.0484784542717505     
   1.0516963586906514     
   1.0527487512667040     
   1.0528507845915789     
   1.0582332237734675     
   1.0613319745216028     
   1.0635263367643848     
   1.0658244304501023     
   1.0686315098999430     
   1.0707052376874149     
   1.0735924179751883     
   1.0762211318474735     
   1.0800226187818243     
   1.0798819640818387     
   1.0818477728504601     
   1.0837464438208277     
   1.0860072282532958     
   1.0885036332496383     
   1.0909919998568924     
   1.0913217902144163     
   1.0917432942883176     
   1.0924572845818963     
   1.0937765201829095     
   1.0933961620434784     
   1.0933047502248603     
   1.0956417391791911     
   1.0956439060470431     
   1.0951791069304362     
   1.0949959732120225     
   1.0953036743781777     
   1.0947697679398813     
   1.0928874622352802     
   1.0923825114845838     
   1.0913511606950266     
   1.0893859560906669     
   1.0880278989665264     
   1.0864309881019736     
   1.0850345340713099     
   1.0818458876601342     
   1.0807964775963854     
   1.0798972450199347     
   1.0767190226917787     
   1.0741110485167233     
   1.0717982998811639     
   1.0697406327135279     
   1.0674440302767878     
   1.0665695222880811     
   1.0634402833845420     
   1.0619064236516329     
   1.0605871742280777     
   1.0571017196127783     
   1.0563001021588265     
   1.0515122081408139     
   1.0493830094307670     
   1.0455466477259039     
   1.0438082602700902     
   1.0423700570702428     
   1.0400040015271239     
   1.0388438030479807     
   1.0362334844629566     
   1.0341209803272902     
   1.0317656270489812     
   1.0303787489516791     
   1.0264442872751911     
   1.0246131236351723     
   1.0244413514774069     
   1.0223585319607320     
   1.0222812725864503     
   1.0214112616956521     
   1.0193208067229547     
   1.0187301969707834     
   1.0172235667748115     
   1.0140910748405927     
   1.0147406469682037     
   1.0152922116166045     
   1.0134824335438297     
   1.0130143350771670     
   1.0109907640859661     
   1.0108573120751851     
   1.0105361421116923     
   1.0110688301461259     
   1.0116827708133689     
   1.0119441755471912     
   1.0125879315081752     
   1.0126402818067481     
   1.0118156481252736     
   1.0108140711180096     
   1.0110157814148295     
   1.0099779839995728     
   1.0112795079180654     
   1.0119049104283300     
   1.0127067266717473     
   1.0128015312505225     
   1.0157493801421893     
   1.0174865987327602     
   1.0162533628089239     
   1.0173469294316417     
   1.0172629851935355     
   1.0168286118152319     
   1.0183243485611149     
   1.0191623009838520     
   1.0213237599004241     
   1.0214783802140825     
   1.0216399226807522     
   1.0223678057098595     
   1.0230513688118041     
   1.0232325929790971     
   1.0232701564672702     
   1.0252121607714777     
   1.0247536450304469     
   1.0263121170448672     
   1.0256559957098073     
   1.0262550378020165     
   1.0277559643594445     
   1.0279192012375884     
   1.0274473640216966     
   1.0280139858349067     
   1.0273085995940485     
   1.0279672800096555     
   1.0287257289819256     
   1.0283485070566976     
   1.0280802019387676     
   1.0281784527381528     
   1.0282679021212375     
   1.0284752481807724     
   1.0284821507672870     
   1.0284969263618622     
   1.0268622100975255     
   1.0263679510795962     
   1.0255786454125080     
   1.0248224101249068     
   1.0235479469235931     
   1.0226159735485059     
   1.0217639471302340     
   1.0235314946416423     
   1.0217074178918197     
   1.0213718769884870     
   1.0185911068547993     
   1.0166989383990628     
   1.0163231713507361     
   1.0150620153589371     
   1.0149534610228452     
   1.0128061886546014     
   1.0110742991999253     
   1.0096269499248565     
   1.0100211136344652     
   1.0096224389051580     
   1.0088697144705310     
   1.0073884543812730     
   1.0053115273826947     
   1.0041354595973384     
   1.0019544254237536     
   1.0006858106051288     
   1.0003726334286951     
  0.99888384845910860     
  0.99767503279973846     
  0.99671117642408258     
  0.99655616247150924     
  0.99638548713448727     
  0.99475371473896068     
  0.99529623217101815     
  0.99311971855306014     
  0.99264199366655625     
  0.99166271720368049     
  0.99223549722949689     
  0.99090565690478871     
  0.98976343357415286     
  0.98871907651321256     
  0.98910688819672177     
  0.98856831503749087     
  0.98846478349210598     
  0.98827137739648729     
  0.98731100211762235     
  0.98679752437668600     
  0.98669490313599406     
  0.98663952681118372     
  0.98685066240859276     
  0.98618462057998213     
  0.98584410977120895     
  0.98697627373674002     
  0.98707851744574815     
  0.98705224342908959     
  0.98691680128746517     
  0.98651037296959887     
  0.98565687153812231     
  0.98660328046287826     
  0.98713988948715237     
  0.98655333432958847     
  0.98658095498908560     
  0.98650521243659239     
  0.98541926978970651     
  0.98540581453603782     
  0.98544371051273383     
  0.98636194924287679     
  0.98645347108740777     
  0.98677954751721630     
  0.98716464353215250     
