 TEMP->  0.75000000000000000     
 DENSITY->   1.0000000000000000     
 N->         864
 CUTOFF->   3.2999999523162842     
 NUM_STEPS->       10000
   0.0000000000000000     
   0.0000000000000000     
   0.0000000000000000     
   0.0000000000000000     
   0.0000000000000000     
   0.0000000000000000     
   0.0000000000000000     
   0.0000000000000000     
   0.0000000000000000     
   0.0000000000000000     
   0.0000000000000000     
   0.0000000000000000     
   0.0000000000000000     
   0.0000000000000000     
   0.0000000000000000     
   0.0000000000000000     
   0.0000000000000000     
   0.0000000000000000     
   0.0000000000000000     
   0.0000000000000000     
   0.0000000000000000     
   0.0000000000000000     
   0.0000000000000000     
   0.0000000000000000     
   0.0000000000000000     
   0.0000000000000000     
   0.0000000000000000     
   0.0000000000000000     
   0.0000000000000000     
   0.0000000000000000     
   0.0000000000000000     
   0.0000000000000000     
   0.0000000000000000     
   0.0000000000000000     
   0.0000000000000000     
   0.0000000000000000     
   0.0000000000000000     
   0.0000000000000000     
   0.0000000000000000     
   0.0000000000000000     
   0.0000000000000000     
   0.0000000000000000     
   0.0000000000000000     
   0.0000000000000000     
   0.0000000000000000     
   0.0000000000000000     
   0.0000000000000000     
   0.0000000000000000     
   0.0000000000000000     
   0.0000000000000000     
   0.0000000000000000     
   0.0000000000000000     
   0.0000000000000000     
   0.0000000000000000     
   0.0000000000000000     
   0.0000000000000000     
   0.0000000000000000     
   0.0000000000000000     
   0.0000000000000000     
   0.0000000000000000     
   0.0000000000000000     
   0.0000000000000000     
   0.0000000000000000     
   0.0000000000000000     
   0.0000000000000000     
   0.0000000000000000     
   0.0000000000000000     
   0.0000000000000000     
   0.0000000000000000     
   0.0000000000000000     
   0.0000000000000000     
   0.0000000000000000     
   0.0000000000000000     
   0.0000000000000000     
   0.0000000000000000     
   0.0000000000000000     
   0.0000000000000000     
   0.0000000000000000     
   0.0000000000000000     
   0.0000000000000000     
   0.0000000000000000     
   0.0000000000000000     
   0.0000000000000000     
   0.0000000000000000     
   0.0000000000000000     
   0.0000000000000000     
   0.0000000000000000     
   0.0000000000000000     
   7.0638919767129781E-006
   4.8348450490592873E-005
   3.3775628298654022E-004
   1.7401802648966155E-003
   6.6062704541350976E-003
   2.0443474447055299E-002
   5.1690004326242961E-002
  0.11700678458625169     
  0.23297125626608953     
  0.41419620981673533     
  0.67184606186399098     
   1.0104314966043153     
   1.4110087736937360     
   1.8536967071213604     
   2.3139349665072868     
   2.7667086653962829     
   3.1700712492718712     
   3.5153745801185003     
   3.7886955912912481     
   3.9732004258534457     
   4.0745770149913607     
   4.0925145136873722     
   4.0315457332142870     
   3.9126248236640451     
   3.7436852704591441     
   3.5367746839037344     
   3.3046507232263735     
   3.0459304845902775     
   2.7832262119753390     
   2.5103410083524036     
   2.2464682445993009     
   1.9956938455999813     
   1.7604315877126415     
   1.5372196505808695     
   1.3312064368868934     
   1.1431239280809973     
  0.98230205281260208     
  0.83195184924893784     
  0.70504554221071869     
  0.59276979594549750     
  0.49784197345099734     
  0.41587370954524189     
  0.34886811385587330     
  0.29097863071173974     
  0.24756920577179189     
  0.21294677718887781     
  0.18903202950840056     
  0.17003625332455868     
  0.16054330730902672     
  0.15867996108156088     
  0.16187783890471646     
  0.17179322072515801     
  0.18548605615837888     
  0.20759534530511892     
  0.23258083385726502     
  0.26298059714463473     
  0.29752739085909097     
  0.33468408245277481     
  0.37811961182152670     
  0.42064120454066245     
  0.46976030491566240     
  0.51311579415307207     
  0.55928153965116922     
  0.60426804841773307     
  0.64587896317072013     
  0.68482527834043405     
  0.71784893118136306     
  0.74548151599388834     
  0.76293777912813276     
  0.77411545234125101     
  0.77457919770375971     
  0.76804319031686719     
  0.75706697140836687     
  0.74024679306933905     
  0.71369857449012475     
  0.67752121670842846     
  0.64086983643681916     
  0.60295950301821755     
  0.56393185788003763     
  0.52445937013425359     
  0.49069194326332011     
  0.45760357379492117     
  0.43132724155081048     
  0.41226912113165803     
  0.40137598966953458     
  0.40264085972692909     
  0.41914421538041252     
  0.44751261524920521     
  0.48974122918994134     
  0.55058752635307939     
  0.62562022166596754     
  0.71671443668558765     
  0.82169597107742842     
  0.94219257419284863     
   1.0691943394893049     
   1.2068990567559015     
   1.3479359000153577     
   1.4906378840370158     
   1.6309729128053621     
   1.7664353985814403     
   1.8838900985230378     
   1.9870214052006450     
   2.0669397858466731     
   2.1316315696203296     
   2.1679123593027549     
   2.1809784806044905     
   2.1684579914297459     
   2.1375645804847729     
   2.0719476574466724     
   1.9905089898666719     
   1.8897291324054972     
   1.7812815127272048     
   1.6606440563234952     
   1.5388874814080600     
   1.4158201081321522     
   1.2976659298105695     
   1.1840408275264778     
   1.0802853987634229     
  0.98535541048822139     
  0.90642547188131339     
  0.84095961920019702     
  0.79113406364468031     
  0.75535671284855954     
  0.73239850335770962     
  0.72260309524822541     
  0.72028695485009242     
  0.72885847876377896     
  0.74246984097940127     
  0.76156329944960655     
  0.78334037423948399     
  0.80358804333135603     
  0.82486050116114151     
  0.83974419418347024     
  0.85196699723533720     
  0.86135320903443813     
  0.86261000318089587     
  0.85977828965532588     
  0.85121801344760417     
  0.83967132283888957     
  0.82463200105426537     
  0.80756123247961598     
  0.79065414115583577     
  0.77551309437448701     
  0.76377326318977545     
  0.75415705717762049     
  0.74996640104295842     
  0.75219938129658404     
  0.75987046632151534     
  0.77512077750449471     
  0.79728304064276678     
  0.82768129438782545     
  0.86451293955809694     
  0.90436722303075090     
  0.94765901776637662     
  0.99515458746309926     
   1.0431011430351571     
   1.0884244290268172     
   1.1303403474904827     
   1.1671404190859651     
   1.1977755774443719     
   1.2234775709177361     
   1.2375663051668404     
   1.2420276987294536     
   1.2339489131796093     
   1.2193753630595912     
   1.1957604418705607     
   1.1625918898329031     
   1.1213351431896168     
   1.0734821213362737     
   1.0219362588296850     
  0.96763661177327920     
  0.91309582970469283     
  0.85867782350443467     
  0.80814351583747612     
  0.76024588134199089     
  0.71305626520444576     
  0.67358367044657830     
  0.63693805825877070     
  0.60787733648064124     
  0.58519406141854746     
  0.56498848089723719     
  0.55303810541803755     
  0.54463462240629490     
  0.54150663484389383     
  0.54203035704697844     
  0.54703212542988633     
  0.55972445430879236     
  0.57634879768772740     
  0.60057483489719243     
  0.62807059741365356     
  0.66261911419250163     
  0.70533202083040791     
  0.75746449249474856     
  0.81686120490450442     
  0.88471468978451340     
  0.95878911806802791     
   1.0400423902097962     
   1.1257617737360379     
   1.2155518360587343     
   1.3071450380473777     
   1.3977043168642107     
   1.4853794023703990     
   1.5653502559291288     
   1.6381672538242724     
   1.7007222259366594     
   1.7508170289295579     
   1.7880911315466248     
   1.8092232382415978     
   1.8120831317963404     
   1.8008717020382565     
   1.7707904755126915     
   1.7282146408596735     
   1.6720983950667734     
   1.6041576471679200     
   1.5279404986833123     
   1.4427602162613862     
   1.3517610684637529     
   1.2597153156818179     
   1.1668182499363191     
   1.0756272039741057     
  0.98829992105589981     
  0.90899403336804119     
  0.83371936483052644     
  0.76662018166803747     
  0.70790980886189436     
  0.65752774573978467     
  0.61754329709683442     
  0.58706989975762991     
  0.56594613031744656     
  0.55434627210564602     
  0.55117054129574072     
  0.55708530726385008     
  0.56937285507186242     
  0.58987905104010729     
  0.61741339230025805     
  0.65098899357726581     
  0.68966137605698852     
  0.73212509245637158     
  0.77676507869540456     
  0.82478677440538217     
  0.87224748073069192     
  0.91896126976854164     
  0.96449233231656228     
   1.0080143536725641     
   1.0465349339150474     
   1.0807127958271021     
   1.1096787249519697     
   1.1329241452230070     
   1.1492293147960944     
   1.1591975539175998     
   1.1643484823693624     
   1.1633036794266209     
   1.1582647145786535     
   1.1466746181915344     
   1.1321127455280819     
   1.1157231104968954     
   1.0963283480765544     
   1.0761520427698943     
   1.0552572163951435     
   1.0354166095232002     
   1.0168498584630368     
  0.99793512476551771     
  0.97992569488982273     
  0.96183384674732597     
  0.94563241712636859     
  0.93148651652321024     
  0.91886763111932457     
  0.90719836967796230     
  0.89549767658002288     
  0.88623655785499289     
  0.87672533040771905     
  0.86852711746253741     
  0.86283169746181221     
  0.85678287537604725     
  0.85185994175232060     
  0.84822228875357830     
  0.84456309419737496     
  0.84147911003004339     
  0.84005425528102173     
  0.83925660117193979     
  0.83915260959356985     
  0.83732629650209522     
  0.83754363408191945     
  0.83594027493215006     
  0.83620795751941746     
  0.83351738216228044     
  0.83353434191685449     
  0.83335487809540310     
  0.83614095919563824     
  0.83865266141825889     
  0.84329050860567334     
  0.84939388372706426     
  0.85779104832668063     
  0.86888224810531989     
  0.88335716509337736     
  0.90080999228986780     
  0.92171877717502770     
  0.94742940390176134     
  0.97558068413004251     
   1.0086716596346004     
   1.0459377152774378     
   1.0853780586660260     
   1.1294847631489857     
   1.1740243596097486     
   1.2218882537511098     
   1.2695433335350272     
   1.3170639210181625     
   1.3631985922321317     
   1.4090732684183460     
   1.4501893830932229     
   1.4850971702386924     
   1.5146138726282508     
   1.5369916625813649     
   1.5499430201546820     
   1.5540218213370678     
   1.5468978472091552     
   1.5305474167151036     
   1.5047028140362781     
   1.4680047204496176     
   1.4239195756267156     
   1.3700907910321996     
   1.3095321612635953     
   1.2452211816694574     
   1.1780689376073687     
   1.1090209380521265     
   1.0416340190265552     
  0.97661594932985951     
  0.91495870245130662     
  0.86000058954285408     
  0.81083437444997242     
  0.77024930804083191     
  0.73813412020784819     
  0.71423284662032405     
  0.70084136154658927     
  0.69395936004481240     
  0.69394575798530733     
  0.70113867021352583     
  0.71571478096522656     
  0.73380377774876238     
  0.75544948021579428     
  0.77875234818427685     
  0.80270961817145858     
  0.82481971660200404     
  0.84552521394855995     
  0.86386910950894669     
  0.87843685712557817     
  0.88964588814126189     
  0.89568249308008874     
  0.89772725354088567     
  0.89377238049081853     
  0.88722687943160083     
  0.87687203479460285     
  0.86541137029581494     
  0.85072330080115632     
  0.83587203293852119     
  0.82095810659252733     
  0.80698957821409945     
  0.79405992443607232     
  0.78488045586832100     
  0.77904705524529450     
  0.77607685913637392     
  0.77785410785476661     
  0.78349399444868073     
  0.79232630278593963     
  0.80402594946251049     
  0.81970374428326753     
  0.83834010336518361     
  0.85807632956015023     
  0.87938417867148810     
  0.90228831342051885     
  0.92480025628324014     
  0.94451156488662413     
  0.96447856009765920     
  0.98331054637455573     
   1.0011621173861878     
   1.0165268448911480     
   1.0296708634740064     
   1.0402531423347823     
   1.0491193454038055     
   1.0579070846124565     
   1.0652752989224967     
   1.0727795296602773     
   1.0795059479786542     
   1.0870309390822983     
   1.0958523775513835     
   1.1063516897155259     
   1.1193853576552673     
   1.1327940016808953     
   1.1019901748713017     
