 TEMP->  0.75000000000000000     
 DENSITY->  0.75000000000000000     
 N->         864
 CUTOFF->   3.2999999523162842     
 NUM_STEPS->       10000
   0.0000000000000000     
   0.0000000000000000     
   0.0000000000000000     
   0.0000000000000000     
   0.0000000000000000     
   0.0000000000000000     
   0.0000000000000000     
   0.0000000000000000     
   0.0000000000000000     
   0.0000000000000000     
   0.0000000000000000     
   0.0000000000000000     
   0.0000000000000000     
   0.0000000000000000     
   0.0000000000000000     
   0.0000000000000000     
   0.0000000000000000     
   0.0000000000000000     
   0.0000000000000000     
   0.0000000000000000     
   0.0000000000000000     
   0.0000000000000000     
   0.0000000000000000     
   0.0000000000000000     
   0.0000000000000000     
   0.0000000000000000     
   0.0000000000000000     
   0.0000000000000000     
   0.0000000000000000     
   0.0000000000000000     
   0.0000000000000000     
   0.0000000000000000     
   0.0000000000000000     
   0.0000000000000000     
   0.0000000000000000     
   0.0000000000000000     
   0.0000000000000000     
   0.0000000000000000     
   0.0000000000000000     
   0.0000000000000000     
   0.0000000000000000     
   0.0000000000000000     
   0.0000000000000000     
   0.0000000000000000     
   0.0000000000000000     
   0.0000000000000000     
   0.0000000000000000     
   0.0000000000000000     
   0.0000000000000000     
   0.0000000000000000     
   0.0000000000000000     
   0.0000000000000000     
   0.0000000000000000     
   0.0000000000000000     
   0.0000000000000000     
   0.0000000000000000     
   0.0000000000000000     
   0.0000000000000000     
   0.0000000000000000     
   0.0000000000000000     
   0.0000000000000000     
   0.0000000000000000     
   0.0000000000000000     
   0.0000000000000000     
   0.0000000000000000     
   0.0000000000000000     
   0.0000000000000000     
   0.0000000000000000     
   0.0000000000000000     
   0.0000000000000000     
   0.0000000000000000     
   0.0000000000000000     
   0.0000000000000000     
   0.0000000000000000     
   0.0000000000000000     
   0.0000000000000000     
   0.0000000000000000     
   0.0000000000000000     
   0.0000000000000000     
   0.0000000000000000     
   0.0000000000000000     
   0.0000000000000000     
   0.0000000000000000     
   0.0000000000000000     
   0.0000000000000000     
   0.0000000000000000     
   0.0000000000000000     
   0.0000000000000000     
   3.1395075452057671E-006
   7.0604086430707037E-005
   7.1454218089596951E-004
   2.1469565799821532E-003
   8.7451358311835137E-003
   2.5097805178835950E-002
   6.0194176831854969E-002
  0.12812833365345033     
  0.23814012158898260     
  0.39726912650188267     
  0.61157163118359925     
  0.86863243242181498     
   1.1453121896467806     
   1.4374764186449571     
   1.7264766029456582     
   1.9930406950949211     
   2.2136400471159017     
   2.4067607268468842     
   2.5489128061926776     
   2.6381570199827178     
   2.6997811213540635     
   2.7117408905511793     
   2.6834509879770225     
   2.6436424620344092     
   2.5833775300694013     
   2.5042381046726896     
   2.4192796448691181     
   2.3241734595710906     
   2.2313462119568230     
   2.1308902660969542     
   2.0253592584768225     
   1.9296389497455571     
   1.8361570236750002     
   1.7488799475016685     
   1.6637736223066779     
   1.5798822588300172     
   1.5112311207178410     
   1.4346778503531841     
   1.3706775007222345     
   1.3114668566471677     
   1.2555940152151353     
   1.2028381353617810     
   1.1551668611181167     
   1.1078013722771267     
   1.0706674674051693     
   1.0269872872841241     
  0.98750187045897186     
  0.95479933545920870     
  0.92230158217980318     
  0.89360753621855915     
  0.86527514491819113     
  0.84277407277091487     
  0.82304713688537623     
  0.80307325772577476     
  0.78266034562089226     
  0.76501362177659915     
  0.74949808543631757     
  0.73984670869055713     
  0.72547417908623335     
  0.71043878566370755     
  0.70099089180585838     
  0.69641045219430853     
  0.68943596483357261     
  0.68454057770991261     
  0.67651230356042169     
  0.67374283850776207     
  0.66743112903544477     
  0.66606404078588333     
  0.66331289004215133     
  0.66100194534314816     
  0.66145260297338881     
  0.66441589904464449     
  0.66072033457484869     
  0.66542550169863590     
  0.66791280584932755     
  0.67348794578658033     
  0.67513566861413077     
  0.68049735021194191     
  0.68684918350997870     
  0.69619587081418377     
  0.70264446003080316     
  0.71110014786664777     
  0.72248083751137282     
  0.73510936887745604     
  0.74448029885249378     
  0.75551721289034568     
  0.77023649067734856     
  0.78621518917449185     
  0.79842395140546973     
  0.81300962954835498     
  0.82901972806505753     
  0.84452284567226299     
  0.86174647333059684     
  0.87932031930169474     
  0.89404189625113761     
  0.91087408808778270     
  0.92655661662657385     
  0.94583996248644830     
  0.96146354315673010     
  0.97785706297324126     
  0.99352702832577156     
   1.0088016848609029     
   1.0241617752243743     
   1.0411724839456722     
   1.0525935489579201     
   1.0696603441519801     
   1.0877110909211247     
   1.1005399430556839     
   1.1163290953841740     
   1.1261436653439711     
   1.1358777845126835     
   1.1478566273204083     
   1.1602654082163382     
   1.1712158080395076     
   1.1804942643887497     
   1.1891298692870360     
   1.1981449618562074     
   1.2029593539847423     
   1.2097402274506306     
   1.2149887399578834     
   1.2199821612458914     
   1.2219902524888513     
   1.2220750273782655     
   1.2231886787678101     
   1.2239571980264394     
   1.2216006119921703     
   1.2169398090806205     
   1.2112998028235140     
   1.2069598683007681     
   1.1991002543434959     
   1.1916828332497449     
   1.1816292435406048     
   1.1725107085528919     
   1.1622818951971290     
   1.1514317323690704     
   1.1395257065592890     
   1.1282608485815031     
   1.1166137914585634     
   1.1036421384988346     
   1.0928137467369061     
   1.0810226606614859     
   1.0673349052134280     
   1.0548126046612545     
   1.0431458914207679     
   1.0306929110580587     
   1.0197521953204709     
   1.0094708733483424     
  0.99751586989626939     
  0.98695706156280327     
  0.97736120633771817     
  0.96628357660137920     
  0.96014146341852258     
  0.95094617945531335     
  0.94372842689992231     
  0.93715201835970185     
  0.93003158673603892     
  0.92416587575167253     
  0.91610933407269124     
  0.91016977974338398     
  0.90492834811279688     
  0.90091312603519802     
  0.89683076603973744     
  0.89356220231054984     
  0.89112732121974247     
  0.88921624348537787     
  0.88888439315548495     
  0.88667308958362268     
  0.88473616687133771     
  0.88413408410264249     
  0.88424669957260638     
  0.88345494759442278     
  0.88701450310236785     
  0.89000574076956973     
  0.89011555065374726     
  0.89195143413109024     
  0.89655324693287775     
  0.89851365010653506     
  0.90208412148660855     
  0.90505958473707127     
  0.91006539347260218     
  0.91468071486541380     
  0.91902959900819825     
  0.92420874495690197     
  0.92930714042627283     
  0.93595172070641741     
  0.94169701726450694     
  0.94697004016250064     
  0.95170900463154962     
  0.95798478930853970     
  0.96501314191379095     
  0.97178097364102156     
  0.97717874948757899     
  0.98278844770727902     
  0.98778842316061921     
  0.99502367132362046     
  0.99998378982499414     
   1.0041178591634088     
   1.0095180495970801     
   1.0156483199993811     
   1.0196279422098078     
   1.0246746468421173     
   1.0301455435993438     
   1.0331736983521997     
   1.0394026648283703     
   1.0443081507999825     
   1.0473746603192455     
   1.0489406342671574     
   1.0496253859230478     
   1.0531524091248503     
   1.0563899993317998     
   1.0598156330575177     
   1.0615127373267101     
   1.0620331961460341     
   1.0649698432092802     
   1.0652124143255823     
   1.0670789581946611     
   1.0665876237748411     
   1.0676422024897601     
   1.0675845399462978     
   1.0661941291140327     
   1.0656658465954303     
   1.0627961560870802     
   1.0631556594994485     
   1.0624483801228171     
   1.0604996037856218     
   1.0581091912815859     
   1.0562751137908528     
   1.0540111843972215     
   1.0516037678664227     
   1.0504492635670388     
   1.0471440067913862     
   1.0423611918351781     
   1.0402120125907148     
   1.0364668983861864     
   1.0335089676241989     
   1.0299434498850453     
   1.0275412819493059     
   1.0230856833246069     
   1.0197039937603254     
   1.0186281108169344     
   1.0155863163395724     
   1.0097381475424034     
   1.0063289542387031     
   1.0035828575705874     
   1.0013181695644862     
  0.99815080857916394     
  0.99393443820800709     
  0.99228548506251335     
  0.98847868441749676     
  0.98528690512019657     
  0.98279388541993007     
  0.98219132759771344     
  0.98021198437521218     
  0.97626289275561406     
  0.97470699576166564     
  0.97255391374742739     
  0.97138337123518237     
  0.96980982228835144     
  0.96799881324962544     
  0.96646480932954471     
  0.96473848853591115     
  0.96457316401420057     
  0.96429533991860750     
  0.96231915779052535     
  0.96189261922804181     
  0.96124199800448418     
  0.96250797129089372     
  0.96153889839863849     
  0.96124851011534507     
  0.96192850101431771     
  0.96400768657915104     
  0.96386411461137789     
  0.96365696894118591     
  0.96541926919250487     
  0.96558236900266770     
  0.96746665075563298     
  0.96966683909428231     
  0.97088239894959050     
  0.97277909148661879     
  0.97516987970689950     
  0.97573840515235177     
  0.97890536646083426     
  0.98177998945709499     
  0.98295682765818138     
  0.98464065997006534     
  0.98730080493308614     
  0.98967307854226683     
  0.99239727372644593     
  0.99388202282142635     
  0.99545567417222602     
  0.99759391495637051     
   1.0001154926699776     
   1.0027535782470718     
   1.0044565495080746     
   1.0051305436505278     
   1.0077662616272607     
   1.0093213056121282     
   1.0090722539081702     
   1.0101801497227973     
   1.0114683734355887     
   1.0129176449991926     
   1.0160308477468583     
   1.0165906369315956     
   1.0173266989740763     
   1.0172055389711532     
   1.0195104119230376     
   1.0198310619342286     
   1.0201640481001641     
   1.0218616402097505     
   1.0227453850676247     
   1.0230290623328444     
   1.0241822113508190     
   1.0234253545925935     
   1.0250554169351729     
   1.0246531615358603     
   1.0235030089288870     
   1.0231007035450843     
   1.0250574789003775     
   1.0236024609240990     
   1.0234278741434470     
   1.0236862643179008     
   1.0238308015887891     
   1.0230652355500787     
   1.0219379284653711     
   1.0193000997592014     
   1.0181221272259933     
   1.0174902168244473     
   1.0173626349149887     
   1.0176340569700937     
   1.0148598931340602     
   1.0132678510972513     
   1.0115659782322388     
   1.0124239840732521     
   1.0100911875990242     
   1.0090225033651681     
   1.0072964709508443     
   1.0072615351407530     
   1.0044985418585548     
   1.0026056356792628     
   1.0004475067957479     
   1.0010616230681721     
  0.99989965401652126     
  0.99802836464889411     
  0.99719468995959493     
  0.99695866190414539     
  0.99668711066696580     
  0.99466335418340845     
  0.99335515281146525     
  0.99328045739441917     
  0.99320171713157535     
  0.99249032250979485     
  0.99167237984455803     
  0.99046296625614383     
  0.98871049061630967     
  0.98937297998868112     
  0.98888894036242458     
  0.98944302207202339     
  0.98944781158340855     
  0.98965403749877578     
  0.98778002474874127     
  0.98789038838782983     
  0.98601152519582658     
  0.98684436162731248     
  0.98693954820116259     
  0.98614206567698393     
  0.98549899676980734     
  0.98691815068104560     
  0.98783726890278167     
  0.98769484385856354     
  0.98682254068255260     
  0.98793655835037653     
  0.98936869326281041     
  0.99000357851687992     
  0.98957363263459575     
  0.98993834049299967     
  0.99115004729512313     
  0.99196709128916083     
  0.99338665178006058     
  0.99391298349380497     
  0.99483491915777011     
  0.99525854850075524     
  0.99563953873576916     
  0.99573249442806278     
  0.99708105533143121     
  0.99806301217943649     
  0.99823494658257850     
  0.99888595228795085     
  0.99979747983356526     
   1.0012135886876525     
   1.0010820954119137     
   1.0009521905074075     
   1.0020220979273842     
   1.0019744756662758     
   1.0028517287993757     
   1.0051901239253289     
   1.0041376288387449     
   1.0054036114203599     
   1.0064834285618072     
   1.0067694953585935     
   1.0078666833943284     
   1.0072876707507645     
   1.0079717445876710     
   1.0081195048200102     
   1.0074483939801864     
   1.0077130571537141     
   1.0078515973481654     
   1.0094022601308805     
   1.0091702289405438     
   1.0099179966549754     
   1.0097467361409340     
   1.0095315150492870     
   1.0106443514315429     
   1.0107979933103692     
   1.0089358376891111     
   1.0092929893586648     
   1.0090513634466451     
   1.0079322909344515     
   1.0076171977290722     
   1.0076036422563230     
   1.0077084875757614     
   1.0065747326367822     
   1.0069684874102212     
   1.0068543826102405     
   1.0069191852782302     
   1.0059122194709331     
   1.0062189343028773     
   1.0062911473382377     
   1.0059258803542686     
   1.0055015126881910     
   1.0055259391764746     
   1.0044555551658438     
   1.0046802944366053     
   1.0043589419835124     
   1.0045218980124020     
   1.0034430248010804     
   1.0031472811486397     
   1.0004577231126153     
