 TEMP->   1.0000000000000000     
 DENSITY->  0.87999999523162842     
 N->         864
 CUTOFF->   3.2999999523162842     
 NUM_STEPS->       10000
   0.0000000000000000     
   0.0000000000000000     
   0.0000000000000000     
   0.0000000000000000     
   0.0000000000000000     
   0.0000000000000000     
   0.0000000000000000     
   0.0000000000000000     
   0.0000000000000000     
   0.0000000000000000     
   0.0000000000000000     
   0.0000000000000000     
   0.0000000000000000     
   0.0000000000000000     
   0.0000000000000000     
   0.0000000000000000     
   0.0000000000000000     
   0.0000000000000000     
   0.0000000000000000     
   0.0000000000000000     
   0.0000000000000000     
   0.0000000000000000     
   0.0000000000000000     
   0.0000000000000000     
   0.0000000000000000     
   0.0000000000000000     
   0.0000000000000000     
   0.0000000000000000     
   0.0000000000000000     
   0.0000000000000000     
   0.0000000000000000     
   0.0000000000000000     
   0.0000000000000000     
   0.0000000000000000     
   0.0000000000000000     
   0.0000000000000000     
   0.0000000000000000     
   0.0000000000000000     
   0.0000000000000000     
   0.0000000000000000     
   0.0000000000000000     
   0.0000000000000000     
   0.0000000000000000     
   0.0000000000000000     
   0.0000000000000000     
   0.0000000000000000     
   0.0000000000000000     
   0.0000000000000000     
   0.0000000000000000     
   0.0000000000000000     
   0.0000000000000000     
   0.0000000000000000     
   0.0000000000000000     
   0.0000000000000000     
   0.0000000000000000     
   0.0000000000000000     
   0.0000000000000000     
   0.0000000000000000     
   0.0000000000000000     
   0.0000000000000000     
   0.0000000000000000     
   0.0000000000000000     
   0.0000000000000000     
   0.0000000000000000     
   0.0000000000000000     
   0.0000000000000000     
   0.0000000000000000     
   0.0000000000000000     
   0.0000000000000000     
   0.0000000000000000     
   0.0000000000000000     
   0.0000000000000000     
   0.0000000000000000     
   0.0000000000000000     
   0.0000000000000000     
   0.0000000000000000     
   0.0000000000000000     
   0.0000000000000000     
   0.0000000000000000     
   0.0000000000000000     
   0.0000000000000000     
   0.0000000000000000     
   0.0000000000000000     
   0.0000000000000000     
   0.0000000000000000     
   0.0000000000000000     
   5.6017593389608699E-006
   7.9379536365992447E-005
   5.3514333446889428E-004
   2.3520160836885268E-003
   9.2831803129925367E-003
   2.6788563428993734E-002
   6.5320564917689714E-002
  0.13933938262169779     
  0.26431684700269803     
  0.44660832405237655     
  0.68095435098269563     
  0.96697615893272804     
   1.2881108665078544     
   1.6242337589078668     
   1.9378556526014672     
   2.2258162438493554     
   2.4720653122448724     
   2.6667479386982529     
   2.8025944603999666     
   2.8793318164261033     
   2.9124619805201641     
   2.9097373568280238     
   2.8612479066322773     
   2.7830228806991117     
   2.6948213341985121     
   2.6028422885995566     
   2.4913392184290131     
   2.3660205390064024     
   2.2402303720187837     
   2.1226064397160149     
   2.0033542280693584     
   1.8895445742727006     
   1.7849626528610487     
   1.6868879259336040     
   1.5899100593928528     
   1.5049744887952055     
   1.4190851770315960     
   1.3448953326931996     
   1.2714713752861642     
   1.2068776927660527     
   1.1433554063151619     
   1.0910367043359397     
   1.0369209683287208     
  0.99147817135482974     
  0.95088209940488411     
  0.90937639659096903     
  0.87423546523985129     
  0.84301290913678206     
  0.81225040917966695     
  0.78236933170171119     
  0.75869148279118681     
  0.73480467272240813     
  0.71465947135446350     
  0.69864780589532005     
  0.68072058826574988     
  0.66560034535343049     
  0.65013317576676322     
  0.64007068510134935     
  0.62651393994873272     
  0.61940961109583648     
  0.61271068971226084     
  0.60609542049811949     
  0.59789633171782675     
  0.59426676217203933     
  0.59101918257523656     
  0.59131510126738218     
  0.59158309529647435     
  0.59295463793999248     
  0.59437993581784199     
  0.59808138506866504     
  0.60147057526522707     
  0.60476038155429024     
  0.61202795833232682     
  0.61906383258229603     
  0.62607182198406408     
  0.63658590251848413     
  0.64532315647261418     
  0.65670501920318824     
  0.66741321266292597     
  0.67943519118396167     
  0.69566891952288912     
  0.70765447203475973     
  0.72284662563026747     
  0.74045643455314492     
  0.76060427539167763     
  0.77640768372466651     
  0.79421027379114095     
  0.81432704049184479     
  0.83769371897758238     
  0.85656408980393151     
  0.87969156032257179     
  0.90135960653254388     
  0.92200940569309453     
  0.94309984960684645     
  0.96477784087650065     
  0.98692410688831811     
   1.0100605164949599     
   1.0297008307044366     
   1.0503999665667418     
   1.0687712870325570     
   1.0868615620187292     
   1.1046945088319273     
   1.1224710550610970     
   1.1356496678387475     
   1.1519160393298540     
   1.1691468235232323     
   1.1809589290754419     
   1.1940809259651666     
   1.2066303432109793     
   1.2175353324963591     
   1.2289781290040844     
   1.2408757485769166     
   1.2487790657421505     
   1.2564498516985467     
   1.2645079738457858     
   1.2732319026931054     
   1.2781483771735469     
   1.2766460460098490     
   1.2790822609051571     
   1.2780724168049733     
   1.2772889569573147     
   1.2737612900777446     
   1.2652046915234185     
   1.2595052482854325     
   1.2532612901466282     
   1.2414053417833024     
   1.2293331871844431     
   1.2196257238549437     
   1.2049663363800871     
   1.1921739146193446     
   1.1786403714953464     
   1.1613686515312673     
   1.1467873895543570     
   1.1282638637534577     
   1.1118004028318063     
   1.0949447272126476     
   1.0798666130543568     
   1.0626603000837334     
   1.0470521869434450     
   1.0292008047376437     
   1.0129940841367422     
  0.99760082509411419     
  0.98422216915778826     
  0.97058192539228305     
  0.95594802865204676     
  0.94445443894571035     
  0.93194655349160027     
  0.91961437297314830     
  0.90939839512056275     
  0.90085845578903212     
  0.89075866960263161     
  0.88063098067606738     
  0.87303992389280360     
  0.86388158073758237     
  0.85929547421765451     
  0.85644151852234762     
  0.85166202193854512     
  0.84576065328887751     
  0.84158566450647510     
  0.84072875471526842     
  0.84032570500612491     
  0.83867144922847037     
  0.83678136805432990     
  0.83858903909802174     
  0.84000792759625798     
  0.84291080678973651     
  0.84487366384708484     
  0.84843147487484549     
  0.85157671351573339     
  0.85547956483891419     
  0.86097380695210346     
  0.86734317669696692     
  0.87323213527583565     
  0.87876292552769564     
  0.88696757508807256     
  0.89305711676396338     
  0.90163748205967709     
  0.90901626949593373     
  0.91753340518942339     
  0.92361517843025887     
  0.93405127102872854     
  0.94158792659201596     
  0.95123832683584142     
  0.96021055368660602     
  0.96990936386105842     
  0.97921289962431901     
  0.98686949974958593     
  0.99795715021727982     
   1.0067032443625787     
   1.0142876544888337     
   1.0244888929339635     
   1.0304791900027774     
   1.0394492919175957     
   1.0453724413093752     
   1.0514650590729957     
   1.0581779725677090     
   1.0650527333131765     
   1.0716992534840988     
   1.0762653869615986     
   1.0812743460410541     
   1.0849050748588196     
   1.0894305356443521     
   1.0923351611481447     
   1.0930647907515907     
   1.0961529299540094     
   1.0981117806362488     
   1.1000895452982165     
   1.1009889850412651     
   1.1010268927636955     
   1.0990396288650015     
   1.0997471061607773     
   1.0975643975661216     
   1.0949125104071962     
   1.0938831059017893     
   1.0905873130779655     
   1.0885620323655070     
   1.0866021744327499     
   1.0829249131176732     
   1.0794387924702902     
   1.0764957564766600     
   1.0717008838164594     
   1.0684067457404500     
   1.0644379994033726     
   1.0597074885419233     
   1.0551172513683860     
   1.0496681419530594     
   1.0454370516015861     
   1.0406199151881224     
   1.0341145226385859     
   1.0293443353546827     
   1.0239017564508663     
   1.0191365064121920     
   1.0148341231333116     
   1.0087747367825977     
   1.0037175415426833     
  0.99752728331691332     
  0.99237103625984535     
  0.98884918790983334     
  0.98359986162849689     
  0.97829658698279898     
  0.97452162197624526     
  0.97126800789098167     
  0.96761951874405805     
  0.96409213740261390     
  0.95806306560912347     
  0.95535679845613930     
  0.95393347480785773     
  0.94946603657185213     
  0.94624465088082510     
  0.94602554533828243     
  0.94429226393763743     
  0.94108678367782361     
  0.94061045092048989     
  0.93845844563971026     
  0.93727129508198059     
  0.93687386805499628     
  0.93709359014096572     
  0.93879374776380242     
  0.93840280205353699     
  0.93993200458324944     
  0.94020766752564899     
  0.94102706025501448     
  0.94453324050090337     
  0.94605725152848097     
  0.94725408161754954     
  0.94964546320403631     
  0.95092250635814890     
  0.95349546662909213     
  0.95731403091460587     
  0.95950225733909689     
  0.96297220497184577     
  0.96667351787743583     
  0.97001449777261484     
  0.97381272354827231     
  0.97747314663466278     
  0.97907718295988977     
  0.98165372005190343     
  0.98680268479352018     
  0.99108435037614595     
  0.99402435372308373     
  0.99823638898698963     
   1.0010219464099814     
   1.0046137382860612     
   1.0086324795866597     
   1.0119169324930193     
   1.0145341901466087     
   1.0178145760981869     
   1.0203811830309264     
   1.0235258625867696     
   1.0257198354424277     
   1.0279331559240743     
   1.0313751350787659     
   1.0332355817086634     
   1.0347833183335799     
   1.0358962470202628     
   1.0371061272815674     
   1.0396651728592208     
   1.0401821331593120     
   1.0407751996418442     
   1.0415744572101953     
   1.0425870667707469     
   1.0426249114826791     
   1.0450821686134741     
   1.0446107788365597     
   1.0434869153817832     
   1.0425374072680911     
   1.0411567338418697     
   1.0401320234405931     
   1.0379379010454817     
   1.0370527653791515     
   1.0355828086087950     
   1.0347996818704912     
   1.0332827659518811     
   1.0312890380811957     
   1.0277758870658582     
   1.0261837311562692     
   1.0233211559422051     
   1.0223739388597668     
   1.0200374602678033     
   1.0178337917712452     
   1.0165576494232622     
   1.0146822926711294     
   1.0126298625962504     
   1.0106285952583633     
   1.0083895373266605     
   1.0056417187711486     
   1.0041175015927344     
   1.0037021753593613     
   1.0012216572135875     
  0.99871354642070975     
  0.99657687226504943     
  0.99361033905576313     
  0.99142295666547520     
  0.98833969907935892     
  0.98792986271663308     
  0.98644525500421698     
  0.98455928687335892     
  0.98351498696128703     
  0.98237561977542531     
  0.98041911050742181     
  0.97948282024448974     
  0.97867378555534723     
  0.97811341065461221     
  0.97671422608179748     
  0.97683837853730160     
  0.97622040756467388     
  0.97580384573925427     
  0.97590888706076329     
  0.97604636147691382     
  0.97586454948819523     
  0.97602722814768328     
  0.97672446506970512     
  0.97579334087120828     
  0.97692034202803790     
  0.97639881376714510     
  0.97639740271733266     
  0.97790744379642902     
  0.97912747980797943     
  0.97964007418288934     
  0.97993282801113790     
  0.98091827672447107     
  0.98144665514339047     
  0.98271799239465496     
  0.98390742969928269     
  0.98645992010136963     
  0.98743656285214076     
  0.98933349945061300     
  0.98971119078622760     
  0.99094948135505523     
  0.99306622749193452     
  0.99354871821991808     
  0.99520889863612294     
  0.99631331717206739     
  0.99901865803037504     
   1.0002725928061835     
   1.0008289226497022     
   1.0035323621364938     
   1.0050866217488390     
   1.0060546584615113     
   1.0059811061448667     
   1.0089768578709470     
   1.0104310180446339     
   1.0112739044980943     
   1.0131731540484239     
   1.0136535164830904     
   1.0139406417318737     
   1.0155793326486657     
   1.0164866239057633     
   1.0166180967406202     
   1.0176668212452353     
   1.0178327625804149     
   1.0184226805272028     
   1.0180482438380483     
   1.0185759074168290     
   1.0190757502160237     
   1.0188514471953585     
   1.0185387802523225     
   1.0180800424090100     
   1.0187885263841141     
   1.0189970949155391     
   1.0180531190086817     
   1.0175347508936614     
   1.0168439137157657     
   1.0157011034667085     
   1.0155299480087912     
   1.0146560237279585     
   1.0143382699236749     
   1.0139591680483382     
   1.0122820951533884     
   1.0122829439119270     
   1.0118342676585992     
