 TEMP->   3.0000000000000000     
 DENSITY->   1.0000000000000000     
 N->         864
 CUTOFF->   3.2999999523162842     
 NUM_STEPS->       10000
   0.0000000000000000     
   0.0000000000000000     
   0.0000000000000000     
   0.0000000000000000     
   0.0000000000000000     
   0.0000000000000000     
   0.0000000000000000     
   0.0000000000000000     
   0.0000000000000000     
   0.0000000000000000     
   0.0000000000000000     
   0.0000000000000000     
   0.0000000000000000     
   0.0000000000000000     
   0.0000000000000000     
   0.0000000000000000     
   0.0000000000000000     
   0.0000000000000000     
   0.0000000000000000     
   0.0000000000000000     
   0.0000000000000000     
   0.0000000000000000     
   0.0000000000000000     
   0.0000000000000000     
   0.0000000000000000     
   0.0000000000000000     
   0.0000000000000000     
   0.0000000000000000     
   0.0000000000000000     
   0.0000000000000000     
   0.0000000000000000     
   0.0000000000000000     
   0.0000000000000000     
   0.0000000000000000     
   0.0000000000000000     
   0.0000000000000000     
   0.0000000000000000     
   0.0000000000000000     
   0.0000000000000000     
   0.0000000000000000     
   0.0000000000000000     
   0.0000000000000000     
   0.0000000000000000     
   0.0000000000000000     
   0.0000000000000000     
   0.0000000000000000     
   0.0000000000000000     
   0.0000000000000000     
   0.0000000000000000     
   0.0000000000000000     
   0.0000000000000000     
   0.0000000000000000     
   0.0000000000000000     
   0.0000000000000000     
   0.0000000000000000     
   0.0000000000000000     
   0.0000000000000000     
   0.0000000000000000     
   0.0000000000000000     
   0.0000000000000000     
   0.0000000000000000     
   0.0000000000000000     
   0.0000000000000000     
   0.0000000000000000     
   0.0000000000000000     
   0.0000000000000000     
   0.0000000000000000     
   0.0000000000000000     
   0.0000000000000000     
   0.0000000000000000     
   0.0000000000000000     
   0.0000000000000000     
   0.0000000000000000     
   0.0000000000000000     
   0.0000000000000000     
   0.0000000000000000     
   0.0000000000000000     
   0.0000000000000000     
   0.0000000000000000     
   2.9179314074923309E-006
   4.2688297468932687E-005
   2.4155352028359313E-004
   1.2924680553319408E-003
   4.9092410478031511E-003
   1.5760432138790265E-002
   4.0281017448647281E-002
   9.0013549978146729E-002
  0.17737373728221573     
  0.30830591995429679     
  0.48652815497966984     
  0.70682482511448586     
  0.96169630545622620     
   1.2301435987008384     
   1.5015859608047084     
   1.7577471990539608     
   1.9875178791002628     
   2.1801442160531654     
   2.3286411847570587     
   2.4389076114609418     
   2.5101053438679921     
   2.5475280330428474     
   2.5484487721157612     
   2.5221114396343309     
   2.4770604861572969     
   2.4122518268847348     
   2.3402029142244865     
   2.2607394049863094     
   2.1687985498466991     
   2.0755801827723035     
   1.9847606656009251     
   1.8955296496780276     
   1.8047425870871143     
   1.7222858487875476     
   1.6407356314615071     
   1.5603932546456223     
   1.4886344915869651     
   1.4150416406209236     
   1.3474158481845155     
   1.2884702684227902     
   1.2304445731978668     
   1.1769258383277335     
   1.1291401672023837     
   1.0815017670409774     
   1.0390172540018736     
   1.0003321437010519     
  0.96388597991073821     
  0.93020636663413003     
  0.89552751972109479     
  0.87116398014943852     
  0.84251777112760440     
  0.81694509712050822     
  0.79713493340221420     
  0.77566565256300157     
  0.75605367157000081     
  0.73850187473330875     
  0.72627765021586521     
  0.71244748663370860     
  0.70217009420555887     
  0.69102584925905219     
  0.68318126204374729     
  0.67494641040011527     
  0.66657500984484863     
  0.66189327901087802     
  0.66073380223332212     
  0.65785770947939792     
  0.65650591922974644     
  0.65523100315182758     
  0.65629433621788180     
  0.65801901345403468     
  0.66025947596285495     
  0.66151209624596452     
  0.66475768669751323     
  0.67126506531660468     
  0.67709068605079259     
  0.68431131812922374     
  0.69413869181544952     
  0.70232854919403020     
  0.71337236607472110     
  0.72565266489355040     
  0.73735602672101785     
  0.75106262271263646     
  0.76444000444298221     
  0.78266741156526876     
  0.79845242596268906     
  0.81505228733469437     
  0.83095011650102213     
  0.84865023319832000     
  0.86552722173873875     
  0.88458667925917089     
  0.90277475524428852     
  0.91901424103640295     
  0.93760554395800189     
  0.95708979233351987     
  0.97512097208080473     
  0.99209270355729562     
   1.0125007723123753     
   1.0294926362280536     
   1.0478769621673185     
   1.0658118932012581     
   1.0836707263573915     
   1.0977405242892206     
   1.1132894626636258     
   1.1273207652612809     
   1.1436870679305529     
   1.1566134352198669     
   1.1690147305089889     
   1.1815078948451401     
   1.1926075318389735     
   1.2017386521582072     
   1.2082821250540403     
   1.2159685079485953     
   1.2222355080777672     
   1.2286538759222825     
   1.2305845391400123     
   1.2315175523564630     
   1.2318513157713609     
   1.2277824827733512     
   1.2221119364570294     
   1.2198564266418304     
   1.2129268661673283     
   1.2035325574226310     
   1.1963207473796496     
   1.1865978044352594     
   1.1746510515780890     
   1.1649215305593152     
   1.1535662626802221     
   1.1430716474575959     
   1.1295552352272007     
   1.1179388544237912     
   1.1049875799121713     
   1.0914476560806758     
   1.0793089861730214     
   1.0660891828666648     
   1.0529853709573354     
   1.0383987500210621     
   1.0270398755023991     
   1.0145512165987287     
   1.0034712258051068     
  0.99105039460416300     
  0.98118118615124561     
  0.97110846069191625     
  0.96233008501513584     
  0.95230576911237275     
  0.94191834774911376     
  0.93453557368806106     
  0.92673976542870873     
  0.91918401321334375     
  0.91326825013788460     
  0.90571953438000730     
  0.90128284245376533     
  0.89537235687766548     
  0.89116814244046461     
  0.88862214077156532     
  0.88688963333863080     
  0.88461166804912938     
  0.88314205297566417     
  0.88146546903029532     
  0.88157122631787943     
  0.88152426157727737     
  0.88222701012395244     
  0.88343060599066625     
  0.88479401744635022     
  0.88631443006929700     
  0.88837539674505617     
  0.89184984010637602     
  0.89500851093767986     
  0.89886943079020232     
  0.90387622954053992     
  0.90981665610702844     
  0.91355771769993710     
  0.92153337514759104     
  0.92525037413971056     
  0.93259146740616283     
  0.93955455460061854     
  0.94599950539363531     
  0.95287235310075613     
  0.95885180268922343     
  0.96466530490712377     
  0.97162820821926477     
  0.98018177718003907     
  0.98716298566306226     
  0.99380047257386694     
  0.99875149632815086     
   1.0048724890879157     
   1.0129381672840285     
   1.0190145567565398     
   1.0231210108125592     
   1.0299105897979048     
   1.0343595870623379     
   1.0389791485496547     
   1.0440312906270042     
   1.0481393079948294     
   1.0528452254073020     
   1.0563126733664425     
   1.0591689173909107     
   1.0625687218305733     
   1.0626851438707068     
   1.0665023160291274     
   1.0685667805104149     
   1.0694519230723591     
   1.0702501906373125     
   1.0704932498012332     
   1.0711515848715871     
   1.0712698900338156     
   1.0709788777367375     
   1.0698819046228316     
   1.0691255210399964     
   1.0678695902731452     
   1.0665040933419676     
   1.0641985153802764     
   1.0622415762946489     
   1.0584767483667070     
   1.0572440942373813     
   1.0533266744929413     
   1.0502404839527602     
   1.0487922010566049     
   1.0437745633400179     
   1.0402564583041736     
   1.0346199914397287     
   1.0322183223607062     
   1.0286145676945584     
   1.0239240634398450     
   1.0184898184075668     
   1.0150857502377648     
   1.0129920348513137     
   1.0099868741347173     
   1.0067613712483499     
   1.0023495004741172     
  0.99811659089249394     
  0.99515646480937470     
  0.99166872787242466     
  0.98770058131081639     
  0.98483321921244171     
  0.98170588532596281     
  0.97748522886404954     
  0.97461611571797413     
  0.97127434276610281     
  0.96955787128354076     
  0.96811265368022592     
  0.96650679975827480     
  0.96517769578231094     
  0.96457561002323466     
  0.96176440130434004     
  0.96153490851965018     
  0.96032829141160958     
  0.95974896023477163     
  0.95810859621373123     
  0.95864560226109474     
  0.95800697810658886     
  0.95999317860212019     
  0.96188347031198762     
  0.96111368664386565     
  0.96159984649746677     
  0.96146149885071430     
  0.96354244618070461     
  0.96465042484241270     
  0.96617726420960193     
  0.96768269695850195     
  0.97007043646349100     
  0.97238145299328005     
  0.97368278317813595     
  0.97678595052395523     
  0.97782211700930688     
  0.98066744046787346     
  0.98197401191160893     
  0.98513589006860447     
  0.98732456651719847     
  0.98989816768480643     
  0.99076238703976305     
  0.99331865655816221     
  0.99601866405329920     
  0.99871863039730302     
   1.0015070323813626     
   1.0045647991801796     
   1.0069436452510874     
   1.0078810268556242     
   1.0099973237619164     
   1.0128805344519274     
   1.0139912596527900     
   1.0161586007688412     
   1.0173288869745540     
   1.0179990627095503     
   1.0207605092860590     
   1.0226352759958188     
   1.0243784927655706     
   1.0237602489896580     
   1.0249562473595486     
   1.0266499428850095     
   1.0266792305922749     
   1.0263919414722575     
   1.0261653394979595     
   1.0269951763485958     
   1.0266046040289032     
   1.0266065599460366     
   1.0258276402822351     
   1.0250246571629626     
   1.0246961818138198     
   1.0242980435418090     
   1.0234710455011333     
   1.0227486528967336     
   1.0226899778451426     
   1.0221290051549541     
   1.0212711281019575     
   1.0198748592279587     
   1.0181155301690765     
   1.0160422745902684     
   1.0153719872366878     
   1.0139150527922043     
   1.0128938998671102     
   1.0112655738840208     
   1.0104793349126759     
   1.0090596005126757     
   1.0078983348285537     
   1.0048708035476179     
   1.0046468938548800     
   1.0035379280809578     
   1.0024253607622866     
   1.0018750168456685     
   1.0001099064926573     
  0.99739058345738985     
  0.99705658992914015     
  0.99595310713113905     
  0.99415318881510395     
  0.99275904675903770     
  0.99253602747056835     
  0.99257814002014133     
  0.99109678954058988     
  0.98954282035745778     
  0.98842649832130236     
  0.98799772065718960     
  0.98802443268118967     
  0.98701785358095118     
  0.98661949854884512     
  0.98643466687145653     
  0.98634607596847501     
  0.98649463323562614     
  0.98485148713738169     
  0.98490759779636894     
  0.98506880680906383     
  0.98512087463687703     
  0.98578104637280162     
  0.98635577531108987     
  0.98619114206894942     
  0.98712120735994258     
  0.98896247653750091     
  0.98904950876389663     
  0.98915131347795171     
  0.98927958819096307     
  0.99003519456275857     
  0.99060089280516817     
  0.99194613310357571     
  0.99215616073559554     
  0.99301844117096572     
  0.99453042741349817     
  0.99462421488942876     
  0.99480214149260249     
  0.99528121890210863     
  0.99639097739649618     
  0.99737524895375884     
  0.99825318228738791     
  0.99917493513469391     
  0.99993646904246603     
   1.0009582965467732     
   1.0016263992709018     
   1.0018808311780223     
   1.0028938533366181     
   1.0038935874044816     
   1.0055403905980991     
   1.0052305251284210     
   1.0064105466534723     
   1.0075471152534161     
   1.0072104777539348     
   1.0082341187029098     
   1.0087866426203971     
   1.0091151027387828     
   1.0099259626954267     
   1.0101411828098035     
   1.0102860153094386     
   1.0106421865816724     
   1.0112803931095429     
   1.0107512293919494     
   1.0102826125576228     
   1.0109990588544480     
   1.0113981819815439     
   1.0105153710276116     
   1.0112386616567026     
   1.0106367604930528     
   1.0106059771521776     
   1.0098050972260537     
   1.0094979908665704     
   1.0095337658677668     
   1.0085549823443116     
   1.0079017216085697     
   1.0076523101676120     
   1.0072410721718894     
   1.0076303286589996     
   1.0052098558412774     
