   0.0000000000000000     
   0.0000000000000000     
   0.0000000000000000     
   0.0000000000000000     
   0.0000000000000000     
   0.0000000000000000     
   0.0000000000000000     
   0.0000000000000000     
   0.0000000000000000     
   0.0000000000000000     
   0.0000000000000000     
   0.0000000000000000     
   0.0000000000000000     
   0.0000000000000000     
   0.0000000000000000     
   0.0000000000000000     
   0.0000000000000000     
   0.0000000000000000     
   0.0000000000000000     
   0.0000000000000000     
   0.0000000000000000     
   0.0000000000000000     
   0.0000000000000000     
   0.0000000000000000     
   0.0000000000000000     
   0.0000000000000000     
   0.0000000000000000     
   0.0000000000000000     
   0.0000000000000000     
   0.0000000000000000     
   0.0000000000000000     
   0.0000000000000000     
   0.0000000000000000     
   0.0000000000000000     
   0.0000000000000000     
   0.0000000000000000     
   0.0000000000000000     
   0.0000000000000000     
   0.0000000000000000     
   0.0000000000000000     
   0.0000000000000000     
   0.0000000000000000     
   0.0000000000000000     
   0.0000000000000000     
   0.0000000000000000     
   0.0000000000000000     
   0.0000000000000000     
   0.0000000000000000     
   0.0000000000000000     
   0.0000000000000000     
   0.0000000000000000     
   0.0000000000000000     
   0.0000000000000000     
   0.0000000000000000     
   0.0000000000000000     
   0.0000000000000000     
   0.0000000000000000     
   0.0000000000000000     
   0.0000000000000000     
   0.0000000000000000     
   0.0000000000000000     
   0.0000000000000000     
   0.0000000000000000     
   0.0000000000000000     
   0.0000000000000000     
   0.0000000000000000     
   0.0000000000000000     
   0.0000000000000000     
   0.0000000000000000     
   0.0000000000000000     
   0.0000000000000000     
   0.0000000000000000     
   0.0000000000000000     
   0.0000000000000000     
   0.0000000000000000     
   0.0000000000000000     
   0.0000000000000000     
   0.0000000000000000     
   0.0000000000000000     
   0.0000000000000000     
   0.0000000000000000     
   0.0000000000000000     
   0.0000000000000000     
   0.0000000000000000     
   0.0000000000000000     
   0.0000000000000000     
   0.0000000000000000     
   0.0000000000000000     
   0.0000000000000000     
   0.0000000000000000     
   8.4672090694955430E-005
   1.2424717205309659E-004
   1.6210035723929490E-003
   7.6549354586731774E-003
   3.4285029908965522E-002
  0.11002698938169204     
  0.29564689473897326     
  0.68139404717964680     
   1.3154229246362494     
   2.2764665756799922     
   3.4774351840771085     
   4.7883472794568167     
   5.9982831968465078     
   6.9520437467733069     
   7.4132674553517530     
   7.3647387799410451     
   6.8608131873010576     
   5.9698720212347460     
   4.9833645696396758     
   3.9649023968892494     
   2.9938540118832360     
   2.1466271987217889     
   1.4849701133163404     
  0.97555519235675514     
  0.61851810708356392     
  0.39630347269153599     
  0.23207733083894094     
  0.13243094686696652     
   7.3880926764462992E-002
   3.8073052166345628E-002
   1.8268159190543701E-002
   8.4558523495120684E-003
   4.6213117255434130E-003
   2.2506539523880578E-003
   8.7243554270931062E-004
   7.0448211634924760E-004
   6.2838295032312328E-004
   2.1329814404132518E-004
   2.9398774459570991E-004
   5.7892984728319624E-004
   1.0383806794243271E-003
   1.6843611915281743E-003
   4.5820906249606609E-003
   8.6966589261742566E-003
   1.7633994653175330E-002
   2.9650260142932233E-002
   4.8069161831595444E-002
   8.1760231771250538E-002
  0.12834124502553002     
  0.19694238859395705     
  0.29532486261222146     
  0.41663340393342008     
  0.55448111061677696     
  0.72230469967033051     
  0.91417444174112961     
   1.0999331216383619     
   1.2625866095619547     
   1.3768189191444022     
   1.4589856927541069     
   1.4807070445318244     
   1.4175576919420048     
   1.3190192774040117     
   1.1797418083047984     
   1.0151853809022595     
  0.82248505226170232     
  0.63897239360835834     
  0.47221492271255061     
  0.33452249250429289     
  0.23650102197462483     
  0.15667332016019994     
   9.7681989354524920E-002
   5.6128136269267839E-002
   3.3090342037437798E-002
   1.8730058134574044E-002
   1.0737907541549553E-002
   9.3552605692136977E-003
   8.4427269395466117E-003
   1.3631804084085321E-002
   2.6733350796302350E-002
   5.4648023515413466E-002
   9.7914933910012270E-002
  0.18436911754023841     
  0.31073281688142296     
  0.49983672719161298     
  0.77807533492753445     
   1.1569519838702740     
   1.6008231290212209     
   2.1213477974408264     
   2.6852603951047427     
   3.2365530675868057     
   3.6968905284957621     
   4.0343094925473606     
   4.1535531498746181     
   4.0820649504372284     
   3.8817387505258121     
   3.4803916671018165     
   2.9702012428060875     
   2.4461486763494849     
   1.9244616706417135     
   1.4344005537728839     
   1.0262235708133201     
  0.71346911781619426     
  0.46046788225973467     
  0.29074080916099843     
  0.17213287508665226     
  0.10418545829648018     
   5.8810832498018564E-002
   4.2438073520881241E-002
   4.1193155855338372E-002
   5.6175464847218089E-002
   9.3947737329369771E-002
  0.15554737177241071     
  0.25459725839145891     
  0.38739975871630666     
  0.55767051653414024     
  0.75020147242233115     
  0.95454946098877957     
   1.1701696070569261     
   1.3551461954898667     
   1.4827139932449553     
   1.5463029402463191     
   1.5466679344408090     
   1.4700704321620655     
   1.3503664433479312     
   1.1706744875011814     
  0.97555605116481126     
  0.76702896670394094     
  0.58550010827587207     
  0.43701768318922524     
  0.30729542958143952     
  0.21777218341233595     
  0.15721442624080031     
  0.12936426069780285     
  0.13453292129556813     
  0.17030903418742413     
  0.24199596002390131     
  0.34964064050229365     
  0.50797212381815049     
  0.69618516699299515     
  0.94028931831550888     
   1.2054819095571900     
   1.4923677667167281     
   1.7797234465376996     
   2.0327116493691126     
   2.2209282673841506     
   2.3296371761078780     
   2.3383026434383085     
   2.2523920210394830     
   2.0830261519641766     
   1.8372693859196019     
   1.5526384661075596     
   1.2612817674222492     
  0.98548805799347694     
  0.73620836641904797     
  0.53693865973524701     
  0.37994269065559755     
  0.26421324798460238     
  0.19012585674337457     
  0.15780574023008664     
  0.15617566993910054     
  0.18045473077178584     
  0.22908330813956204     
  0.29724501492762495     
  0.37204210070640875     
  0.46011633087190879     
  0.54410471364808222     
  0.61498231255608893     
  0.66380605479273991     
  0.67728802734016391     
  0.66120835375316700     
  0.62447707959650056     
  0.56503829459557420     
  0.49118782407241984     
  0.40960068752635032     
  0.33525289242008743     
  0.28196302007064700     
  0.25262307524119682     
  0.26399577246967421     
  0.32504980215221457     
  0.44750338419993552     
  0.62685973765645320     
  0.89026117758691581     
   1.2178216350137230     
   1.6183686810880380     
   2.0354263760680542     
   2.4726060497689688     
   2.8650362034747356     
   3.1661486803856098     
   3.3659719703894191     
   3.4244247945414230     
   3.3174207458909941     
   3.0862208048341033     
   2.7545601768959473     
   2.3418137945143087     
   1.9216063089827342     
   1.5198994804731392     
   1.1472022385927245     
  0.83346218333759858     
  0.59652062910180359     
  0.42887003576177868     
  0.32598821125438304     
  0.26587943213872978     
  0.24900028469015051     
  0.25245871085492749     
  0.27652588260645361     
  0.30787431796758968     
  0.33482640524967638     
  0.35716687159252947     
  0.30219564351455225     
