 TEMP->   2.0000000000000000     
 DENSITY->   1.0000000000000000     
 N->         864
 CUTOFF->   3.2999999523162842     
 NUM_STEPS->       10000
   0.0000000000000000     
   0.0000000000000000     
   0.0000000000000000     
   0.0000000000000000     
   0.0000000000000000     
   0.0000000000000000     
   0.0000000000000000     
   0.0000000000000000     
   0.0000000000000000     
   0.0000000000000000     
   0.0000000000000000     
   0.0000000000000000     
   0.0000000000000000     
   0.0000000000000000     
   0.0000000000000000     
   0.0000000000000000     
   0.0000000000000000     
   0.0000000000000000     
   0.0000000000000000     
   0.0000000000000000     
   0.0000000000000000     
   0.0000000000000000     
   0.0000000000000000     
   0.0000000000000000     
   0.0000000000000000     
   0.0000000000000000     
   0.0000000000000000     
   0.0000000000000000     
   0.0000000000000000     
   0.0000000000000000     
   0.0000000000000000     
   0.0000000000000000     
   0.0000000000000000     
   0.0000000000000000     
   0.0000000000000000     
   0.0000000000000000     
   0.0000000000000000     
   0.0000000000000000     
   0.0000000000000000     
   0.0000000000000000     
   0.0000000000000000     
   0.0000000000000000     
   0.0000000000000000     
   0.0000000000000000     
   0.0000000000000000     
   0.0000000000000000     
   0.0000000000000000     
   0.0000000000000000     
   0.0000000000000000     
   0.0000000000000000     
   0.0000000000000000     
   0.0000000000000000     
   0.0000000000000000     
   0.0000000000000000     
   0.0000000000000000     
   0.0000000000000000     
   0.0000000000000000     
   0.0000000000000000     
   0.0000000000000000     
   0.0000000000000000     
   0.0000000000000000     
   0.0000000000000000     
   0.0000000000000000     
   0.0000000000000000     
   0.0000000000000000     
   0.0000000000000000     
   0.0000000000000000     
   0.0000000000000000     
   0.0000000000000000     
   0.0000000000000000     
   0.0000000000000000     
   0.0000000000000000     
   0.0000000000000000     
   0.0000000000000000     
   0.0000000000000000     
   0.0000000000000000     
   0.0000000000000000     
   0.0000000000000000     
   0.0000000000000000     
   0.0000000000000000     
   0.0000000000000000     
   0.0000000000000000     
   4.6062802810572320E-005
   1.9044469581994982E-004
   9.7114429436006872E-004
   4.0591317764685593E-003
   1.4024564605028884E-002
   3.8826775551041401E-002
   8.9200473251272575E-002
  0.17826764388031457     
  0.31851543339907362     
  0.51867284313149564     
  0.76706667146132512     
   1.0579366180602181     
   1.3673152287016037     
   1.6824820975846286     
   1.9730529337485958     
   2.2350054952008227     
   2.4474441131381930     
   2.6098519938480291     
   2.7174043788802384     
   2.7725603203883402     
   2.7953829946312805     
   2.7768126516303684     
   2.7305777312824815     
   2.6634022131667723     
   2.5736100695755977     
   2.4747822804766861     
   2.3651121196438081     
   2.2511589923648216     
   2.1378375957501548     
   2.0188942821779734     
   1.9105846135660056     
   1.8065176500098112     
   1.7061446130155689     
   1.6102184485013420     
   1.5216712310556380     
   1.4422586084245808     
   1.3647285589655722     
   1.2900960894971762     
   1.2284852303791904     
   1.1650954459104850     
   1.1069031068169699     
   1.0564179409550987     
   1.0074566114481838     
  0.96349021381682654     
  0.92215638859930682     
  0.88555335248324085     
  0.85053201902449493     
  0.81916587961154796     
  0.78748480541093124     
  0.76092964396052498     
  0.73855096566677458     
  0.71757962461602010     
  0.69935000232453060     
  0.68256876466738292     
  0.66622419024266077     
  0.65408638075685499     
  0.64272832815902348     
  0.63046192009965829     
  0.62170335561338297     
  0.61584110704494244     
  0.60994537332187804     
  0.60596356705246490     
  0.60212680155594600     
  0.59910885569521721     
  0.59801420708335251     
  0.59804943875741357     
  0.59903721685592215     
  0.60426061371224249     
  0.60905255753554655     
  0.61331059971351887     
  0.61714167033141420     
  0.62387603363423338     
  0.63067771454288157     
  0.64021873517765437     
  0.65024751597558772     
  0.66213867111147962     
  0.67566757065987915     
  0.68970871762085750     
  0.70317674271263375     
  0.72068561722611235     
  0.73575396394495707     
  0.75222146907475984     
  0.77200145690677402     
  0.79250292158796476     
  0.81095618686957827     
  0.83001001574469935     
  0.84979247969469740     
  0.87477491250817485     
  0.89641704858213767     
  0.91865763995183669     
  0.94239440600966584     
  0.96476049707819234     
  0.98751099557542010     
   1.0082154241533181     
   1.0297353552275181     
   1.0496634380203786     
   1.0679152735785007     
   1.0876607504020237     
   1.1068290257827953     
   1.1259265026228267     
   1.1448418604706874     
   1.1616941187350394     
   1.1756242164061144     
   1.1887113034561472     
   1.2022419358869829     
   1.2166267278320038     
   1.2257678612745138     
   1.2376300056989933     
   1.2468329486685181     
   1.2561488057075036     
   1.2621679657621394     
   1.2656927740369632     
   1.2683916706663159     
   1.2720925644411163     
   1.2708429622525554     
   1.2729603578342146     
   1.2699537043766549     
   1.2635926214534055     
   1.2586872657662720     
   1.2518155417643189     
   1.2416380516361245     
   1.2293774733291754     
   1.2187378799453665     
   1.2041813931623224     
   1.1941704004065301     
   1.1795034651307861     
   1.1649982375857419     
   1.1490570776491393     
   1.1323117085766097     
   1.1150277985698844     
   1.0984986011466660     
   1.0811653673580803     
   1.0655145576275291     
   1.0490665768862850     
   1.0333004614830543     
   1.0189597264580654     
   1.0036517435167289     
  0.98802515148746295     
  0.97621546531839465     
  0.96108626184697965     
  0.94687107844874929     
  0.93374587601593839     
  0.92500137077105060     
  0.91423114431694941     
  0.90483866411332980     
  0.89430212887616589     
  0.88500569939327978     
  0.87627256404295295     
  0.87079174236716594     
  0.86267448675130809     
  0.85731521017908363     
  0.85341252694124714     
  0.84961484829483735     
  0.84659129979636627     
  0.84421586097723877     
  0.84273669069498214     
  0.84295958323745523     
  0.84229833247814234     
  0.84304892732158265     
  0.84403586344223513     
  0.84710664650025536     
  0.85044666858665341     
  0.85321824422194059     
  0.85912054738346222     
  0.86415800759564976     
  0.86809085090999705     
  0.87393763691071757     
  0.88091348404332914     
  0.88685245557114456     
  0.89476739602397293     
  0.90190400196194986     
  0.91002878344785820     
  0.91844557992441589     
  0.92824433598973344     
  0.93904528025808842     
  0.94767851818923809     
  0.95760338926084343     
  0.96585733172668931     
  0.97469331016814609     
  0.98408837155515161     
  0.99279008709664429     
   1.0015711944625350     
   1.0095326202600767     
   1.0191882761740414     
   1.0273392832464221     
   1.0368478569236319     
   1.0446526907786868     
   1.0509241664916638     
   1.0567745893072460     
   1.0625504929254275     
   1.0687703699363396     
   1.0731849212048210     
   1.0772770716917042     
   1.0829462761425552     
   1.0868147000250341     
   1.0906129879247410     
   1.0934530852393087     
   1.0969470708442284     
   1.0973047039265833     
   1.0985940117941371     
   1.0974202131221598     
   1.0984742014064572     
   1.0965420311544569     
   1.0972645744934069     
   1.0950014338585865     
   1.0939486794286815     
   1.0927450358792490     
   1.0900567048519296     
   1.0875409251950328     
   1.0831413955607141     
   1.0797844387660949     
   1.0741876617154957     
   1.0688604639002797     
   1.0647088832086296     
   1.0621890859557250     
   1.0577105795556581     
   1.0524814270909162     
   1.0470210635835531     
   1.0430365014650278     
   1.0374418167388855     
   1.0319614751502157     
   1.0272366680290159     
   1.0231906313853221     
   1.0176294487455104     
   1.0119640502083955     
   1.0077900837408180     
   1.0010615918434720     
  0.99613680413452543     
  0.99173280911640760     
  0.98620689114148929     
  0.98177919113661960     
  0.97747001392851340     
  0.97150886928281976     
  0.96814566418723380     
  0.96348860822067484     
  0.96052127528831854     
  0.95729309359074832     
  0.95371355806867752     
  0.95111099436859503     
  0.94951772076211205     
  0.94616743779590895     
  0.94472136649894478     
  0.94276319427060606     
  0.94188501217436571     
  0.94093033935266435     
  0.94141080726336523     
  0.94011320766679374     
  0.93936180235442246     
  0.93871133242175575     
  0.93941211561568705     
  0.94043830403072348     
  0.94285251098742451     
  0.94336418881622852     
  0.94436994278024622     
  0.94690738435592825     
  0.94872889795976101     
  0.95198621340402989     
  0.95415656191343867     
  0.95728507257563999     
  0.96115320181744990     
  0.96291943439570515     
  0.96664086679378947     
  0.96916544984576081     
  0.97297917548723367     
  0.97723600167194180     
  0.98100306611950883     
  0.98561738410478672     
  0.98923272664039197     
  0.99186249211378297     
  0.99581049576905190     
  0.99953008405377619     
   1.0022769982501061     
   1.0065710480761103     
   1.0109555236809176     
   1.0131740201338417     
   1.0171159394268188     
   1.0194716915933726     
   1.0225523767187898     
   1.0243726432968918     
   1.0265361989801718     
   1.0295266653898252     
   1.0314550150021449     
   1.0338204856246036     
   1.0352038553180629     
   1.0367574826690411     
   1.0379279569521245     
   1.0387719612625097     
   1.0394977585441898     
   1.0413687562814025     
   1.0417134369067651     
   1.0415497717350428     
   1.0406237506180500     
   1.0422405806166970     
   1.0408218850330653     
   1.0398899830227211     
   1.0393150422749224     
   1.0373422763517679     
   1.0366456053537005     
   1.0359363138835824     
   1.0346477161301011     
   1.0325399656423593     
   1.0315904703649581     
   1.0290105954110271     
   1.0271170450160150     
   1.0254333611824653     
   1.0225914855249356     
   1.0203645745874788     
   1.0189336443743473     
   1.0168504144337061     
   1.0151629446568007     
   1.0122315932474690     
   1.0100066104468080     
   1.0067882924170626     
   1.0049690067006598     
   1.0033810587441832     
   1.0010219304193739     
  0.99889156349520403     
  0.99698349535313435     
  0.99475248627716217     
  0.99301591893938379     
  0.99182115558324113     
  0.98951686462431432     
  0.98830795421035544     
  0.98698866787782091     
  0.98589906661550952     
  0.98394977353676705     
  0.98287262653537866     
  0.98080918973807363     
  0.98006101347554497     
  0.97873096435975737     
  0.97719884250109224     
  0.97786954584147157     
  0.97688247373683690     
  0.97646838217307141     
  0.97592144639534306     
  0.97574064816568451     
  0.97595982861273234     
  0.97578290722295546     
  0.97559808796549286     
  0.97656217731615524     
  0.97624476485669209     
  0.97635605572941619     
  0.97690464313662628     
  0.97795332455023409     
  0.97938870253548582     
  0.98014283322671714     
  0.98113679313620372     
  0.98230712747470550     
  0.98390241032792480     
  0.98549851932124599     
  0.98743493911629698     
  0.98868570424796642     
  0.98939589552407270     
  0.99109137057333918     
  0.99234424993991655     
  0.99408271246225410     
  0.99552924261977582     
  0.99633002090418954     
  0.99721116854182645     
  0.99874000101534033     
   1.0009531163593235     
   1.0018499254212818     
   1.0043516229894458     
   1.0063821080318271     
   1.0074451416990942     
   1.0080569965153492     
   1.0097632869919466     
   1.0104480786347285     
   1.0114965909450233     
   1.0117668863750917     
   1.0123717682720081     
   1.0139116416191063     
   1.0145578997664824     
   1.0150827634975821     
   1.0159168406922892     
   1.0160304605018540     
   1.0172747463712859     
   1.0176869779359283     
   1.0181955287914559     
   1.0186502022485648     
   1.0179085495785629     
   1.0181284360786225     
   1.0177741442253485     
   1.0171750240289630     
   1.0172564935522292     
   1.0178254706481682     
   1.0170181702234686     
   1.0168877727970758     
   1.0156850264245154     
   1.0150946246668995     
   1.0133161411428373     
   1.0137130393821048     
   1.0120103635734616     
   1.0115773810432460     
   1.0087758261569693     
