 TEMP->   1.0000000000000000     
 DENSITY->  0.60000002384185791     
 N->         864
 CUTOFF->   3.2999999523162842     
 NUM_STEPS->       10000
   0.0000000000000000     
   0.0000000000000000     
   0.0000000000000000     
   0.0000000000000000     
   0.0000000000000000     
   0.0000000000000000     
   0.0000000000000000     
   0.0000000000000000     
   0.0000000000000000     
   0.0000000000000000     
   0.0000000000000000     
   0.0000000000000000     
   0.0000000000000000     
   0.0000000000000000     
   0.0000000000000000     
   0.0000000000000000     
   0.0000000000000000     
   0.0000000000000000     
   0.0000000000000000     
   0.0000000000000000     
   0.0000000000000000     
   0.0000000000000000     
   0.0000000000000000     
   0.0000000000000000     
   0.0000000000000000     
   0.0000000000000000     
   0.0000000000000000     
   0.0000000000000000     
   0.0000000000000000     
   0.0000000000000000     
   0.0000000000000000     
   0.0000000000000000     
   0.0000000000000000     
   0.0000000000000000     
   0.0000000000000000     
   0.0000000000000000     
   0.0000000000000000     
   0.0000000000000000     
   0.0000000000000000     
   0.0000000000000000     
   0.0000000000000000     
   0.0000000000000000     
   0.0000000000000000     
   0.0000000000000000     
   0.0000000000000000     
   0.0000000000000000     
   0.0000000000000000     
   0.0000000000000000     
   0.0000000000000000     
   0.0000000000000000     
   0.0000000000000000     
   0.0000000000000000     
   0.0000000000000000     
   0.0000000000000000     
   0.0000000000000000     
   0.0000000000000000     
   0.0000000000000000     
   0.0000000000000000     
   0.0000000000000000     
   0.0000000000000000     
   0.0000000000000000     
   0.0000000000000000     
   0.0000000000000000     
   0.0000000000000000     
   0.0000000000000000     
   0.0000000000000000     
   0.0000000000000000     
   0.0000000000000000     
   0.0000000000000000     
   0.0000000000000000     
   0.0000000000000000     
   0.0000000000000000     
   0.0000000000000000     
   0.0000000000000000     
   0.0000000000000000     
   0.0000000000000000     
   0.0000000000000000     
   0.0000000000000000     
   0.0000000000000000     
   0.0000000000000000     
   0.0000000000000000     
   0.0000000000000000     
   0.0000000000000000     
   0.0000000000000000     
   0.0000000000000000     
   0.0000000000000000     
   0.0000000000000000     
   4.0145970602192019E-005
   3.2572389487199349E-004
   1.2163855711507302E-003
   4.3195274029963751E-003
   1.2687896110770713E-002
   3.2104533280346452E-002
   6.9287575227724038E-002
  0.13326231908227631     
  0.23437484169564854     
  0.36463933907457502     
  0.52834083495448436     
  0.72671141484250446     
  0.94475269771562465     
   1.1697238301121557     
   1.3880672213680612     
   1.5938967710597685     
   1.7738787531527396     
   1.9282174084181685     
   2.0466465813987353     
   2.1380302124646859     
   2.2103044251612860     
   2.2502187277460042     
   2.2641880432536325     
   2.2541816901209213     
   2.2275518528399179     
   2.1932901034315226     
   2.1488352027717004     
   2.0953864037261698     
   2.0435045552498012     
   1.9833744389210004     
   1.9179692929335774     
   1.8594707530784103     
   1.8060435363026233     
   1.7443572317666733     
   1.6825269150377073     
   1.6233494313671777     
   1.5681414786859849     
   1.5135408412564546     
   1.4606734579117229     
   1.4122150239411566     
   1.3702208338158242     
   1.3232875242511448     
   1.2887087497940959     
   1.2484120729786630     
   1.2154744128801545     
   1.1804911222047869     
   1.1487991310227719     
   1.1179190356711977     
   1.0887277103367745     
   1.0615851003419874     
   1.0385655096485626     
   1.0171728401441626     
  0.99132828766250425     
  0.97181268951051603     
  0.95456385590170023     
  0.93922150024366635     
  0.92273340149349670     
  0.90595070061754113     
  0.89370898220774508     
  0.87972528276139850     
  0.86564884622368266     
  0.85827648491840025     
  0.85078259015669577     
  0.84331914469655322     
  0.83268898906231092     
  0.81997643265207509     
  0.81773103636888411     
  0.81187844887813942     
  0.80793239217043955     
  0.80226112225166868     
  0.80018353849169088     
  0.79713146723802164     
  0.79141543210299947     
  0.78826611913763389     
  0.78777951165442373     
  0.79238185492115509     
  0.78933470494683244     
  0.79114845535103484     
  0.79037075031668391     
  0.79195058245461247     
  0.79418580772636915     
  0.79749668010311181     
  0.79725836679555673     
  0.80207765032374456     
  0.80601166337172159     
  0.81062200381049820     
  0.81491352046453536     
  0.81904663786372134     
  0.82506969821378207     
  0.83172989839499911     
  0.84310496318042882     
  0.85124583801672138     
  0.85692979644369172     
  0.86321703736527711     
  0.86985430784743201     
  0.88006544297166789     
  0.89247394080225062     
  0.89917180974553645     
  0.90957813769632656     
  0.91835988934819635     
  0.92968853968357168     
  0.93855189892282131     
  0.95216782779225007     
  0.95950115303922956     
  0.97060678361484209     
  0.98202352651057845     
  0.99131090416516432     
   1.0029818281125225     
   1.0141238502386278     
   1.0227762991130007     
   1.0323547919066558     
   1.0434728731337850     
   1.0538193718992295     
   1.0636435091548959     
   1.0706178053694348     
   1.0794978286944765     
   1.0873860645756415     
   1.0925838149278062     
   1.0997711664204011     
   1.1067546932162264     
   1.1118274022236942     
   1.1209872974611312     
   1.1209721001905602     
   1.1254924562774573     
   1.1265860632266875     
   1.1288392651254957     
   1.1295127089674173     
   1.1286869292391046     
   1.1268912716898942     
   1.1239329805240987     
   1.1245808863749949     
   1.1199679205556030     
   1.1176913285572740     
   1.1157284904274167     
   1.1137955514320097     
   1.1056249212897631     
   1.1003159382345240     
   1.0966016113984591     
   1.0934277669497601     
   1.0876632758659677     
   1.0795186168645907     
   1.0746840893193490     
   1.0694042007388052     
   1.0625941964082464     
   1.0576946981030992     
   1.0533056856611831     
   1.0449226722737988     
   1.0402341700144975     
   1.0343737265023814     
   1.0274396563575763     
   1.0233258394783105     
   1.0193414716656906     
   1.0143997129914395     
   1.0104256577466222     
   1.0072255956117540     
   1.0001577304386373     
  0.99662166989744272     
  0.99185789405043745     
  0.98758882023237260     
  0.98313568190117995     
  0.97789770983330226     
  0.97613551757194261     
  0.97159220143378699     
  0.96794933302192709     
  0.96563588402063416     
  0.96741973046275931     
  0.96636841091512760     
  0.96530133748983937     
  0.96301597178919529     
  0.96197158606960342     
  0.96032794457498472     
  0.95946561776618844     
  0.95701194977210646     
  0.95600796367985752     
  0.95419797542185014     
  0.95417158661929913     
  0.95254347403886452     
  0.95371964096452488     
  0.95363889628619913     
  0.95542157363359048     
  0.95556896881279207     
  0.95637622707837933     
  0.95718033793836343     
  0.95801575076888268     
  0.95849349841646714     
  0.95955105694861065     
  0.96170288501798074     
  0.96307633701171691     
  0.96322731660744354     
  0.96576033938692085     
  0.96801516261934917     
  0.96907304014357443     
  0.96964405824820532     
  0.97166719087486753     
  0.97197158215801260     
  0.97578138574245266     
  0.98065298491218711     
  0.98467070852919425     
  0.98666804655515783     
  0.98897004360550134     
  0.99125524012304833     
  0.99341931015979534     
  0.99456534420530063     
  0.99617980681422014     
  0.99930308538541524     
   1.0016203670599029     
   1.0042886174448284     
   1.0057575024865113     
   1.0057882059696375     
   1.0065941698861891     
   1.0114655744003327     
   1.0141922160728982     
   1.0154235164589354     
   1.0150590750902966     
   1.0187671376929219     
   1.0205532660184427     
   1.0209807100489123     
   1.0230529519458866     
   1.0216205326422603     
   1.0240461395754086     
   1.0239325529889292     
   1.0228174437587960     
   1.0255436060307090     
   1.0248299338800717     
   1.0248971446634612     
   1.0236404103860659     
   1.0250411820591259     
   1.0266147805716963     
   1.0256155005257377     
   1.0247734120834453     
   1.0239298002200334     
   1.0237767899247017     
   1.0248446734238206     
   1.0237350499795075     
   1.0214938377328611     
   1.0188552299285374     
   1.0194466129950466     
   1.0179406533730821     
   1.0185780982088415     
   1.0165723299960936     
   1.0137899708995330     
   1.0140560496872746     
   1.0138914246749382     
   1.0132737793693005     
   1.0122087925623040     
   1.0109795189391317     
   1.0087886448477195     
   1.0100948817336650     
   1.0100276923002358     
   1.0074697463059898     
   1.0068388706796325     
   1.0057729449343116     
   1.0060306520079676     
   1.0047497092613304     
   1.0025377161087421     
   1.0019204044661445     
   1.0008730941099881     
   1.0009437550033784     
   1.0005822693628026     
  0.99977767342246093     
  0.99623407821544874     
  0.99601728700563186     
  0.99715704283917395     
  0.99506557422567599     
  0.99336907406649144     
  0.99159142954913226     
  0.99345609056378614     
  0.99311818142743769     
  0.99174930344637102     
  0.99016344063774020     
  0.98940948496310999     
  0.98945423517674114     
  0.99056956853809952     
  0.99011031176559761     
  0.99158985548498413     
  0.99016822903218715     
  0.98818845971418834     
  0.98985710688668671     
  0.99017918305231056     
  0.99043037976027981     
  0.98955311354029618     
  0.98988107018178939     
  0.99148952293455250     
  0.99091461995678209     
  0.99215263324701652     
  0.99211329300658246     
  0.99219389063760732     
  0.99398928333039549     
  0.99449565742970658     
  0.99451145348204462     
  0.99329276758902407     
  0.99262080335668113     
  0.99437937161597134     
  0.99391334934656339     
  0.99534704724741174     
  0.99572865061584159     
  0.99457358877548652     
  0.99543768799514010     
  0.99638100038189814     
  0.99896397476126497     
  0.99943877571014050     
   1.0004937692829428     
   1.0000074824625496     
   1.0005478851471195     
   1.0015121093977066     
   1.0021015832450046     
   1.0017915743032864     
   1.0015089564476145     
   1.0030043482860813     
   1.0021013588385130     
   1.0034123766736218     
   1.0043742025610747     
   1.0038130141691111     
   1.0041116218984967     
   1.0053407282238649     
   1.0050987698534806     
   1.0051045510181735     
   1.0046704330701384     
   1.0057452945171204     
   1.0061385838158095     
   1.0063530173757929     
   1.0055009983923946     
   1.0069428901632396     
   1.0073410067436561     
   1.0065790789937687     
   1.0061499424489668     
   1.0054381364138421     
   1.0037303758735394     
   1.0043415438354644     
   1.0050318431240088     
   1.0057750768969576     
   1.0058635657354567     
   1.0047573312221456     
   1.0036982072194449     
   1.0017713938926287     
   1.0026687347579708     
   1.0026294035739691     
   1.0043921322657543     
   1.0036385869176716     
   1.0019517000849496     
   1.0029893058545785     
   1.0028134281704866     
   1.0022509139904983     
   1.0010820948892603     
   1.0012163148729227     
   1.0014522996504813     
   1.0003174064926070     
   1.0003329114297328     
   1.0016525362879953     
   1.0014126813620559     
   1.0010156893832969     
   1.0013381075401606     
   1.0006133903821191     
   1.0034377698048857     
   1.0013094755004290     
   1.0017642311172439     
   1.0013527337191732     
   1.0007095353502713     
  0.99970968938048466     
  0.99976485309043506     
  0.99984791174795073     
   1.0001022789980460     
   1.0006361105254897     
   1.0008188304911945     
  0.99951534102679618     
  0.99777855560418183     
  0.99965439085818286     
  0.99954904853676996     
  0.99893575202348428     
  0.99836749380775114     
  0.99915992382058971     
  0.99736147054345492     
   1.0000053009593788     
  0.99936918057223412     
  0.99879772733831285     
  0.99845393071837052     
  0.99912720277023703     
  0.99902740937535128     
  0.99902421729399193     
  0.99907698245506116     
  0.99857420774393224     
  0.99869733851087650     
  0.99806589182459282     
  0.99873151048919140     
  0.99973078480220379     
  0.99924380924787470     
  0.99889940100420938     
  0.99963473374545964     
  0.99980298658183187     
   1.0008881932812821     
  0.99948535174718789     
  0.99852110320711518     
  0.99906629525025481     
  0.99953506771514156     
  0.99901901778709123     
  0.99925002154908715     
  0.99850049771080329     
   1.0000471529090083     
  0.99971739679838556     
   1.0001160258908928     
  0.99978879843201185     
   1.0000044413162277     
   1.0003459535619934     
   1.0002635922701546     
  0.99947509134586598     
   1.0001576083380244     
   1.0005062036774897     
  0.99956043381524196     
   1.0005120262864602     
   1.0003663194321428     
   1.0000128897517853     
  0.99960377728271144     
  0.99989372489635686     
   1.0002246659316554     
  0.99874287074809842     
  0.99930142493868779     
  0.99966180035123042     
  0.99873077185330339     
  0.99899480342793057     
  0.99936817844792736     
   1.0001706238625196     
   1.0008612024473023     
   1.0013346473201696     
   1.0013316620078609     
   1.0033740219911169     
   1.0022994529191387     
   1.0026161684813317     
   1.0018756125808648     
   1.0026041592109474     
   1.0020514772342786     
   1.0003677074276909     
   1.0001774661982361     
   1.0005531184382839     
   1.0010998011896297     
   1.0009336571384075     
   1.0009433893219020     
  0.99967882197384672     
   1.0002249512232211     
   1.0009453431593558     
   1.0000128831079893     
  0.99994410604116268     
  0.99986967888998635     
   1.0005176048005822     
   1.0009806549511013     
   1.0004222265329024     
   1.0005651866254934     
   1.0008793117768309     
   1.0007191973059828     
  0.99990096153916908     
  0.99982959011366179     
   1.0008486026787164     
   1.0006954764207787     
   1.0002724947270412     
  0.99972184951452192     
   1.0007937431630538     
   1.0006852099256103     
   1.0002010987224368     
   1.0003267002176399     
   1.0001123673063257     
   1.0001854897221651     
   1.0006219821411795     
   1.0008337909621918     
  0.99952639977291802     
   1.0008822625319418     
   1.0016812740427030     
   1.0013259036215763     
   1.0009003432735033     
   1.0007196537662353     
   1.0006191402658946     
   1.0009938483301317     
   1.0001750813257513     
   1.0005823784225409     
   1.0002227584953163     
  0.99973116525169592     
   1.0001193973181732     
   1.0016983691352408     
   1.0008077346185056     
  0.99941824703966475     
