 TEMP->   1.5000000000000000     
 DENSITY->  0.75000000000000000     
 N->         864
 CUTOFF->   3.2999999523162842     
 NUM_STEPS->       10000
   0.0000000000000000     
   0.0000000000000000     
   0.0000000000000000     
   0.0000000000000000     
   0.0000000000000000     
   0.0000000000000000     
   0.0000000000000000     
   0.0000000000000000     
   0.0000000000000000     
   0.0000000000000000     
   0.0000000000000000     
   0.0000000000000000     
   0.0000000000000000     
   0.0000000000000000     
   0.0000000000000000     
   0.0000000000000000     
   0.0000000000000000     
   0.0000000000000000     
   0.0000000000000000     
   0.0000000000000000     
   0.0000000000000000     
   0.0000000000000000     
   0.0000000000000000     
   0.0000000000000000     
   0.0000000000000000     
   0.0000000000000000     
   0.0000000000000000     
   0.0000000000000000     
   0.0000000000000000     
   0.0000000000000000     
   0.0000000000000000     
   0.0000000000000000     
   0.0000000000000000     
   0.0000000000000000     
   0.0000000000000000     
   0.0000000000000000     
   0.0000000000000000     
   0.0000000000000000     
   0.0000000000000000     
   0.0000000000000000     
   0.0000000000000000     
   0.0000000000000000     
   0.0000000000000000     
   0.0000000000000000     
   0.0000000000000000     
   0.0000000000000000     
   0.0000000000000000     
   0.0000000000000000     
   0.0000000000000000     
   0.0000000000000000     
   0.0000000000000000     
   0.0000000000000000     
   0.0000000000000000     
   0.0000000000000000     
   0.0000000000000000     
   0.0000000000000000     
   0.0000000000000000     
   0.0000000000000000     
   0.0000000000000000     
   0.0000000000000000     
   0.0000000000000000     
   0.0000000000000000     
   0.0000000000000000     
   0.0000000000000000     
   0.0000000000000000     
   0.0000000000000000     
   0.0000000000000000     
   0.0000000000000000     
   0.0000000000000000     
   0.0000000000000000     
   0.0000000000000000     
   0.0000000000000000     
   0.0000000000000000     
   0.0000000000000000     
   0.0000000000000000     
   0.0000000000000000     
   0.0000000000000000     
   0.0000000000000000     
   0.0000000000000000     
   0.0000000000000000     
   0.0000000000000000     
   0.0000000000000000     
   0.0000000000000000     
   0.0000000000000000     
   1.0331322280426262E-005
   5.0455335941187788E-005
   4.4694570270273652E-004
   2.1229190098011339E-003
   7.3307501180554669E-003
   2.0456766607575290E-002
   4.7643150708563606E-002
  0.10083059691842312     
  0.18357887997376657     
  0.30370510052560695     
  0.45889489577878945     
  0.64958474178383308     
  0.86731843764398464     
   1.0912536758409814     
   1.3175497605420998     
   1.5323806596032938     
   1.7298707240701725     
   1.9006086599779490     
   2.0410103840011575     
   2.1503959197970857     
   2.2329733642870719     
   2.2743277571635554     
   2.2981787826189759     
   2.3019515903791690     
   2.2844770963762016     
   2.2539465199630362     
   2.2088609648840420     
   2.1504539687385642     
   2.0887003277151157     
   2.0302149800875613     
   1.9646637343835254     
   1.8964419037246825     
   1.8307230708430353     
   1.7672813807215055     
   1.7002567196206959     
   1.6429827853253347     
   1.5770920880579087     
   1.5175448760986103     
   1.4576887802116236     
   1.4065452510566507     
   1.3579003913410228     
   1.3152688969297663     
   1.2742022306791241     
   1.2285983774045484     
   1.1924982399132451     
   1.1561966680279290     
   1.1175526941475260     
   1.0814533180740296     
   1.0514217255794003     
   1.0201977698761100     
  0.99303407097813112     
  0.96771127741249419     
  0.94359135284019935     
  0.92531348464913232     
  0.90684918755205601     
  0.88868845297877286     
  0.87160748846851421     
  0.85696001086035312     
  0.84202851574541915     
  0.82955406351663330     
  0.81687437634477267     
  0.80125213523013838     
  0.79237418771715529     
  0.78261932921583532     
  0.77566704690212651     
  0.76640861743822974     
  0.76182030345545326     
  0.75780875887439281     
  0.75196722472948418     
  0.74572260427628989     
  0.74358332619515533     
  0.74138434062494429     
  0.73604025128559525     
  0.73729217887974829     
  0.74081583542699292     
  0.74034944842426331     
  0.73973499567519996     
  0.74107948942760293     
  0.74538556229744568     
  0.74906756573402511     
  0.75402641135379078     
  0.75787831679877438     
  0.76236411599250697     
  0.76957342496168490     
  0.77336956364642717     
  0.78194407214111150     
  0.79109205475768674     
  0.79744598122561172     
  0.80604833383253083     
  0.81273109968261070     
  0.82270476904956935     
  0.83363084710616253     
  0.84505441518548963     
  0.85699876825784826     
  0.86653097613559249     
  0.87988262840261000     
  0.89062408868910459     
  0.90401031004169319     
  0.91677655503310984     
  0.93577075183770109     
  0.94879310859033361     
  0.96250718668604440     
  0.97209894062281665     
  0.98619709072493456     
  0.99973454373780735     
   1.0126184602949366     
   1.0256077227339666     
   1.0387411852579007     
   1.0503082146067133     
   1.0619214506952692     
   1.0731687914508914     
   1.0860804106312012     
   1.0992678044998199     
   1.1084843649628813     
   1.1165768255642690     
   1.1238444180956304     
   1.1318794987827572     
   1.1426906473688765     
   1.1498473395278153     
   1.1560490855507053     
   1.1574203948131339     
   1.1616531196750155     
   1.1608281094711408     
   1.1612950959779353     
   1.1625114251446043     
   1.1619726060251685     
   1.1600008572525460     
   1.1571183444508255     
   1.1518110241951414     
   1.1485319216650467     
   1.1449046186266070     
   1.1400078470989228     
   1.1323878186624246     
   1.1251588097630894     
   1.1219776707161235     
   1.1143006500245887     
   1.1063103139606827     
   1.0982335848805400     
   1.0891066943750134     
   1.0828185388253813     
   1.0744171425981270     
   1.0649666172886030     
   1.0581196982267647     
   1.0495915003385277     
   1.0454818773791184     
   1.0370158935919411     
   1.0283373465365988     
   1.0202001055538448     
   1.0132462299931058     
   1.0075418842748853     
   1.0000004841172243     
  0.99181191555877335     
  0.98605670251190702     
  0.98062853243619430     
  0.97520380098561676     
  0.96821829424789374     
  0.96514327022150936     
  0.96032395050458530     
  0.95620678415816107     
  0.95199201023632896     
  0.94802753818704333     
  0.94541046839791454     
  0.94382154229712933     
  0.94119292038913593     
  0.93638469268190505     
  0.93334302641436506     
  0.93310220466100335     
  0.93075470683080852     
  0.93173651483101005     
  0.93134842357743264     
  0.93114189606912856     
  0.92992430442659413     
  0.92953902778773190     
  0.92875637887867335     
  0.92985126506651872     
  0.93103646390828010     
  0.93171300602224594     
  0.93243001943738801     
  0.93394554846196742     
  0.93729674911557415     
  0.94128240708106881     
  0.94217842351225978     
  0.94378684848054883     
  0.94672773040349767     
  0.94859557537780259     
  0.95151506426593024     
  0.95499194386008857     
  0.95884522002094874     
  0.96174077554515047     
  0.96602927970325470     
  0.96904560966638464     
  0.97197624714068354     
  0.97641424137482602     
  0.97940220646356968     
  0.98283700945197960     
  0.98673182352303013     
  0.98950144726200506     
  0.99300002564378820     
  0.99676944418681512     
  0.99988649963174026     
   1.0049560351832731     
   1.0073125213147411     
   1.0087950492112248     
   1.0134285480598630     
   1.0154379886932461     
   1.0191183375167023     
   1.0219352737067096     
   1.0236843229843278     
   1.0258029193174807     
   1.0289025427623517     
   1.0327260743959945     
   1.0322410734448095     
   1.0317170133835194     
   1.0340054942802530     
   1.0350896897062318     
   1.0386221730997742     
   1.0389459027508554     
   1.0400913342560352     
   1.0389704557182751     
   1.0393799109943977     
   1.0403102842637808     
   1.0410731720047750     
   1.0401942079252653     
   1.0393670508861002     
   1.0402846070971412     
   1.0389386655031116     
   1.0372678571292839     
   1.0373778008053958     
   1.0341590207994045     
   1.0348984023926475     
   1.0332773258712435     
   1.0317747970212205     
   1.0301269967826814     
   1.0281413696897626     
   1.0268351673479681     
   1.0230895795957202     
   1.0226605035900149     
   1.0207776941004501     
   1.0203154152000111     
   1.0173003251217632     
   1.0157829959095230     
   1.0140188392048373     
   1.0131208146671020     
   1.0104465624012582     
   1.0076996862370386     
   1.0062987638305056     
   1.0038934310678089     
   1.0006692883135235     
  0.99860848325267737     
  0.99602155307347062     
  0.99552992219225955     
  0.99541966641124924     
  0.99340993215128348     
  0.99160143810287227     
  0.98965895536741577     
  0.98789022947522676     
  0.98666239528969701     
  0.98550957155460395     
  0.98502456409018635     
  0.98334853927646559     
  0.98299929358521665     
  0.98216094254259789     
  0.98163926851079542     
  0.97898062835775834     
  0.98011584642107730     
  0.98039651127830862     
  0.97972488680398784     
  0.98042562819782253     
  0.98041181626429796     
  0.98047377230463983     
  0.97947711399793536     
  0.98045235338894687     
  0.98078193271779246     
  0.98105169886474641     
  0.98074873948528241     
  0.98148211356062842     
  0.98199322264854305     
  0.98211279632242221     
  0.98322733052177036     
  0.98504983444262939     
  0.98639356453841953     
  0.98558318921246446     
  0.98698732809862011     
  0.98655476763197314     
  0.98783751893083460     
  0.98933779046003290     
  0.98993261637788321     
  0.99290360751432838     
  0.99290569594759104     
  0.99385893222470123     
  0.99617957332006202     
  0.99480197404797899     
  0.99654127954711835     
  0.99813726876387610     
  0.99899860959738129     
   1.0002285197482998     
   1.0014291696805899     
   1.0033239066429465     
   1.0043685230550969     
   1.0052881312869333     
   1.0075770639635160     
   1.0086023407047575     
   1.0084414028743798     
   1.0098885922496865     
   1.0106667856863123     
   1.0107380800051204     
   1.0100097681304627     
   1.0104115408735113     
   1.0107860564822366     
   1.0115950370760340     
   1.0119154751512218     
   1.0122467807191935     
   1.0125079138628150     
   1.0121340746168903     
   1.0127865112451764     
   1.0123209219640004     
   1.0114073768283340     
   1.0117355266554884     
   1.0102044060601088     
   1.0100130785338204     
   1.0112743014288121     
   1.0108773543063430     
   1.0102326360242511     
   1.0106939869874210     
   1.0107981814319678     
   1.0101153608571205     
   1.0106956916506393     
   1.0109623663190026     
   1.0100499664010689     
   1.0095405396492605     
   1.0099619846690353     
   1.0094249280000580     
   1.0081924818125212     
   1.0074087091425685     
   1.0067847489795496     
   1.0057043791926827     
   1.0045013442086872     
   1.0034976945731984     
   1.0033408271147888     
   1.0039464032278587     
   1.0032555959159026     
   1.0039274381980086     
   1.0017738778134575     
   1.0019233590089183     
   1.0010514451252202     
   1.0009001844339185     
   1.0006098974040194     
  0.99952272500784034     
  0.99813255164683246     
  0.99847267390480177     
  0.99928674026793551     
  0.99901190196781198     
  0.99789551457786563     
  0.99724586178685781     
  0.99667001257542553     
  0.99630675672687186     
  0.99568066868538407     
  0.99515598983903641     
  0.99548924300794916     
  0.99561422715539494     
  0.99547810989448893     
  0.99505132013801345     
  0.99453091459647536     
  0.99501344410099613     
  0.99536198865375636     
  0.99502519630668895     
  0.99429883835163257     
  0.99378156441107712     
  0.99495026917278162     
  0.99562303610783431     
  0.99470790190426484     
  0.99548666564332078     
  0.99560091571237164     
  0.99605932941823061     
  0.99552583378329740     
  0.99575711031851533     
  0.99695530184397052     
  0.99643880551250397     
  0.99676627125822892     
  0.99649251895127100     
  0.99633781474305660     
  0.99566368575064701     
  0.99795705297975068     
  0.99807020991524009     
  0.99915389471255756     
  0.99983221600482675     
   1.0005840567854556     
  0.99994346749666241     
   1.0001135957469869     
   1.0002738070051644     
   1.0004326314308094     
   1.0005692013993830     
   1.0005532930050562     
   1.0002610689581093     
   1.0008418958104166     
   1.0013615898441313     
   1.0018609436127675     
   1.0021384689487465     
   1.0015735289312817     
   1.0037315083339553     
   1.0039898843327568     
   1.0035397130716071     
   1.0034935707290971     
   1.0039951821505928     
   1.0043137437000440     
   1.0039472997945611     
   1.0038659576337279     
   1.0038643000121716     
   1.0036068180035671     
   1.0034672638219293     
   1.0044697021353342     
   1.0046475531728563     
   1.0037525962853155     
   1.0035782787726553     
   1.0031866146795216     
   1.0039505201051768     
   1.0036720783372612     
   1.0043751543806303     
   1.0045663891470449     
   1.0049651602000578     
   1.0050598582781425     
   1.0042942195844009     
   1.0050419725218787     
   1.0048336349840621     
   1.0040267074826006     
   1.0035020652903748     
   1.0033082123840897     
   1.0027044449300633     
   1.0024141750541942     
   1.0025683224249891     
   1.0031206577804812     
   1.0026030655370310     
   1.0022010459746729     
   1.0027142913867535     
   1.0029036841893031     
   1.0022598053042737     
   1.0025266279792351     
   1.0015131652597906     
   1.0010618698695442     
   1.0002732915108346     
  0.99854411294595835     
