 TEMP->   1.2500000000000000     
 DENSITY->  0.94999998807907104     
 N->         864
 CUTOFF->   3.2999999523162842     
 NUM_STEPS->       10000
   0.0000000000000000     
   0.0000000000000000     
   0.0000000000000000     
   0.0000000000000000     
   0.0000000000000000     
   0.0000000000000000     
   0.0000000000000000     
   0.0000000000000000     
   0.0000000000000000     
   0.0000000000000000     
   0.0000000000000000     
   0.0000000000000000     
   0.0000000000000000     
   0.0000000000000000     
   0.0000000000000000     
   0.0000000000000000     
   0.0000000000000000     
   0.0000000000000000     
   0.0000000000000000     
   0.0000000000000000     
   0.0000000000000000     
   0.0000000000000000     
   0.0000000000000000     
   0.0000000000000000     
   0.0000000000000000     
   0.0000000000000000     
   0.0000000000000000     
   0.0000000000000000     
   0.0000000000000000     
   0.0000000000000000     
   0.0000000000000000     
   0.0000000000000000     
   0.0000000000000000     
   0.0000000000000000     
   0.0000000000000000     
   0.0000000000000000     
   0.0000000000000000     
   0.0000000000000000     
   0.0000000000000000     
   0.0000000000000000     
   0.0000000000000000     
   0.0000000000000000     
   0.0000000000000000     
   0.0000000000000000     
   0.0000000000000000     
   0.0000000000000000     
   0.0000000000000000     
   0.0000000000000000     
   0.0000000000000000     
   0.0000000000000000     
   0.0000000000000000     
   0.0000000000000000     
   0.0000000000000000     
   0.0000000000000000     
   0.0000000000000000     
   0.0000000000000000     
   0.0000000000000000     
   0.0000000000000000     
   0.0000000000000000     
   0.0000000000000000     
   0.0000000000000000     
   0.0000000000000000     
   0.0000000000000000     
   0.0000000000000000     
   0.0000000000000000     
   0.0000000000000000     
   0.0000000000000000     
   0.0000000000000000     
   0.0000000000000000     
   0.0000000000000000     
   0.0000000000000000     
   0.0000000000000000     
   0.0000000000000000     
   0.0000000000000000     
   0.0000000000000000     
   0.0000000000000000     
   0.0000000000000000     
   0.0000000000000000     
   0.0000000000000000     
   0.0000000000000000     
   0.0000000000000000     
   0.0000000000000000     
   0.0000000000000000     
   0.0000000000000000     
   0.0000000000000000     
   0.0000000000000000     
   7.5240473341856506E-005
   4.4118311052703809E-004
   1.8242191438947054E-003
   6.4852358464329444E-003
   1.9461872802828222E-002
   4.8752872363555050E-002
  0.10495161415027607     
  0.20006357465628802     
  0.33881479300177586     
  0.52937509961075269     
  0.77010986909029477     
   1.0530260300214465     
   1.3519004038806386     
   1.6644079567747374     
   1.9600777766250708     
   2.2371254724917313     
   2.4771489541140959     
   2.6772378922804410     
   2.8391387976867000     
   2.9462151646807380     
   3.0188379327343489     
   3.0420436030635525     
   3.0301722426570250     
   2.9827082656674277     
   2.9230795920298811     
   2.8382759983433927     
   2.7371629365441525     
   2.6193905401883377     
   2.4966494950960665     
   2.3708446614509917     
   2.2379779766057952     
   2.1056749680850104     
   1.9801255612873894     
   1.8587625051686665     
   1.7474770704852347     
   1.6301189733897399     
   1.5154854590904563     
   1.4108322312840509     
   1.3136168090045999     
   1.2197052665427821     
   1.1353007630521392     
   1.0524260772784413     
  0.98184028228659437     
  0.91409953579889280     
  0.85194699725887935     
  0.79398463660425433     
  0.74093478977790539     
  0.69424285025414878     
  0.65064452212617785     
  0.61522694968811364     
  0.58371173248189234     
  0.55709455361937643     
  0.53171478614499534     
  0.51074971159871829     
  0.49243098565810167     
  0.48321502908017172     
  0.47311278664290907     
  0.46777964460990629     
  0.46484005375224874     
  0.46373958871581494     
  0.46427466173832183     
  0.46716090972027269     
  0.47110717640653482     
  0.47716207548417616     
  0.48534448042382200     
  0.49129591816252066     
  0.49946740381510241     
  0.50955836392936760     
  0.52001393858158262     
  0.53081037485365512     
  0.53830750025387919     
  0.54855754476515928     
  0.55751932640562729     
  0.56562790280217912     
  0.57277281485078335     
  0.58081139236891399     
  0.58951797620758661     
  0.59629415836626354     
  0.60308632515422322     
  0.61183366581143261     
  0.61997645317294359     
  0.63100853971721926     
  0.64064323807007784     
  0.65473104935603321     
  0.67028299413877868     
  0.68726492517990168     
  0.70795053616447134     
  0.73222872184439547     
  0.75860793716351305     
  0.79008253700803421     
  0.82152437119154653     
  0.85784668857975921     
  0.89784787581538872     
  0.93987120425219528     
  0.98442381752929597     
   1.0324429983777210     
   1.0785782778566981     
   1.1245527060657166     
   1.1731657551136994     
   1.2224575058084808     
   1.2688308470978429     
   1.3094980495619242     
   1.3470641880570011     
   1.3823918161164519     
   1.4132683861068633     
   1.4406487737944647     
   1.4613142794423850     
   1.4754827079746540     
   1.4868349966015901     
   1.4903851076620531     
   1.4902351289372684     
   1.4891537593244082     
   1.4783836382881597     
   1.4632092046268881     
   1.4474741387051677     
   1.4273116654405211     
   1.4085339492297351     
   1.3833207158536320     
   1.3558606497897192     
   1.3299204956813477     
   1.3000995468508403     
   1.2723020593462693     
   1.2445324444090691     
   1.2184085457891090     
   1.1917734535677089     
   1.1634478016436822     
   1.1389962230705937     
   1.1129434474931994     
   1.0884705332172468     
   1.0669385635196160     
   1.0460614590877104     
   1.0261161049642880     
   1.0061228337037538     
  0.98941192711348380     
  0.97157382406504755     
  0.95381183422857463     
  0.93776947196317162     
  0.92535526128050338     
  0.91442795074843952     
  0.90169462772155751     
  0.89209472725426564     
  0.88195625953278245     
  0.87521919502249890     
  0.86850978387590316     
  0.86334914244996475     
  0.86131061317459667     
  0.85839672934384492     
  0.85828217323578437     
  0.85677498151311304     
  0.85773043787316283     
  0.86011836632572913     
  0.86216937041819486     
  0.86811975631073646     
  0.87267347056217637     
  0.87647953447336036     
  0.88251939964855342     
  0.88896745803411970     
  0.89404997487443461     
  0.90257528560798950     
  0.90642234462850713     
  0.91313008493117021     
  0.91851384941790981     
  0.92457689527575915     
  0.92932091107686743     
  0.93432274125567960     
  0.93687039372524028     
  0.93878942736318383     
  0.93885258022040097     
  0.93668913440550805     
  0.93555786054784296     
  0.93088738701558338     
  0.92674857167789471     
  0.92074528245295739     
  0.91574718860092530     
  0.90786721153975447     
  0.90107179816393002     
  0.89307181377440015     
  0.88549336908843979     
  0.87590269316580960     
  0.86827488578586109     
  0.86127597175285275     
  0.85382660185211212     
  0.84864847358871165     
  0.84430828368902022     
  0.83964575150557175     
  0.83860711897921558     
  0.83914586845092476     
  0.84286148096605773     
  0.84747668796821707     
  0.85580603636968799     
  0.86376288491892583     
  0.87619757135610055     
  0.89015617622213317     
  0.90474826963150534     
  0.92394837341930347     
  0.94291773066052720     
  0.96494849956876361     
  0.98760029999792065     
   1.0114496295541482     
   1.0358952497957594     
   1.0606653997632662     
   1.0865756695411652     
   1.1119555953876912     
   1.1373657981269902     
   1.1607128330751268     
   1.1827674552653535     
   1.2053172771673064     
   1.2247395486745545     
   1.2410461832456368     
   1.2538632615420717     
   1.2649935952823628     
   1.2741439033987647     
   1.2811660190656511     
   1.2839587128989183     
   1.2827584608445002     
   1.2782077682562327     
   1.2707207664081421     
   1.2623382337661400     
   1.2504345769363039     
   1.2371441921460611     
   1.2198705510174954     
   1.2016121184958444     
   1.1819762617524137     
   1.1609670731690989     
   1.1390192084008992     
   1.1169390709919038     
   1.0936459688292866     
   1.0714088450191470     
   1.0494523943991532     
   1.0274767774425837     
   1.0064685285684414     
  0.98723453634389857     
  0.96959302289673466     
  0.95253340760284999     
  0.93775900257692213     
  0.92459453830939020     
  0.91379134177241284     
  0.90447003414083915     
  0.89602425909014682     
  0.89105927491616510     
  0.88775329367204259     
  0.88425545032419939     
  0.88454381035806862     
  0.88524401657224927     
  0.88701984614709306     
  0.89001363519358689     
  0.89717539669913138     
  0.90361524524373715     
  0.90847008411258523     
  0.91551018928565531     
  0.92161216674365942     
  0.92830347422014814     
  0.93489940307190922     
  0.94135278176619619     
  0.94872130018393430     
  0.95232625292132511     
  0.95794555289912175     
  0.96191478750688841     
  0.96543190465899664     
  0.96799601392219259     
  0.97172213535956908     
  0.97165929753409330     
  0.97274304097839226     
  0.97296238676109748     
  0.97415686296924719     
  0.97330002172593399     
  0.97136702686562271     
  0.96828869821204233     
  0.96677062094820188     
  0.96301916488711381     
  0.95842082745533885     
  0.95638748870773205     
  0.95152238912555653     
  0.94796653962830535     
  0.94398687645098456     
  0.94021478941161951     
  0.93695814932549182     
  0.93315199224326917     
  0.92938016320263506     
  0.92727154415557567     
  0.92446997517884955     
  0.92185746799211876     
  0.92013786028887989     
  0.91782871695767665     
  0.91663512585334861     
  0.91702756331315138     
  0.91748680297204643     
  0.91856727032149021     
  0.91913023453271758     
  0.92176248665224669     
  0.92402297586500359     
  0.92843517384025098     
  0.93239372260453557     
  0.93769010452174040     
  0.94312435637010128     
  0.95036310107431965     
  0.95714063992486476     
  0.96579463833308010     
  0.97511366938736677     
  0.98584273060013372     
  0.99701573719940351     
   1.0078362502765450     
   1.0200399541109024     
   1.0326834523152433     
   1.0458532120528188     
   1.0602310795594316     
   1.0739851858274443     
   1.0880352911940541     
   1.1002365235905534     
   1.1142198989297536     
   1.1276617689198905     
   1.1404513286504587     
   1.1513161465482142     
   1.1623321863451936     
   1.1734460688297772     
   1.1808790519208692     
   1.1879552403271139     
   1.1934583492807995     
   1.1980415466387153     
   1.2005850832107605     
   1.2024651842084089     
   1.2027753350684882     
   1.1994299699617006     
   1.1952780704563555     
   1.1898465301317247     
   1.1817060808409103     
   1.1719461012723820     
   1.1614053120120817     
   1.1483020922097198     
   1.1352623836747613     
   1.1217829294059805     
   1.1068134666285070     
   1.0920396064320010     
   1.0760808297735343     
   1.0586499740035411     
   1.0424465426013090     
   1.0258604037899484     
   1.0101006865451831     
  0.99433376941817608     
  0.97847835797421956     
  0.96414513332736262     
  0.95074339723356316     
  0.93716103409582252     
  0.92503024543483181     
  0.91383308922459250     
  0.90282549031124415     
  0.89356437136487299     
  0.88520902902125265     
  0.87782171073511628     
  0.87145353605503861     
  0.86560861723299543     
  0.86154227681579520     
  0.85693437112141557     
  0.85400281818046286     
  0.85132752918049448     
  0.84911575268271722     
  0.84869059340985342     
  0.84787147306892918     
  0.84722886295157207     
  0.84853725859318119     
  0.84842890935834803     
  0.84974484573880704     
  0.85135330731949488     
  0.85417741641532940     
  0.85701964491395088     
  0.86040476308902725     
  0.86374754273400967     
  0.86786332319598036     
  0.87273937059451434     
  0.87737584197520491     
  0.88388606602413511     
  0.89000133026249617     
  0.89530672515235277     
  0.90259756845678396     
  0.91011760959227905     
  0.91786612754283614     
  0.92678777766183151     
  0.93491535264027781     
  0.94436395894795966     
  0.95312698736464008     
  0.96210350531505306     
  0.97201967827146396     
  0.98133458004064644     
  0.99083809421330582     
   1.0013159285050308     
   1.0113795124801321     
   1.0210504272312937     
   1.0305354647686644     
   1.0404134478904143     
   1.0500091299140213     
   1.0584944961067742     
   1.0684414639871180     
   1.0769108951425064     
   1.0859892522976367     
   1.0945483374898430     
   1.1029642254154832     
   1.1100424745533350     
   1.1171708739569133     
   1.1137086200257635     
