 TEMP->  0.50000000000000000     
 DENSITY->   1.2000000000000000     
 N->         256
   0.0000000000000000     
   0.0000000000000000     
   0.0000000000000000     
   0.0000000000000000     
   0.0000000000000000     
   0.0000000000000000     
   0.0000000000000000     
   0.0000000000000000     
   0.0000000000000000     
   0.0000000000000000     
   0.0000000000000000     
   0.0000000000000000     
   0.0000000000000000     
   0.0000000000000000     
   0.0000000000000000     
   0.0000000000000000     
   0.0000000000000000     
   0.0000000000000000     
   0.0000000000000000     
   0.0000000000000000     
   0.0000000000000000     
   0.0000000000000000     
   0.0000000000000000     
   0.0000000000000000     
   0.0000000000000000     
   0.0000000000000000     
   0.0000000000000000     
   0.0000000000000000     
   0.0000000000000000     
   0.0000000000000000     
   0.0000000000000000     
   0.0000000000000000     
   0.0000000000000000     
   0.0000000000000000     
   0.0000000000000000     
   0.0000000000000000     
   0.0000000000000000     
   0.0000000000000000     
   0.0000000000000000     
   0.0000000000000000     
   0.0000000000000000     
   0.0000000000000000     
   0.0000000000000000     
   0.0000000000000000     
   0.0000000000000000     
   0.0000000000000000     
   0.0000000000000000     
   0.0000000000000000     
   0.0000000000000000     
   0.0000000000000000     
   0.0000000000000000     
   0.0000000000000000     
   0.0000000000000000     
   0.0000000000000000     
   0.0000000000000000     
   0.0000000000000000     
   0.0000000000000000     
   0.0000000000000000     
   0.0000000000000000     
   0.0000000000000000     
   0.0000000000000000     
   0.0000000000000000     
   0.0000000000000000     
   0.0000000000000000     
   0.0000000000000000     
   0.0000000000000000     
   0.0000000000000000     
   0.0000000000000000     
   0.0000000000000000     
   0.0000000000000000     
   0.0000000000000000     
   0.0000000000000000     
   0.0000000000000000     
   0.0000000000000000     
   0.0000000000000000     
   0.0000000000000000     
   0.0000000000000000     
   0.0000000000000000     
   0.0000000000000000     
   0.0000000000000000     
   0.0000000000000000     
   0.0000000000000000     
   0.0000000000000000     
   0.0000000000000000     
   0.0000000000000000     
   0.0000000000000000     
   0.0000000000000000     
   0.0000000000000000     
   0.0000000000000000     
   0.0000000000000000     
   0.0000000000000000     
   2.0707862008849428E-004
   8.5102687550629838E-004
   7.1393180443584045E-003
   3.1567077368050929E-002
  0.10485640522277356     
  0.29322661159564417     
  0.68412969053591643     
   1.3311835546730517     
   2.3089334902874468     
   3.5062381548299739     
   4.8473143378715680     
   6.0874915990819014     
   6.9158877849100362     
   7.3487468298837104     
   7.2779459919978819     
   6.7500242441411356     
   5.9824440261044582     
   4.9852496416442671     
   3.9536240924161312     
   3.0079108644232382     
   2.1525957851174247     
   1.5103396997694403     
  0.99730358092932603     
  0.64118423287551707     
  0.38452899422827985     
  0.22747870473248905     
  0.13197887839672084     
   7.4819254042888667E-002
   3.8218739865961741E-002
   2.2375510015084244E-002
   1.2260985906792499E-002
   5.8459593328124186E-003
   2.7280653968340088E-003
   4.9214312665653423E-004
   2.6418079363096784E-004
   0.0000000000000000     
   1.4930870082892762E-004
   1.8899212152581352E-004
   4.7554951741119697E-004
   1.4863095999603111E-003
   2.8473724904404846E-003
   5.6288613280766732E-003
   8.9301262798970552E-003
   1.5084732382661939E-002
   2.4758911495149149E-002
   4.5259079200325250E-002
   7.9045894781087880E-002
  0.12611786852720042     
  0.19138317161745164     
  0.28424117806405569     
  0.40553264693278313     
  0.56708295403988551     
  0.73419268731410270     
  0.90538973184683247     
   1.0755615020511637     
   1.2628935723972929     
   1.4100169768442887     
   1.4890493925950994     
   1.4994169834032491     
   1.4507925837789155     
   1.3197142057264519     
   1.1622229570453115     
  0.99505385084392362     
  0.80771195927234951     
  0.63436928002079374     
  0.46840662368063102     
  0.32940652926442282     
  0.23495517345048367     
  0.15356575017355134     
   9.7264717524568972E-002
   5.7803206181614539E-002
   3.5033743077731765E-002
   2.0429253159248005E-002
   1.1276084291842013E-002
   7.0892366965624775E-003
   7.9424171949808876E-003
   1.4435128894117548E-002
   3.0384914016080511E-002
   5.5565260659223417E-002
  0.10417700484468842     
  0.18253002409844049     
  0.31398394025612919     
  0.51307186648926850     
  0.79439317881448068     
   1.1635377919501824     
   1.6218376752491424     
   2.1403213210839751     
   2.7020521826688118     
   3.2197003362266319     
   3.7022970352004934     
   4.0090897295440557     
   4.1297646030551656     
   4.0938247904347040     
   3.8164346454926403     
   3.4461610155954134     
   2.9578197967554232     
   2.4407438037625866     
   1.8973719704383676     
   1.4343329630552519     
   1.0411193628797786     
  0.72335923811140146     
  0.47695527117543574     
  0.29905695015881900     
  0.18711888417965952     
  0.11110756772526934     
   6.7036626141045746E-002
   4.8331756542319089E-002
   4.5769195386373605E-002
   6.2578840570342367E-002
  0.10077904544219211     
  0.16270388311232947     
  0.26008510656629225     
  0.39678583828579272     
  0.56594519948836386     
  0.75607217171291408     
  0.96494956969143431     
   1.1627606159865331     
   1.3432856054175681     
   1.4617625998621462     
   1.5296975676326676     
   1.5350329074545477     
   1.4673982330135158     
   1.3353350711860790     
   1.1628594402272101     
  0.96381135949808927     
  0.77177083703992877     
  0.59085815258170160     
  0.44108485567120975     
  0.31834968799117019     
  0.22113832405192932     
  0.16346907974599736     
  0.13693560697903320     
  0.13966962021506249     
  0.17522119942312683     
  0.25170607434309983     
  0.36645659058193075     
  0.51812861849922354     
  0.72682685085087750     
  0.95202729951383236     
   1.2140378603531832     
   1.4989865946200451     
   1.7770870947946107     
   2.0207618543300216     
   2.2007127309558672     
   2.2980765965718057     
   2.3120546559936050     
   2.2243237200297687     
   2.0475607900335397     
   1.8131498300655975     
   1.5447792365091608     
   1.2639809299050899     
  0.99281133658879150     
  0.74712663649692834     
  0.54370759834356963     
  0.39087364433960647     
  0.27878206919636672     
  0.20393754813475939     
  0.17087760769577273     
  0.16551679978031145     
  0.18385859867622964     
  0.23086492710975418     
  0.29724501492762495     
  0.37810152376181477     
  0.46217740020901588     
  0.54917198325594152     
  0.61346447534764470     
  0.65825241771143272     
  0.67076022504942645     
  0.65568335170057734     
  0.61937763905779986     
  0.55873039982044570     
  0.48574309729320075     
  0.40392254000300254     
  0.33738905037864952     
  0.29166824221609783     
  0.26225559934932297     
  0.27721009830529830     
  0.33634300056974287     
  0.46395487201628116     
  0.65065823934989897     
  0.91387528288073117     
   1.2448349446197231     
   1.6314453121498533     
   2.0422691740252010     
   2.4787459810212007     
   2.8539108268228541     
   3.1438643840529079     
   3.3121291508749766     
   3.3650233098951974     
   3.2771849596286531     
   3.0626924975118803     
   2.7280785750413714     
   2.3344753226538391     
   1.9091272054091584     
   1.5227283757218444     
   1.1486258389698127     
  0.85309477352292151     
  0.62745709902414393     
  0.45412786241139297     
  0.34078400586645319     
  0.28060245060451244     
  0.25671682535731705     
  0.26115321834781868     
  0.27919651006725299     
  0.30935944662311105     
  0.33270837413190091     
  0.35077706862032010     
  0.29717947991284910     
