 TEMP->   3.0000000000000000     
 DENSITY->  0.87999999523162842     
 N->         864
 CUTOFF->   3.2999999523162842     
 NUM_STEPS->       10000
   0.0000000000000000     
   0.0000000000000000     
   0.0000000000000000     
   0.0000000000000000     
   0.0000000000000000     
   0.0000000000000000     
   0.0000000000000000     
   0.0000000000000000     
   0.0000000000000000     
   0.0000000000000000     
   0.0000000000000000     
   0.0000000000000000     
   0.0000000000000000     
   0.0000000000000000     
   0.0000000000000000     
   0.0000000000000000     
   0.0000000000000000     
   0.0000000000000000     
   0.0000000000000000     
   0.0000000000000000     
   0.0000000000000000     
   0.0000000000000000     
   0.0000000000000000     
   0.0000000000000000     
   0.0000000000000000     
   0.0000000000000000     
   0.0000000000000000     
   0.0000000000000000     
   0.0000000000000000     
   0.0000000000000000     
   0.0000000000000000     
   0.0000000000000000     
   0.0000000000000000     
   0.0000000000000000     
   0.0000000000000000     
   0.0000000000000000     
   0.0000000000000000     
   0.0000000000000000     
   0.0000000000000000     
   0.0000000000000000     
   0.0000000000000000     
   0.0000000000000000     
   0.0000000000000000     
   0.0000000000000000     
   0.0000000000000000     
   0.0000000000000000     
   0.0000000000000000     
   0.0000000000000000     
   0.0000000000000000     
   0.0000000000000000     
   0.0000000000000000     
   0.0000000000000000     
   0.0000000000000000     
   0.0000000000000000     
   0.0000000000000000     
   0.0000000000000000     
   0.0000000000000000     
   0.0000000000000000     
   0.0000000000000000     
   0.0000000000000000     
   0.0000000000000000     
   0.0000000000000000     
   0.0000000000000000     
   0.0000000000000000     
   0.0000000000000000     
   0.0000000000000000     
   0.0000000000000000     
   0.0000000000000000     
   0.0000000000000000     
   0.0000000000000000     
   0.0000000000000000     
   0.0000000000000000     
   0.0000000000000000     
   0.0000000000000000     
   0.0000000000000000     
   0.0000000000000000     
   0.0000000000000000     
   0.0000000000000000     
   0.0000000000000000     
   0.0000000000000000     
   9.7018858409644627E-006
   1.2304842400870632E-004
   6.9278948452793337E-004
   2.9456408288329578E-003
   9.5740833697049964E-003
   2.5855493029508205E-002
   6.0084470669694294E-002
  0.11950999783708953     
  0.21259371676778530     
  0.34438852631841549     
  0.51447958456784926     
  0.71000957199656289     
  0.93030308330764777     
   1.1535544216252140     
   1.3782601013033735     
   1.5841038243559362     
   1.7730346888294481     
   1.9267015949629422     
   2.0541988673267415     
   2.1467624208074878     
   2.2210010178816182     
   2.2573118300140882     
   2.2750122771633019     
   2.2615453627375133     
   2.2386772535853416     
   2.1975536715306707     
   2.1562533900206398     
   2.0998464712995020     
   2.0356867717095977     
   1.9761595500955129     
   1.9099155010430910     
   1.8437622721386793     
   1.7797714234660260     
   1.7100431710598554     
   1.6463994336598451     
   1.5861910097898844     
   1.5264349046647503     
   1.4705025655446282     
   1.4142598912840803     
   1.3630407943317915     
   1.3130213029096953     
   1.2669158944846022     
   1.2247715016194247     
   1.1825439909328848     
   1.1434539327699820     
   1.1064924953583066     
   1.0710250410401565     
   1.0417096349068651     
   1.0147726514028910     
  0.98549986315769822     
  0.95844270963881639     
  0.93384149367527003     
  0.90837526289250159     
  0.88909459046502315     
  0.86847524335679993     
  0.85246207031601196     
  0.83641829110371801     
  0.82107857857805311     
  0.80929633519616406     
  0.79635558947566409     
  0.78785200083631779     
  0.77690740088579635     
  0.76650405123939469     
  0.75851552448805060     
  0.75017813618783846     
  0.74512862930786894     
  0.74189056096912320     
  0.73821492480047390     
  0.73472463073337113     
  0.73212118339608501     
  0.72847908144049456     
  0.73028897823074190     
  0.73059666559523839     
  0.73129509587283859     
  0.73322682333286160     
  0.73553821506684680     
  0.73886544092468631     
  0.74131751499616982     
  0.74658461661238396     
  0.75289906347742064     
  0.75863013546330427     
  0.76747958707165154     
  0.77544252655262769     
  0.78172546399298826     
  0.79005940415034026     
  0.79916453678432298     
  0.80961158226887675     
  0.82128493594978402     
  0.83240796198428224     
  0.84574616095579269     
  0.85749099293862452     
  0.86829027514257584     
  0.88255297285042045     
  0.89671136649216709     
  0.91105252695005978     
  0.92387663987007163     
  0.93914560647250300     
  0.95355849747162635     
  0.96936032677885209     
  0.98200051589876114     
  0.99768272325005669     
   1.0141801883163390     
   1.0278409501651318     
   1.0407405791995872     
   1.0539953629089163     
   1.0674253302605370     
   1.0782509977414754     
   1.0921309605845659     
   1.1031297797865152     
   1.1133174089451441     
   1.1243991326437022     
   1.1360121801149348     
   1.1421604557721323     
   1.1499257948830612     
   1.1557303300369659     
   1.1600896159783478     
   1.1635558697132544     
   1.1669651477553522     
   1.1687272845413801     
   1.1692408102458400     
   1.1671341479647208     
   1.1681998698345513     
   1.1649310026851489     
   1.1618211229869437     
   1.1591050797719777     
   1.1541034924159352     
   1.1488871567430126     
   1.1422685224842926     
   1.1349851650126799     
   1.1256035205227652     
   1.1178908127447889     
   1.1095265179923997     
   1.1031085386767439     
   1.0929591660026727     
   1.0832758820721589     
   1.0754288262396616     
   1.0661305226387217     
   1.0581499306713751     
   1.0503283828119618     
   1.0419096052141028     
   1.0336137905327556     
   1.0259918027398698     
   1.0152450186595379     
   1.0096554120755155     
   1.0014420882559281     
  0.99588673859110544     
  0.98895232519336607     
  0.98187068722048576     
  0.97562423730598724     
  0.96984981072206933     
  0.96560716114507816     
  0.95891404126272495     
  0.95383494929385459     
  0.94806527956398068     
  0.94379283035415484     
  0.94095559941522033     
  0.93822317966780955     
  0.93374484525058910     
  0.93109239061483651     
  0.92876177295992535     
  0.92460972021347820     
  0.92515853861747799     
  0.92409420883551174     
  0.92409449809176736     
  0.92386194063509997     
  0.92417101390386158     
  0.92419255120001254     
  0.92532521583496030     
  0.92595906904857928     
  0.92668838691164479     
  0.92848970132284725     
  0.92984613773350444     
  0.93299372625897614     
  0.93531013418768227     
  0.93668520417015266     
  0.94035268534321548     
  0.94341222017826754     
  0.94540478638153314     
  0.95006402585442640     
  0.95194150865221105     
  0.95606357460153668     
  0.96158981122488618     
  0.96390084391377162     
  0.96760640781597196     
  0.97115239645689300     
  0.97510756197841331     
  0.97977430400800780     
  0.98415377177642838     
  0.98782320882576258     
  0.99172252053157917     
  0.99645093354869796     
   1.0004688010368077     
   1.0043126246467118     
   1.0075575228304852     
   1.0095623821358928     
   1.0139977381051284     
   1.0165137251370524     
   1.0198374959427725     
   1.0230911854365206     
   1.0254342263910701     
   1.0286719920414720     
   1.0304386614116239     
   1.0328291927297486     
   1.0350047466486667     
   1.0367770368480553     
   1.0396371011494698     
   1.0392952342325819     
   1.0403877873069283     
   1.0416086913796632     
   1.0428676946663447     
   1.0438577302552376     
   1.0441050298518153     
   1.0436171401859293     
   1.0431089709351444     
   1.0441221029588312     
   1.0445377318922409     
   1.0423299137204429     
   1.0408358748867630     
   1.0404511598104982     
   1.0400829448666602     
   1.0375816338438493     
   1.0351947745887748     
   1.0335805332026671     
   1.0316788415976348     
   1.0303177295840493     
   1.0283471517459766     
   1.0261935938500328     
   1.0231448675868697     
   1.0215829928247471     
   1.0198490427491289     
   1.0166843729210668     
   1.0151830673803890     
   1.0130532839749424     
   1.0119178750019475     
   1.0082518761171952     
   1.0053604085202794     
   1.0034890780439727     
   1.0002864609411148     
  0.99779773773710534     
  0.99581159852371026     
  0.99350598293366843     
  0.99303491175560610     
  0.99183626489196031     
  0.99126483464885506     
  0.98889181003228832     
  0.98695406314907674     
  0.98499669633472275     
  0.98354030713410134     
  0.98250712017010855     
  0.98130677584278792     
  0.98093715343364718     
  0.98007526733939276     
  0.97941507179786369     
  0.97936262274533092     
  0.97850158225583028     
  0.97847736128916096     
  0.97801157409661565     
  0.97828605974043170     
  0.97805061735784216     
  0.97835934585886286     
  0.97777832626043815     
  0.97879311268325908     
  0.97952803236989094     
  0.97928634628444033     
  0.97926581036445592     
  0.98096734384315276     
  0.98111628438905885     
  0.98140814395872078     
  0.98369487919591625     
  0.98439548522781040     
  0.98677849281372942     
  0.98633333228022124     
  0.98743034123633577     
  0.98912236292514133     
  0.99141146198231078     
  0.99269575016700240     
  0.99320274281950072     
  0.99377478661679852     
  0.99559475182230517     
  0.99614836422145070     
  0.99796653822193038     
  0.99855946699029219     
  0.99853213856594170     
   1.0008430648970348     
   1.0018342357545185     
   1.0041250216636262     
   1.0051968841582337     
   1.0060405033048694     
   1.0072844270875216     
   1.0080160386313524     
   1.0088634041791906     
   1.0105914572463446     
   1.0104803754016238     
   1.0113183415951523     
   1.0120491324437093     
   1.0126687745870808     
   1.0132159664389468     
   1.0132234477621800     
   1.0120729156986052     
   1.0130452111493446     
   1.0129246317498497     
   1.0128603660257030     
   1.0129709987403233     
   1.0138965892064933     
   1.0141028495909246     
   1.0135299912003533     
   1.0120211755596895     
   1.0125766594316121     
   1.0137043815542823     
   1.0122205629099332     
   1.0122994320842447     
   1.0113400455085455     
   1.0110943167287367     
   1.0113800702645639     
   1.0107248350471969     
   1.0107101328640744     
   1.0094812597875287     
   1.0084084511124232     
   1.0068947567424902     
   1.0072318621616221     
   1.0069581839846777     
   1.0062943417722543     
   1.0060137677527916     
   1.0045921782671923     
   1.0039859119151680     
   1.0035749003744001     
   1.0027437214829862     
   1.0022834286539650     
   1.0011799011004219     
   1.0014325257299175     
   1.0000218452405905     
  0.99962911788263265     
  0.99914271886223616     
  0.99700545007500485     
  0.99758747741618703     
  0.99755438877740432     
  0.99643153991976607     
  0.99569669437424224     
  0.99559441624784750     
  0.99566614218124450     
  0.99444815252923990     
  0.99434780800281708     
  0.99477121199594698     
  0.99409717398722530     
  0.99392759063396330     
  0.99393428395489203     
  0.99404427432822895     
  0.99413238320174657     
  0.99389645096842372     
  0.99398411843555079     
  0.99369262813418069     
  0.99334453605727457     
  0.99439294800003564     
  0.99419263314411199     
  0.99514241926491032     
  0.99566140663784330     
  0.99570334434624830     
  0.99598894788909820     
  0.99708294262747010     
  0.99620138619325949     
  0.99706460124417196     
  0.99771733271644891     
  0.99756978722015199     
  0.99816266138718068     
  0.99840896513834743     
  0.99820796205407392     
  0.99890171907184022     
  0.99869386612094513     
  0.99933359772429620     
  0.99906948940493912     
  0.99930055085700387     
   1.0002502927700032     
   1.0009889570876906     
   1.0011809993069869     
   1.0003641896248414     
   1.0005298097744402     
   1.0020403924939112     
   1.0023574550725889     
   1.0026245389226118     
   1.0021535513448887     
   1.0017957845445320     
   1.0018182092719099     
   1.0024765149309474     
   1.0030464614460803     
   1.0032546800839732     
   1.0030541674661189     
   1.0036613261755394     
   1.0037741980606365     
   1.0040725982830940     
   1.0044646919888169     
   1.0049762581852342     
   1.0053382356187579     
   1.0049698620486114     
   1.0057718946106111     
   1.0058048603134058     
   1.0051592563120240     
   1.0052808176980774     
   1.0056536715108100     
   1.0044999029357746     
   1.0047612610967065     
   1.0040911601840474     
   1.0039690778513521     
   1.0035608631652382     
   1.0046391518923818     
   1.0045400223654364     
   1.0041572092546809     
   1.0037889743688313     
   1.0031355074339541     
   1.0029263322741504     
   1.0031874239440683     
   1.0030689827734933     
   1.0033300263327845     
   1.0022975533370879     
   1.0030903276729803     
   1.0028294395133963     
   1.0022021067224200     
   1.0022883509802680     
