 TEMP->   3.0000000000000000     
 DENSITY->  0.29999999999999999     
 N->         864
 CUTOFF->   3.2000000476837158     
 NUM_STEPS->       10000
   0.0000000000000000     
   0.0000000000000000     
   0.0000000000000000     
   0.0000000000000000     
   0.0000000000000000     
   0.0000000000000000     
   0.0000000000000000     
   0.0000000000000000     
   0.0000000000000000     
   0.0000000000000000     
   0.0000000000000000     
   0.0000000000000000     
   0.0000000000000000     
   0.0000000000000000     
   0.0000000000000000     
   0.0000000000000000     
   0.0000000000000000     
   0.0000000000000000     
   0.0000000000000000     
   0.0000000000000000     
   0.0000000000000000     
   0.0000000000000000     
   0.0000000000000000     
   0.0000000000000000     
   0.0000000000000000     
   0.0000000000000000     
   0.0000000000000000     
   0.0000000000000000     
   0.0000000000000000     
   0.0000000000000000     
   0.0000000000000000     
   0.0000000000000000     
   0.0000000000000000     
   0.0000000000000000     
   0.0000000000000000     
   0.0000000000000000     
   0.0000000000000000     
   0.0000000000000000     
   0.0000000000000000     
   0.0000000000000000     
   0.0000000000000000     
   0.0000000000000000     
   0.0000000000000000     
   0.0000000000000000     
   0.0000000000000000     
   0.0000000000000000     
   0.0000000000000000     
   0.0000000000000000     
   0.0000000000000000     
   0.0000000000000000     
   0.0000000000000000     
   0.0000000000000000     
   0.0000000000000000     
   0.0000000000000000     
   0.0000000000000000     
   0.0000000000000000     
   0.0000000000000000     
   0.0000000000000000     
   0.0000000000000000     
   0.0000000000000000     
   0.0000000000000000     
   0.0000000000000000     
   0.0000000000000000     
   0.0000000000000000     
   0.0000000000000000     
   0.0000000000000000     
   0.0000000000000000     
   0.0000000000000000     
   0.0000000000000000     
   0.0000000000000000     
   0.0000000000000000     
   0.0000000000000000     
   0.0000000000000000     
   0.0000000000000000     
   0.0000000000000000     
   0.0000000000000000     
   0.0000000000000000     
   0.0000000000000000     
   0.0000000000000000     
   0.0000000000000000     
   0.0000000000000000     
   1.8509848297593339E-005
   1.5354267603524103E-004
   6.3481565273316607E-004
   2.1437493731884492E-003
   6.4246461098445787E-003
   1.6990509433626087E-002
   3.4822616284067770E-002
   6.5136932794156652E-002
  0.10978935439974945     
  0.17728452009204618     
  0.25651872461784031     
  0.34703934937040520     
  0.45790204399882833     
  0.57285796644368270     
  0.68733195335118213     
  0.80384107471694100     
  0.92154181767638221     
   1.0290688461459572     
   1.1211431311897606     
   1.2056667366141842     
   1.2715198435640496     
   1.3355339793414656     
   1.3878275861027358     
   1.4221787163667958     
   1.4520072746199886     
   1.4726870625015400     
   1.4856204822731389     
   1.4969883688480561     
   1.4997380412540904     
   1.4903927092083917     
   1.4883887700368124     
   1.4801245019227447     
   1.4739567514710774     
   1.4618227436936071     
   1.4452181341199413     
   1.4323763828682246     
   1.4128234507578941     
   1.4031359105209551     
   1.3795914440766490     
   1.3607047898767832     
   1.3419381338987351     
   1.3288030040411540     
   1.3128121641918067     
   1.2934771815411945     
   1.2790153176407308     
   1.2649394738012592     
   1.2551696859856469     
   1.2375602687221947     
   1.2153503944467678     
   1.2037262583186628     
   1.1960536316532249     
   1.1812229863102890     
   1.1691601405306709     
   1.1558289259113306     
   1.1360459829461962     
   1.1278814250153621     
   1.1152942582626639     
   1.1067781330192104     
   1.0995910921755581     
   1.0958683949287558     
   1.0851743034753931     
   1.0757733542028471     
   1.0687521724021811     
   1.0599992366796871     
   1.0553574934860881     
   1.0459399083669478     
   1.0399518279252655     
   1.0335027772215228     
   1.0305514643879723     
   1.0241863906324333     
   1.0187159056513024     
   1.0088860292725299     
   1.0020714024040223     
  0.99926258981823168     
  0.99783609585687849     
  0.99038572424383220     
  0.98653274753082054     
  0.98421253236063100     
  0.97837625142922879     
  0.97531470157881317     
  0.97370086528210509     
  0.97101913383441496     
  0.96953265299583291     
  0.96867151329272816     
  0.96447234564918816     
  0.96372987768105267     
  0.96119880726636864     
  0.96194862147100624     
  0.96259034470058957     
  0.95774582044439738     
  0.95593938681091761     
  0.95558953372663080     
  0.95772056932377048     
  0.96018629077934725     
  0.95819674304198987     
  0.95882490086774730     
  0.95453730603596976     
  0.95690687565771149     
  0.95845860901702951     
  0.95735876190070623     
  0.96108422021995565     
  0.96354487994026639     
  0.96500770013276438     
  0.96614028840593691     
  0.96655286880772218     
  0.97023435269295732     
  0.97272288201791546     
  0.97383598668317728     
  0.97710375518659909     
  0.97711224234196148     
  0.97621235363110326     
  0.98075614723686744     
  0.98219882995212349     
  0.98507780329539874     
  0.98810879518592321     
  0.98834139326706882     
  0.98886849842196656     
  0.98732536536113735     
  0.99029974977686130     
  0.99442586887475326     
  0.99837153921889787     
   1.0029075436986783     
   1.0028620125850425     
   1.0008349578333831     
   1.0026165480724747     
   1.0045200377431651     
   1.0096027562247829     
   1.0064138150983852     
   1.0090983990288116     
   1.0092282928944567     
   1.0077687045279500     
   1.0086837209805188     
   1.0070990965541204     
   1.0105451572970636     
   1.0101749893748191     
   1.0119587507614713     
   1.0137905254556823     
   1.0137051647293598     
   1.0117713124989105     
   1.0161171630818382     
   1.0141061821550281     
   1.0156179844495377     
   1.0151768382274191     
   1.0160327127098989     
   1.0152087320983914     
   1.0161894067988135     
   1.0135408924054807     
   1.0142823198182260     
   1.0124723541963971     
   1.0149550881907472     
   1.0118180801767225     
   1.0136863317798908     
   1.0102697437104775     
   1.0132151627022667     
   1.0121714634155801     
   1.0111311305623862     
   1.0106805216624335     
   1.0108978832496680     
   1.0103776278684733     
   1.0095249616775113     
   1.0085642563213664     
   1.0108664063915291     
   1.0113301088342697     
   1.0121452413599445     
   1.0108715908295121     
   1.0098675171119680     
   1.0067893622320976     
   1.0086785018104090     
   1.0082495674651861     
   1.0087024791172987     
   1.0100017030226542     
   1.0078354896854234     
   1.0069451958734901     
   1.0042828590200039     
   1.0043310858489567     
   1.0023699971175344     
   1.0022567592638103     
   1.0019147187901010     
   1.0027796476815809     
  0.99883503022829512     
   1.0014010753074960     
   1.0005759077313461     
   1.0005639928196479     
  0.99883129261846371     
   1.0007433205117857     
  0.99977341169785650     
   1.0003484041486028     
   1.0003950990399213     
   1.0003433054548083     
  0.99742188596900128     
   1.0018001467284328     
   1.0032114195278510     
   1.0018633191005182     
  0.99954469592369444     
  0.99890577179274009     
  0.99927432026378471     
  0.99898097123959839     
  0.99960129360824390     
   1.0014045268562284     
   1.0001283318224861     
  0.99863317989673295     
  0.99895813065587680     
  0.99922306005918904     
  0.99626364251623212     
  0.99849251989349275     
  0.99829420989937268     
  0.99923247391339265     
  0.99948898474327397     
  0.99831202258902918     
  0.99893336241906916     
  0.99699205107401179     
  0.99850204816121368     
  0.99860461048476046     
  0.99859132278528229     
  0.99866235052573216     
  0.99955930465552412     
  0.99756906547920710     
  0.99931134874958705     
  0.99981295846916174     
   1.0006738069726555     
  0.99829916675754116     
  0.99704918481271188     
  0.99650272772963011     
  0.99662946160114552     
  0.99997382424000991     
  0.99939650430000337     
  0.99964484438209011     
   1.0027097175675839     
   1.0025650988138712     
   1.0002221392894199     
   1.0003042296111142     
   1.0021242076276251     
   1.0000852213602218     
  0.99858076699213938     
  0.99983829051959150     
   1.0001278319158415     
   1.0004518272206695     
   1.0013089513462965     
  0.99976065271255332     
  0.99987705540874583     
   1.0002307838721420     
   1.0005609045583939     
  0.99834198197818924     
  0.99911104325902977     
  0.99831194226072295     
  0.99898012752165821     
  0.99933440246324656     
  0.99854362109069783     
  0.99813809782845764     
  0.99839510075192861     
  0.99752155499628625     
  0.99864495937146047     
   1.0013928880478837     
   1.0006167910329609     
   1.0010352840142744     
   1.0024512406668875     
   1.0007949758759296     
  0.99946373024380519     
  0.99873666079352108     
   1.0004897187323947     
   1.0012115306662117     
   1.0000144998643650     
   1.0027724257150685     
   1.0022384757630547     
   1.0011382320995068     
   1.0003463043923440     
  0.99956013399142019     
  0.99774913186885483     
  0.99948743490991676     
  0.99869422038061229     
  0.99937405405652624     
   1.0004016530899895     
   1.0018040502833547     
   1.0016685849707703     
   1.0021574536368569     
   1.0020514230798649     
   1.0014450949364995     
   1.0005950787217750     
  0.99964720865539414     
   1.0008182930170939     
  0.99879437517775627     
   1.0004428399311498     
   1.0007312004071618     
   1.0018092028359791     
   1.0017615683898489     
   1.0020482712601961     
   1.0005509644288919     
   1.0006323462380668     
   1.0009233192439506     
   1.0002950974472102     
  0.99961057500205475     
   1.0001195931592624     
   1.0004356555069969     
   1.0014371387898455     
   1.0001754477340505     
   1.0018194618055001     
   1.0004702267251659     
   1.0026535790540048     
   1.0006311146889104     
   1.0005271519970063     
   1.0006280510526400     
   1.0015091811075754     
  0.99880423081950354     
   1.0010507527277892     
   1.0008435607829873     
   1.0016423808919446     
   1.0011128398020954     
   1.0000325506842171     
  0.99989143140475789     
  0.99926939550131244     
  0.99962569746549623     
  0.99818770837334703     
  0.99591054491019670     
  0.99791708880018049     
  0.99867664667977540     
  0.99812079006808041     
  0.99912227926159203     
  0.99871918458732534     
  0.99811732566110745     
  0.99934862118174395     
  0.99973119710181968     
  0.99931407117106119     
  0.99917688265478277     
  0.99885262675322728     
  0.99821322280546121     
  0.99906576827126947     
  0.99881103457733189     
  0.99917639103863454     
  0.99818931781237363     
  0.99782928222437905     
  0.99756405432677075     
  0.99805087722657837     
  0.99940074216848740     
  0.99971877439556234     
  0.99976009684234157     
  0.99874800081344706     
  0.99955321811535824     
  0.99816775620011311     
  0.99863413100671039     
  0.99857615634065888     
  0.99930366610041188     
  0.99971315548472162     
  0.99931176584943937     
  0.99987564865869194     
  0.99982153562635556     
  0.99953557995192588     
  0.99989592906323899     
  0.99982085147014021     
  0.99996823553793746     
   1.0003150849569880     
   1.0004574783588434     
   1.0013949923673253     
   1.0008637401386136     
   1.0014293072761467     
   1.0025771410191830     
   1.0026840881031227     
   1.0025916994446700     
   1.0024181094703895     
   1.0010572317197934     
   1.0019682953777536     
   1.0018068609789075     
   1.0022020752509571     
   1.0015931141268646     
   1.0022638345552857     
   1.0014605157919947     
   1.0000120360265379     
   1.0017983126224135     
  0.99989542285250976     
   1.0006239803403785     
   1.0006550016555129     
   1.0009934731266807     
   1.0007628596549052     
   1.0014248461944875     
   1.0007744206460820     
  0.99927503933428652     
  0.99932226690747317     
  0.99924968927400559     
  0.99963874313413015     
  0.99961345256563128     
   1.0011791300694552     
   1.0003089005302521     
   1.0006300521716673     
   1.0005714244096289     
   1.0013579184540593     
  0.99981916494360457     
   1.0003566479525938     
   1.0008086637000786     
   1.0015106962405780     
   1.0013412340108712     
   1.0009350638841428     
   1.0007818725437063     
   1.0005463902538454     
   1.0002724360662036     
  0.99942289961218933     
  0.99852026759160317     
   1.0000642171804528     
   1.0003263153793034     
  0.99993822032080426     
   1.0017199710920230     
   1.0011543503585449     
   1.0009785334310650     
   1.0000955635169626     
   1.0003828286161411     
  0.99952631550274285     
  0.99964376017994183     
  0.99982062256885040     
   1.0007757771329686     
  0.99891299696410718     
  0.99870416125041594     
   1.0004014803463277     
  0.99994984970741041     
   1.0001414279038499     
  0.99870955922485605     
  0.99953382573454741     
   1.0014156898112059     
   1.0009409147677404     
   1.0009260676256957     
   1.0003682091832489     
   1.0006479540311704     
   1.0006232401948909     
   1.0004367779570185     
   1.0017647267433463     
   1.0004284639089684     
   1.0005694360512853     
   1.0007005012853787     
  0.99943627119791989     
  0.99962969543696922     
  0.99939021272986861     
  0.99929954353141570     
  0.99956611776259496     
   1.0009348084930996     
   1.0002731265914395     
  0.99972300492142052     
  0.99947265799531715     
   1.0007053320620458     
  0.99970857465900131     
  0.99989649179760975     
   1.0010057131493908     
  0.99930412257247980     
  0.99936786494506347     
   1.0004226273478507     
   1.0010801088480075     
   1.0005586178212282     
   1.0021832705117140     
   1.0014540444067115     
   1.0012990440031062     
   1.0005934417932205     
   1.0010005352803237     
   1.0018543531214776     
   1.0002031841561843     
   1.0015775649440180     
   1.0024023455022444     
   1.0003847508603303     
   1.0009661508670227     
   1.0016670021632152     
  0.99909568237485469     
  0.99968611801015006     
  0.99993012401446990     
  0.99952148778598782     
   1.0002945600186857     
   1.0000842285633254     
   1.0000395094548853     
  0.99912761283256935     
   1.0002876555474109     
  0.99940506035436028     
   1.0002874150988641     
   1.0014925795373755     
   1.0001835464903406     
   1.0003536185091415     
   1.0003085431624474     
   1.0000751114822808     
  0.99922239384405487     
  0.99995629508690254     
   1.0016682767366138     
   1.0010802609349629     
   1.0017091782983598     
   1.0016398347028637     
  0.99967417673224779     
   1.0001343309565116     
  0.99938652227060198     
   1.0010419817301506     
  0.99941651187945513     
   1.0011069796647567     
  0.99985156804788955     
  0.99924447066114930     
  0.99987113142735373     
  0.99927089774721167     
  0.99977798504049853     
  0.99869591586740725     
  0.99928589151408642     
  0.99868043235637238     
   1.0003101140722286     
   1.0000277089511576     
  0.99944468881223814     
   1.0014676610280977     
   1.0025970053176230     
   1.0032249889215539     
   1.0033003947461614     
   1.0020082930707670     
   1.0011985445465330     
   1.0006962184405901     
   1.0014859266486820     
   1.0022249869131532     
   1.0005220101390448     
   1.0012867264130885     
   1.0020105695990744     
   1.0019311263867112     
   1.0021636264294349     
   1.0013489833087938     
   1.0018339535066680     
   1.0009007866635746     
   1.0003299844368276     
   1.0004589156787838     
   1.0010234595686547     
   1.0017919663476762     
   1.0008168187922797     
   1.0014864961192931     
   1.0010702478324160     
  0.99976707120700425     
  0.99932280289749265     
  0.99885642038631939     
  0.99931377702278856     
  0.99936394990550892     
  0.99954963227764648     
   1.0004045220585747     
   1.0009169461708380     
   1.0012991484786593     
   1.0010594828863166     
   1.0009132993081136     
   1.0006741300627986     
  0.99963778832398364     
   1.0004295979660043     
   1.0006517045334238     
  0.99978154259435847     
   1.0009753061433504     
  0.99915818771313136     
  0.99969314439077228     
  0.99911542969372569     
  0.99947424043798516     
  0.99881647938518714     
  0.99983823484451817     
  0.99987629515793452     
   1.0009211598777161     
   1.0001486234401944     
   1.0010127904408863     
  0.99976686328022601     
  0.99997711556241098     
  0.99972825763490447     
  0.99846091530547787     
  0.99924461071235537     
  0.99956806868797587     
  0.99985774995481824     
   1.0000332448126739     
  0.99998492399224070     
  0.99962448074366872     
  0.99927031676674738     
  0.99983176100286542     
   1.0011616473978988     
   1.0002592082115709     
   1.0003842754183001     
   1.0000418167151912     
  0.99968591967863629     
  0.99866277599554287     
  0.99879048048600627     
  0.99920929394198010     
   1.0002545027301539     
   1.0000820611174237     
   1.0004420892055412     
   1.0006578887366990     
  0.99900970069060713     
  0.99947172699960107     
  0.99906871793010410     
  0.99964678206681823     
  0.99941689495161257     
  0.99959035603384239     
   1.0006425876772600     
   1.0004439651733741     
   1.0005939415691862     
  0.99987653043251157     
   1.0003659103092635     
   1.0007550434401593     
   1.0002306574520154     
   1.0010328492783380     
   1.0011508915828380     
   1.0007888669409559     
   1.0014078669201198     
   1.0015091437638324     
   1.0016360088057816     
   1.0012101561302416     
   1.0012494844964290     
   1.0015925196801367     
   1.0009089613240152     
   1.0002337169904334     
   1.0002286815867296     
   1.0002905596247729     
   1.0002063924537263     
  0.99974095588694634     
   1.0007207452039073     
  0.99918407655237096     
  0.99952095467977586     
  0.99916460648551253     
   1.0003126493968968     
   1.0001055459174055     
  0.99936335689620370     
   1.0003776242735822     
   1.0008037705341664     
   1.0009479999189259     
   1.0015880019165222     
   1.0013466191130664     
   1.0011123599904497     
   1.0011102732563477     
   1.0005534544825152     
   1.0006568891999874     
   1.0003454421454567     
   1.0006640219384515     
   1.0008002547452242     
   1.0002457268243083     
  0.99955671440434168     
  0.99909846891510723     
  0.99985933932930493     
  0.99943718896792977     
  0.99946132364791940     
  0.99946873704729644     
   1.0006979092363681     
   1.0009689205996308     
   1.0011479318509069     
   1.0014658661177185     
   1.0011179369665508     
   1.0015765390717579     
   1.0017575225644051     
   1.0004490085956739     
