 TEMP->  0.50000000000000000     
 DENSITY->  0.87999999523162842     
 N->         864
 CUTOFF->   3.2999999523162842     
 NUM_STEPS->       10000
   0.0000000000000000     
   0.0000000000000000     
   0.0000000000000000     
   0.0000000000000000     
   0.0000000000000000     
   0.0000000000000000     
   0.0000000000000000     
   0.0000000000000000     
   0.0000000000000000     
   0.0000000000000000     
   0.0000000000000000     
   0.0000000000000000     
   0.0000000000000000     
   0.0000000000000000     
   0.0000000000000000     
   0.0000000000000000     
   0.0000000000000000     
   0.0000000000000000     
   0.0000000000000000     
   0.0000000000000000     
   0.0000000000000000     
   0.0000000000000000     
   0.0000000000000000     
   0.0000000000000000     
   0.0000000000000000     
   0.0000000000000000     
   0.0000000000000000     
   0.0000000000000000     
   0.0000000000000000     
   0.0000000000000000     
   0.0000000000000000     
   0.0000000000000000     
   0.0000000000000000     
   0.0000000000000000     
   0.0000000000000000     
   0.0000000000000000     
   0.0000000000000000     
   0.0000000000000000     
   0.0000000000000000     
   0.0000000000000000     
   0.0000000000000000     
   0.0000000000000000     
   0.0000000000000000     
   0.0000000000000000     
   0.0000000000000000     
   0.0000000000000000     
   0.0000000000000000     
   0.0000000000000000     
   0.0000000000000000     
   0.0000000000000000     
   0.0000000000000000     
   0.0000000000000000     
   0.0000000000000000     
   0.0000000000000000     
   0.0000000000000000     
   0.0000000000000000     
   0.0000000000000000     
   0.0000000000000000     
   0.0000000000000000     
   0.0000000000000000     
   0.0000000000000000     
   0.0000000000000000     
   0.0000000000000000     
   0.0000000000000000     
   0.0000000000000000     
   0.0000000000000000     
   0.0000000000000000     
   0.0000000000000000     
   0.0000000000000000     
   0.0000000000000000     
   0.0000000000000000     
   0.0000000000000000     
   0.0000000000000000     
   0.0000000000000000     
   0.0000000000000000     
   0.0000000000000000     
   0.0000000000000000     
   0.0000000000000000     
   0.0000000000000000     
   0.0000000000000000     
   0.0000000000000000     
   0.0000000000000000     
   0.0000000000000000     
   0.0000000000000000     
   0.0000000000000000     
   0.0000000000000000     
   0.0000000000000000     
   0.0000000000000000     
   0.0000000000000000     
   0.0000000000000000     
   0.0000000000000000     
   1.7521953280037015E-005
   1.5185702594385848E-004
   9.1572866120993282E-004
   3.6256972141058348E-003
   1.1925793382546996E-002
   3.2096115305882682E-002
   7.6305646647831918E-002
  0.15804520521024371     
  0.29476909363999743     
  0.48682461633985763     
  0.75051156320696433     
   1.0720548417276399     
   1.4426398815774715     
   1.8204300706282712     
   2.2125903202051442     
   2.5767897241510092     
   2.8950464579353583     
   3.1669765431988739     
   3.3813494840381093     
   3.5234851333430153     
   3.6033093086450059     
   3.6312909313195294     
   3.6013056801164751     
   3.5218974973921098     
   3.4251229343842855     
   3.2885979619531009     
   3.1256397196007062     
   2.9610612685948303     
   2.7717926201678140     
   2.5802788750636392     
   2.3873447850684091     
   2.2096796628352422     
   2.0260281733933505     
   1.8512497106333337     
   1.6861626231530464     
   1.5298559806664318     
   1.3808111603934499     
   1.2390416527425709     
   1.1137548182572377     
   1.0024712046843665     
  0.89591435178924428     
  0.80044814173981904     
  0.71164913283260323     
  0.63291457337814461     
  0.56454057739584684     
  0.50781739716964203     
  0.45913985720763012     
  0.41128792309024848     
  0.37669134375144359     
  0.34967293040080166     
  0.32526721913330919     
  0.30830779062409774     
  0.29801826412673421     
  0.29304957868958864     
  0.29449367448510599     
  0.29969593428149194     
  0.30857970095479853     
  0.32216991818975327     
  0.33880944869685603     
  0.35958003995166848     
  0.38386322196181488     
  0.40972534546460038     
  0.43426055140380404     
  0.46236613182234770     
  0.49081844685716974     
  0.51970089454754387     
  0.54502888560191953     
  0.56883161807989235     
  0.59472640983450387     
  0.61599943701535465     
  0.63442450876105327     
  0.64902624990609747     
  0.65893772313462118     
  0.66296708008736160     
  0.66647708558155061     
  0.66451207302609427     
  0.65578485879343562     
  0.64829504953581274     
  0.63893862229468090     
  0.62251857111082121     
  0.60659083602848651     
  0.58980914624817538     
  0.57623427762885959     
  0.56336109590729988     
  0.55334972775009239     
  0.54464784871434657     
  0.54503158514631067     
  0.54852178877797297     
  0.55734596611730636     
  0.57415047742077063     
  0.60101555336356272     
  0.63299677807328192     
  0.67932480566917630     
  0.73131223509910870     
  0.79222102055781041     
  0.86228556152465752     
  0.94132665413581007     
   1.0227785268656882     
   1.1073490285728942     
   1.2041542735779676     
   1.2964502126463426     
   1.3878841200264267     
   1.4776042303536436     
   1.5616524230828843     
   1.6364437733741732     
   1.7037798854348796     
   1.7570534543821696     
   1.8017889607416597     
   1.8318032134455651     
   1.8499259668948362     
   1.8523484020911229     
   1.8444284323952560     
   1.8186690534172678     
   1.7820990418310365     
   1.7361187596268215     
   1.6853201320415143     
   1.6244798955355020     
   1.5608250909138726     
   1.4898668142171774     
   1.4242180643634086     
   1.3558593924236051     
   1.2904385237941307     
   1.2217236073982418     
   1.1640676161994610     
   1.1119339475915995     
   1.0630159796124332     
   1.0207762985360944     
  0.98188943467106971     
  0.94922916757740072     
  0.92192996008862638     
  0.90156292602952204     
  0.88615761085799294     
  0.87233759062954219     
  0.86301259044707146     
  0.85601620961638047     
  0.85133578392377895     
  0.84569817803691683     
  0.84210442850634171     
  0.83766770068020324     
  0.83414742502350814     
  0.83033514525013363     
  0.82642641177704945     
  0.81985227741501343     
  0.81527959514866166     
  0.80990766094132716     
  0.80719566840854107     
  0.80324846633023006     
  0.79879920100807755     
  0.79659625336339535     
  0.79863454895144737     
  0.80133193231282762     
  0.80310459914361776     
  0.80985007135366427     
  0.81885781429185278     
  0.83242114320674909     
  0.85053921987614867     
  0.86753186173998020     
  0.88564696354117789     
  0.90662877577069645     
  0.92960583869812607     
  0.95182241557354030     
  0.97675299405827731     
   1.0023482846739817     
   1.0247053862304381     
   1.0445691135465922     
   1.0623450672771666     
   1.0776947231572613     
   1.0885936968416756     
   1.0951492413173369     
   1.0975939623525612     
   1.0972365658323102     
   1.0926270796454922     
   1.0809117639411341     
   1.0675671886776079     
   1.0459489446898482     
   1.0241370417897804     
  0.99992204529371387     
  0.96923353183456296     
  0.93977254253788367     
  0.90836903308696626     
  0.87531076466089808     
  0.84256479599066281     
  0.81188860998675394     
  0.78352473480353468     
  0.75758326336840132     
  0.73340870009284886     
  0.71035587066647465     
  0.69081941041738115     
  0.67463238337275855     
  0.66170478479615802     
  0.65406544201650463     
  0.65072954858917198     
  0.65394149234268883     
  0.65916051348318783     
  0.66944678321585072     
  0.68278116010683532     
  0.70302930599554259     
  0.72859491199731519     
  0.76229461596276538     
  0.79734950520888959     
  0.83887804505779073     
  0.88180214896319997     
  0.93118915331528462     
  0.98307959135822698     
   1.0360909230624926     
   1.0927226421167713     
   1.1506866968268721     
   1.2096940527443636     
   1.2662150139200967     
   1.3212014945541581     
   1.3705710509554554     
   1.4164808153855706     
   1.4590124657629615     
   1.4972015344824674     
   1.5242849434715009     
   1.5450471489541466     
   1.5557072621649224     
   1.5597435255474013     
   1.5561668272833045     
   1.5450090172790023     
   1.5275603611424728     
   1.5014864850999767     
   1.4665342669648820     
   1.4246168819294640     
   1.3801430038239135     
   1.3290546770219804     
   1.2777173771086567     
   1.2234366208219314     
   1.1691240536654459     
   1.1135417812427384     
   1.0570837988555677     
   1.0032222203121119     
  0.95311491799426851     
  0.90758168952586604     
  0.86559887157815008     
  0.82725486267645121     
  0.79419882966187771     
  0.76721251716295802     
  0.74466190914113051     
  0.72734161978369971     
  0.71597895564436997     
  0.70931670242946254     
  0.70842286743117977     
  0.71338478851346099     
  0.72340999777259951     
  0.73597485475349567     
  0.75304321785056560     
  0.77388305509742705     
  0.79670488384815363     
  0.81971128589918896     
  0.84381593031212176     
  0.87064487701057613     
  0.89801022019855670     
  0.92406198923665506     
  0.94865655903770418     
  0.97144097042398370     
  0.99261476632618162     
   1.0121765572582526     
   1.0300266645912011     
   1.0443409681802551     
   1.0563892758300388     
   1.0655740749281775     
   1.0706191167013737     
   1.0733620958675354     
   1.0747345340225725     
   1.0726239451339328     
   1.0685237384812765     
   1.0625929847192224     
   1.0549429740226297     
   1.0448823853522169     
   1.0357686778441797     
   1.0245997286650279     
   1.0122031731717878     
   1.0012572364336856     
  0.98953053146354697     
  0.97622766303633879     
  0.96563322207128999     
  0.95433117318391592     
  0.94298090386138056     
  0.93195848981375951     
  0.92237415625379160     
  0.91177450941669269     
  0.90519109832001565     
  0.89759054289076701     
  0.88934012131827767     
  0.88262850070028498     
  0.87503379971773987     
  0.87174168860244228     
  0.86724962128619965     
  0.86292728954588704     
  0.85991881879871068     
  0.85666154044440190     
  0.85402240720540978     
  0.85057027139820052     
  0.84975239678537684     
  0.85039172933570062     
  0.85175341683330863     
  0.85226381765812431     
  0.85426635508405269     
  0.85749582104137412     
  0.86157745001863417     
  0.86703612045291900     
  0.87455259509496452     
  0.88206179834585019     
  0.89169996623152370     
  0.90492189922869326     
  0.91898326994867507     
  0.93437652673968541     
  0.95295388566203065     
  0.97242302105979628     
  0.99492305195762243     
   1.0182199043670259     
   1.0445189852793133     
   1.0722958669096170     
   1.1013491906771280     
   1.1313983780764301     
   1.1596719544279974     
   1.1904143385553954     
   1.2210230535069566     
   1.2502620155692041     
   1.2787672886248624     
   1.3049350708298650     
   1.3288989890818406     
   1.3486743242959462     
   1.3658207992764604     
   1.3791599825300676     
   1.3875893189912196     
   1.3916358665595512     
   1.3896241189074474     
   1.3839935110822674     
   1.3720685851032510     
   1.3575999735643900     
   1.3368897381049571     
   1.3112217855739312     
   1.2823509328167668     
   1.2497250943237792     
   1.2144508836587922     
   1.1780195945410867     
   1.1403457063356306     
   1.1001472931369176     
   1.0623251493877837     
   1.0262960877872855     
  0.98957653147028013     
  0.95537357210131335     
  0.92556655225214313     
  0.89763051889389311     
  0.87306990005988250     
  0.85175660174549683     
  0.83327518511322773     
  0.81923449827878714     
  0.80821800140533606     
  0.80264554009852751     
  0.79845946743354379     
  0.79894060152871549     
  0.79924179979365251     
  0.80272729322867675     
  0.80777650843231363     
  0.81337827897357151     
  0.81894238216317317     
  0.82565913532431490     
  0.83060761974309094     
  0.83628445885577818     
  0.83967415271246137     
  0.84313754700343368     
  0.84447263938340356     
  0.84494220600398151     
  0.84458327958506008     
  0.84337647086720091     
  0.84130545478686636     
  0.83802485339779142     
  0.83556689013634233     
  0.83322421767908239     
  0.83056638902980284     
  0.82929527832762384     
  0.82836339535199432     
  0.82850349201617945     
  0.82891537870741905     
  0.83241745387843458     
  0.83745223258734314     
  0.84128962927699968     
  0.84755754160935903     
  0.85685198770071636     
  0.86605398943908651     
  0.87649196726735346     
  0.88883302598537406     
  0.90124009089151991     
  0.91538842138345433     
  0.92796199614641672     
  0.94052846966467163     
  0.95389045987805277     
  0.96810273134335678     
  0.98197495410996183     
  0.99471043495217804     
   1.0066661517472295     
   1.0193385074189105     
   1.0330532444937823     
   1.0449610456685208     
   1.0561598935116228     
   1.0670807016370110     
   1.0795067760565289     
   1.0903207930536225     
   1.1021544577210425     
   1.1134792573116823     
   1.1252497974696694     
   1.1367734559617260     
   1.1482314552163579     
