 TEMP->   2.5000000000000000     
 DENSITY->  0.87999999523162842     
 N->         864
 CUTOFF->   3.2999999523162842     
 NUM_STEPS->       10000
   0.0000000000000000     
   0.0000000000000000     
   0.0000000000000000     
   0.0000000000000000     
   0.0000000000000000     
   0.0000000000000000     
   0.0000000000000000     
   0.0000000000000000     
   0.0000000000000000     
   0.0000000000000000     
   0.0000000000000000     
   0.0000000000000000     
   0.0000000000000000     
   0.0000000000000000     
   0.0000000000000000     
   0.0000000000000000     
   0.0000000000000000     
   0.0000000000000000     
   0.0000000000000000     
   0.0000000000000000     
   0.0000000000000000     
   0.0000000000000000     
   0.0000000000000000     
   0.0000000000000000     
   0.0000000000000000     
   0.0000000000000000     
   0.0000000000000000     
   0.0000000000000000     
   0.0000000000000000     
   0.0000000000000000     
   0.0000000000000000     
   0.0000000000000000     
   0.0000000000000000     
   0.0000000000000000     
   0.0000000000000000     
   0.0000000000000000     
   0.0000000000000000     
   0.0000000000000000     
   0.0000000000000000     
   0.0000000000000000     
   0.0000000000000000     
   0.0000000000000000     
   0.0000000000000000     
   0.0000000000000000     
   0.0000000000000000     
   0.0000000000000000     
   0.0000000000000000     
   0.0000000000000000     
   0.0000000000000000     
   0.0000000000000000     
   0.0000000000000000     
   0.0000000000000000     
   0.0000000000000000     
   0.0000000000000000     
   0.0000000000000000     
   0.0000000000000000     
   0.0000000000000000     
   0.0000000000000000     
   0.0000000000000000     
   0.0000000000000000     
   0.0000000000000000     
   0.0000000000000000     
   0.0000000000000000     
   0.0000000000000000     
   0.0000000000000000     
   0.0000000000000000     
   0.0000000000000000     
   0.0000000000000000     
   0.0000000000000000     
   0.0000000000000000     
   0.0000000000000000     
   0.0000000000000000     
   0.0000000000000000     
   0.0000000000000000     
   0.0000000000000000     
   0.0000000000000000     
   0.0000000000000000     
   0.0000000000000000     
   0.0000000000000000     
   0.0000000000000000     
   0.0000000000000000     
   3.1550877950950338E-005
   1.0776725314878964E-004
   5.2901304681081689E-004
   2.3656380122569673E-003
   7.5797675540547390E-003
   2.1538764658304548E-002
   5.2524618045759620E-002
  0.10734707717778785     
  0.19694144907201064     
  0.32623674849667095     
  0.49784374913714313     
  0.70121941175072711     
  0.92988649752696384     
   1.1740171850345882     
   1.4115911337994624     
   1.6404823685716658     
   1.8369152032409621     
   2.0120788232971698     
   2.1545713081946563     
   2.2543071111338331     
   2.3205694831152113     
   2.3601124273402978     
   2.3728869595048945     
   2.3608999036978484     
   2.3384643544132491     
   2.2929837757904550     
   2.2387109191216172     
   2.1743371356862680     
   2.1048992386442658     
   2.0345540471172709     
   1.9641877497017859     
   1.8872776403794107     
   1.8113946197342821     
   1.7372284404931200     
   1.6700295340762485     
   1.5998706538304073     
   1.5335542240798363     
   1.4725626240069480     
   1.4156331352852118     
   1.3576534969897656     
   1.3054814691012593     
   1.2563082484564554     
   1.2106289401160195     
   1.1677148504286436     
   1.1258363882592783     
   1.0862362884178351     
   1.0522227219934528     
   1.0193327856481782     
  0.99022227676074170     
  0.96120410439222526     
  0.93417477260221216     
  0.90893988262291103     
  0.88738132884326082     
  0.86511222581000347     
  0.84363884094054697     
  0.82746966963009827     
  0.80755976169276877     
  0.79185652986149457     
  0.78023536670024074     
  0.76644631398380902     
  0.75343979613427370     
  0.74585187942823417     
  0.73692384769030983     
  0.73221846401708746     
  0.72493126453664947     
  0.71647934384384582     
  0.71309989891318037     
  0.70935561113189904     
  0.70575612683250377     
  0.70540548529934743     
  0.70367223850064664     
  0.70530287496920274     
  0.70478841698641992     
  0.70474261907904212     
  0.70776413342622024     
  0.71143575344020715     
  0.71744789579135138     
  0.72264068717231544     
  0.72722795918925898     
  0.73316158818679866     
  0.74172284421358425     
  0.75131845216394433     
  0.75981156898057700     
  0.76960611006905566     
  0.77806476835035421     
  0.78816351605980095     
  0.79977922556498304     
  0.81187051665397092     
  0.82547877853534180     
  0.83976827005867183     
  0.85364224317482473     
  0.86971033503236217     
  0.88139379668535334     
  0.89477718131788841     
  0.90958457066751952     
  0.92610282380311837     
  0.94199392381292124     
  0.95723960649758999     
  0.97150654602928288     
  0.98878608698559267     
   1.0054652910265796     
   1.0224529590292524     
   1.0372291201281225     
   1.0516244945332804     
   1.0664807243992687     
   1.0807671069306022     
   1.0912385886104581     
   1.1045034214208427     
   1.1171947844407173     
   1.1298765273953950     
   1.1415136669917532     
   1.1491794029496636     
   1.1585828625660961     
   1.1636526770516320     
   1.1717260377136771     
   1.1804739971448899     
   1.1839912291559451     
   1.1880836361010083     
   1.1885984235660061     
   1.1898779578623528     
   1.1877929524146689     
   1.1843433167190911     
   1.1839706503414387     
   1.1817651366332178     
   1.1778248748854936     
   1.1724977898727054     
   1.1674189710695027     
   1.1595141016375483     
   1.1510333509885615     
   1.1428128552790981     
   1.1343338517137298     
   1.1231858406709845     
   1.1144846557273447     
   1.1046002248053239     
   1.0963206131005223     
   1.0849818688370283     
   1.0754660907977778     
   1.0645238722157813     
   1.0552492133382398     
   1.0473831066616970     
   1.0356218727548536     
   1.0260214225015929     
   1.0166096788901222     
   1.0079178989675643     
  0.99785383211261147     
  0.99168517881981788     
  0.98225090240436508     
  0.97504705482137444     
  0.96639216045894027     
  0.96131364361867166     
  0.95404398995363837     
  0.94820496498948625     
  0.94180153682489742     
  0.93660182095334998     
  0.93256381550890932     
  0.92977894136991557     
  0.92686959472979613     
  0.92427467331834290     
  0.91975941383164850     
  0.91794115616858230     
  0.91414186758051019     
  0.91093304644705286     
  0.91031027776803330     
  0.90991014240518986     
  0.90963373690954685     
  0.90988576666877752     
  0.91000208091025814     
  0.91222509087137649     
  0.91421261163831657     
  0.91511976489419966     
  0.91717405314685541     
  0.92015556628814155     
  0.92223846773533924     
  0.92543997305437420     
  0.92840043837298469     
  0.93223241342031593     
  0.93413623008964186     
  0.93831043983738094     
  0.94179267677427470     
  0.94679452750023962     
  0.95046782852782896     
  0.95432085917816867     
  0.95898034819642497     
  0.96345475394756230     
  0.96868376085181929     
  0.97314692219976395     
  0.97810858355818375     
  0.98129942376209467     
  0.98486791536937768     
  0.99121588395551485     
  0.99591619885770832     
  0.99992347992936870     
   1.0049489177760142     
   1.0076246766041148     
   1.0122552025836395     
   1.0159315000596949     
   1.0203303509140706     
   1.0232854551758732     
   1.0281678406157049     
   1.0317222900717733     
   1.0345738519885874     
   1.0376063573710090     
   1.0406222957878752     
   1.0429405781491436     
   1.0456912072068483     
   1.0464665398315751     
   1.0476492478476087     
   1.0486814163482514     
   1.0501094372563948     
   1.0507971469296562     
   1.0527886984031660     
   1.0527713584999308     
   1.0533596692759726     
   1.0512104041079799     
   1.0509320585764566     
   1.0513389253317738     
   1.0499658002035508     
   1.0485142987944718     
   1.0476512318278937     
   1.0464443048360488     
   1.0444909619673572     
   1.0415896376864446     
   1.0403264441087232     
   1.0369361264930299     
   1.0349651794534362     
   1.0330598533681372     
   1.0305642880769770     
   1.0283602930496838     
   1.0248770185607170     
   1.0233961659372817     
   1.0191484330378067     
   1.0175665044128099     
   1.0150670925756602     
   1.0127046990567479     
   1.0087635247385356     
   1.0062387048009169     
   1.0041330992787640     
   1.0018020578503009     
  0.99956465318552101     
  0.99692472918978747     
  0.99500363170236306     
  0.99226303420514061     
  0.99007373236884988     
  0.98842391342840286     
  0.98575737757695991     
  0.98471812902810230     
  0.98307664482290524     
  0.98173283283791890     
  0.97976430501566347     
  0.97853027362221279     
  0.97792012243672077     
  0.97681755105370682     
  0.97663387410217062     
  0.97442484195372969     
  0.97421189311110801     
  0.97455504358967460     
  0.97348887136102014     
  0.97308218902794941     
  0.97312504594768057     
  0.97361841043994424     
  0.97253312423241722     
  0.97318574229941879     
  0.97362885980221192     
  0.97327612434437727     
  0.97386656248758607     
  0.97620444359928416     
  0.97604363341267164     
  0.97715445156446612     
  0.97779995708808387     
  0.97965077922162114     
  0.98219376620239129     
  0.98304859148979928     
  0.98412691316841150     
  0.98531251619376026     
  0.98682823281839616     
  0.98886946600967751     
  0.99008865463758233     
  0.99155656247823365     
  0.99259134416375761     
  0.99453581488482701     
  0.99489592456456311     
  0.99580340801143419     
  0.99811489425223177     
  0.99939973397274273     
   1.0010659720908774     
   1.0022638747501189     
   1.0044122886768914     
   1.0053733528645523     
   1.0065390976771764     
   1.0072115279552207     
   1.0073974867543687     
   1.0091014369263434     
   1.0101862375462864     
   1.0122129021522841     
   1.0130614553234498     
   1.0140558546672713     
   1.0147153652531407     
   1.0163792049658573     
   1.0158114216305201     
   1.0166238522859004     
   1.0166679396221399     
   1.0165151817743643     
   1.0169948316234227     
   1.0190036954577955     
   1.0189032415064476     
   1.0182236906702262     
   1.0181185923632217     
   1.0162531047349435     
   1.0165514513077001     
   1.0167788568925569     
   1.0151531657740964     
   1.0157610977953959     
   1.0155180604282545     
   1.0149485226522352     
   1.0139727666228016     
   1.0130687130927281     
   1.0124873213424619     
   1.0112371775781448     
   1.0105094555819325     
   1.0105020342270850     
   1.0097653093923353     
   1.0092102157411946     
   1.0080447836048783     
   1.0077989263456588     
   1.0072748174015855     
   1.0058445976973045     
   1.0035602295828840     
   1.0037981259640316     
   1.0034414790033162     
   1.0020446520681685     
   1.0013891359394351     
   1.0007890330026246     
   1.0000386301656388     
  0.99948434020833898     
  0.99826355193084337     
  0.99708571668594181     
  0.99695322059065572     
  0.99657284620037634     
  0.99555420081854873     
  0.99517598891557424     
  0.99493076195270946     
  0.99360987744422269     
  0.99411493482406921     
  0.99249503506686487     
  0.99273717943456186     
  0.99225000032216715     
  0.99195099260899655     
  0.99236896056099733     
  0.99230366211715848     
  0.99214650467989307     
  0.99128567869966544     
  0.99134211782885084     
  0.99207466626590990     
  0.99194510865397334     
  0.99178274219076779     
  0.99142215460296346     
  0.99127062824750367     
  0.99244061382205273     
  0.99193884265047050     
  0.99262039580952677     
  0.99232636286780784     
  0.99338571554527355     
  0.99326823222609029     
  0.99435336071131120     
  0.99528506833037045     
  0.99608430329292219     
  0.99680126496973231     
  0.99636174403438549     
  0.99705512117963235     
  0.99783382908353180     
  0.99902219295133210     
  0.99899455740104282     
  0.99983521251653151     
  0.99998557226209539     
  0.99971993857402419     
  0.99895255665091065     
  0.99964705921378538     
   1.0010580232836339     
   1.0011682396068826     
   1.0027317573566972     
   1.0035012953742435     
   1.0028769276180651     
   1.0031978590166013     
   1.0036640847692100     
   1.0041001244384511     
   1.0046158453640042     
   1.0041644614796021     
   1.0052140487133383     
   1.0055638265755014     
   1.0059392304127930     
   1.0064771789167544     
   1.0062262072010670     
   1.0055593367551192     
   1.0064915080867380     
   1.0064981409844034     
   1.0070613735343104     
   1.0073185949892796     
   1.0072735321800141     
   1.0070552861068331     
   1.0073666679006879     
   1.0069398388919848     
   1.0066368871622018     
   1.0063809848749210     
   1.0054460936270704     
   1.0054023868874187     
   1.0048832057554533     
   1.0057350977187351     
   1.0041535405319111     
   1.0051143950238712     
   1.0051164991051205     
   1.0049677310635214     
   1.0053056588815672     
   1.0045246139523645     
   1.0045716879766715     
   1.0043858812449207     
   1.0037799987581766     
