 TEMP->   1.5000000000000000     
 DENSITY->  0.94999998807907104     
 N->         864
 CUTOFF->   3.2999999523162842     
 NUM_STEPS->       10000
   0.0000000000000000     
   0.0000000000000000     
   0.0000000000000000     
   0.0000000000000000     
   0.0000000000000000     
   0.0000000000000000     
   0.0000000000000000     
   0.0000000000000000     
   0.0000000000000000     
   0.0000000000000000     
   0.0000000000000000     
   0.0000000000000000     
   0.0000000000000000     
   0.0000000000000000     
   0.0000000000000000     
   0.0000000000000000     
   0.0000000000000000     
   0.0000000000000000     
   0.0000000000000000     
   0.0000000000000000     
   0.0000000000000000     
   0.0000000000000000     
   0.0000000000000000     
   0.0000000000000000     
   0.0000000000000000     
   0.0000000000000000     
   0.0000000000000000     
   0.0000000000000000     
   0.0000000000000000     
   0.0000000000000000     
   0.0000000000000000     
   0.0000000000000000     
   0.0000000000000000     
   0.0000000000000000     
   0.0000000000000000     
   0.0000000000000000     
   0.0000000000000000     
   0.0000000000000000     
   0.0000000000000000     
   0.0000000000000000     
   0.0000000000000000     
   0.0000000000000000     
   0.0000000000000000     
   0.0000000000000000     
   0.0000000000000000     
   0.0000000000000000     
   0.0000000000000000     
   0.0000000000000000     
   0.0000000000000000     
   0.0000000000000000     
   0.0000000000000000     
   0.0000000000000000     
   0.0000000000000000     
   0.0000000000000000     
   0.0000000000000000     
   0.0000000000000000     
   0.0000000000000000     
   0.0000000000000000     
   0.0000000000000000     
   0.0000000000000000     
   0.0000000000000000     
   0.0000000000000000     
   0.0000000000000000     
   0.0000000000000000     
   0.0000000000000000     
   0.0000000000000000     
   0.0000000000000000     
   0.0000000000000000     
   0.0000000000000000     
   0.0000000000000000     
   0.0000000000000000     
   0.0000000000000000     
   0.0000000000000000     
   0.0000000000000000     
   0.0000000000000000     
   0.0000000000000000     
   0.0000000000000000     
   0.0000000000000000     
   0.0000000000000000     
   0.0000000000000000     
   0.0000000000000000     
   0.0000000000000000     
   0.0000000000000000     
   0.0000000000000000     
   2.7187690552808611E-006
   7.4355232846364588E-005
   5.4743930603902489E-004
   2.4518624590784245E-003
   9.3466445538409430E-003
   2.8277179318452764E-002
   6.8399796047255726E-002
  0.14634672748493011     
  0.27344639613112809     
  0.45894090173606250     
  0.70224366705704200     
  0.99370882522900128     
   1.3157290038081644     
   1.6421773271757236     
   1.9613535488877567     
   2.2487720570470544     
   2.4884031815011012     
   2.6712981751316551     
   2.8104698200081595     
   2.8828024713550238     
   2.9156091823264636     
   2.9039965629223641     
   2.8534931023610364     
   2.7809959325753746     
   2.6870224577298396     
   2.5870586773845234     
   2.4721706529409260     
   2.3489539277553271     
   2.2297617908761711     
   2.1047231095077796     
   1.9878986236614897     
   1.8721574072509686     
   1.7606079357650386     
   1.6595553405606913     
   1.5646181519891424     
   1.4754052790194361     
   1.3941240521540110     
   1.3131735679709347     
   1.2424018586830960     
   1.1759122313338572     
   1.1140500523544459     
   1.0530151427668675     
   1.0068638365290650     
  0.96217923204533384     
  0.92074625286256062     
  0.87743128071672383     
  0.84441343356212106     
  0.80913893476634058     
  0.77959375703432598     
  0.75417060457903762     
  0.73021506531313018     
  0.70874916871840554     
  0.68746592119530203     
  0.67116750324799312     
  0.65369780060815419     
  0.63990329755008579     
  0.62373149187116050     
  0.61118574361034250     
  0.60149346945783011     
  0.59360048416046474     
  0.58943028970778522     
  0.58229956970038677     
  0.57845834085894721     
  0.57503144910428150     
  0.57336508580577661     
  0.57319345441985492     
  0.57480728539245951     
  0.57869690167043597     
  0.58208564533607066     
  0.58555475676923574     
  0.59031609509949723     
  0.59778507115267643     
  0.60580736528846713     
  0.61103892110897451     
  0.62150515002026296     
  0.63219125915869545     
  0.64502635960010268     
  0.65820165475728565     
  0.67010421371958728     
  0.68457053240482424     
  0.70360095180916327     
  0.71996965865662654     
  0.74052564063394488     
  0.75802228540129646     
  0.77985928429296913     
  0.80022698825475036     
  0.82466364394249791     
  0.84635430935068789     
  0.87171095559034684     
  0.89632528063022676     
  0.92154187120234354     
  0.94232784956240123     
  0.96638991479236747     
  0.98949962154430293     
   1.0123643055944560     
   1.0345865660568534     
   1.0565797229249640     
   1.0770343330962791     
   1.0976073047662736     
   1.1198194853563010     
   1.1404170600793004     
   1.1567346573362838     
   1.1702645140780488     
   1.1867488277970957     
   1.2006537998283977     
   1.2153670743029146     
   1.2273042208187048     
   1.2382811103525204     
   1.2486179823943511     
   1.2562662499495880     
   1.2651371702297360     
   1.2748589215323336     
   1.2788693388156345     
   1.2857085114553990     
   1.2864705872827944     
   1.2864275249383874     
   1.2871132720298917     
   1.2864937860803602     
   1.2832701669612263     
   1.2795887018402770     
   1.2731831347355846     
   1.2652030223179933     
   1.2551194743508305     
   1.2452382492193406     
   1.2310197317704712     
   1.2173771004265985     
   1.2004843619945851     
   1.1856504109760027     
   1.1705027648995514     
   1.1535948009735497     
   1.1358788426787620     
   1.1199168657442893     
   1.1019906833910500     
   1.0836948279467427     
   1.0664079049527291     
   1.0495599314803832     
   1.0333822838262186     
   1.0185596454509152     
   1.0002876981780895     
  0.98417131598092822     
  0.96835182423271138     
  0.95472212650741417     
  0.94110943241508060     
  0.92763152417641825     
  0.91454074811987940     
  0.90247022146859524     
  0.89236646612248749     
  0.88335589693970340     
  0.87438404194273167     
  0.86622210608260219     
  0.85807303823910730     
  0.85219788095272708     
  0.84513374635586114     
  0.84107692804151668     
  0.83639143251807735     
  0.83230838105522653     
  0.82925695870478144     
  0.82989812551098419     
  0.82900710523970600     
  0.82716074871746137     
  0.82864922371901639     
  0.83000874500330268     
  0.83427422059340006     
  0.83662283662377768     
  0.83968035405264574     
  0.84635249550739766     
  0.85142299322146719     
  0.85700221253252751     
  0.86264281012243060     
  0.86930465527361311     
  0.87729618086306538     
  0.88343671027786042     
  0.89138292390102636     
  0.90086010446250009     
  0.90665572263512340     
  0.91690318208023880     
  0.92597106665260676     
  0.93552350637286852     
  0.94557204047486920     
  0.95607017885444812     
  0.96578984519689060     
  0.97711445346353543     
  0.98765591018910193     
  0.99712505207405078     
   1.0060368862033062     
   1.0152318534933278     
   1.0238598040824021     
   1.0312972783592735     
   1.0390240694492818     
   1.0480394049991923     
   1.0560540865464600     
   1.0635349545436914     
   1.0715880960235282     
   1.0770456404763118     
   1.0820837016478666     
   1.0867429054559590     
   1.0921562876306554     
   1.0957863697380898     
   1.0993613682625969     
   1.1025106955083281     
   1.1051854863938013     
   1.1058593157871428     
   1.1053729633113423     
   1.1063131136870654     
   1.1074891412451628     
   1.1075084229806738     
   1.1069930460446469     
   1.1065057241054157     
   1.1043643648410442     
   1.1015990577528130     
   1.0990268567517931     
   1.0943230582631531     
   1.0906952358474384     
   1.0878029092379133     
   1.0852849327783740     
   1.0821047320177795     
   1.0792877975792166     
   1.0727928420503940     
   1.0660725809792884     
   1.0605329526997802     
   1.0562081147905822     
   1.0512200761469039     
   1.0460643838285544     
   1.0387285439302163     
   1.0324182434278206     
   1.0263995194955622     
   1.0202453007615462     
   1.0142340536202146     
   1.0081757615844085     
   1.0035436081561437     
  0.99751734646731594     
  0.99299427738503776     
  0.98688069730838035     
  0.98104828025803470     
  0.97556175707207049     
  0.97045625215053521     
  0.96702367604548289     
  0.96408167606199124     
  0.95801154047209625     
  0.95411945070446558     
  0.95122622504698429     
  0.94862056134064821     
  0.94484124289410976     
  0.94283564564590128     
  0.93953197521717235     
  0.93834118850958215     
  0.93697146600328585     
  0.93532523816812851     
  0.93375540732596019     
  0.93306165226418869     
  0.93281995291942821     
  0.93431041410424231     
  0.93432008598864791     
  0.93576936607026606     
  0.93604892759877256     
  0.93688564937075325     
  0.93766442868187305     
  0.93935652191166896     
  0.94222326958423841     
  0.94438545710056221     
  0.94664720528338298     
  0.94817484764649074     
  0.95153693715737286     
  0.95470706813016049     
  0.95678864622984305     
  0.95963686926316483     
  0.96285327988982350     
  0.96801870330334039     
  0.97283997368610409     
  0.97586752726466930     
  0.98018909345403538     
  0.98386864228448490     
  0.98850484846181297     
  0.99240507876108663     
  0.99609678395271739     
   1.0008540030873834     
   1.0037583108060024     
   1.0077317021630066     
   1.0114891428716981     
   1.0154973935206524     
   1.0178862907284780     
   1.0216196021750117     
   1.0244284829190489     
   1.0276440465203702     
   1.0313750668235084     
   1.0335829120014166     
   1.0353276675205105     
   1.0374769781523079     
   1.0388002321810130     
   1.0417657333197392     
   1.0430220136612747     
   1.0437151342337907     
   1.0442925121790165     
   1.0445794099250307     
   1.0456671486301630     
   1.0461576855245598     
   1.0462922112125885     
   1.0453240237749322     
   1.0447473127765243     
   1.0435182621447514     
   1.0419074464797811     
   1.0416860285486118     
   1.0410105891730612     
   1.0397260369207366     
   1.0372753574846469     
   1.0356148648751877     
   1.0341405641151644     
   1.0325297399058195     
   1.0313601495292464     
   1.0288309551539603     
   1.0277539461946112     
   1.0255176212030443     
   1.0225606118532764     
   1.0212391473562414     
   1.0193777318015476     
   1.0169862169863544     
   1.0145928973755378     
   1.0121265976505451     
   1.0100220263678410     
   1.0083287496759703     
   1.0049412132433704     
   1.0027983643206599     
  0.99973937305107652     
  0.99823441661892609     
  0.99501442858973865     
  0.99365484711275576     
  0.99223113816417985     
  0.99042592129007834     
  0.98780167356069914     
  0.98644917783413155     
  0.98349625954933750     
  0.98095780317471626     
  0.98031384328824833     
  0.97934248196013707     
  0.97805042468267989     
  0.97716074641809414     
  0.97684725930951710     
  0.97567345777270087     
  0.97459355447137697     
  0.97413446033045947     
  0.97389811639362656     
  0.97291779044041138     
  0.97260507717574129     
  0.97319910244021002     
  0.97268113914727339     
  0.97364146404291729     
  0.97395693847540721     
  0.97363732183523510     
  0.97399207860886172     
  0.97421864200776032     
  0.97476442014068876     
  0.97589676572967021     
  0.97662694913143799     
  0.97815640511873025     
  0.97876050293548844     
  0.98006082567421804     
  0.98200246194421614     
  0.98264428313597951     
  0.98500378265986899     
  0.98612310942310155     
  0.98859675569079786     
  0.98902120896781009     
  0.98994802837883888     
  0.99218117604754241     
  0.99350926398286454     
  0.99612517984171822     
  0.99678443740285494     
  0.99813564092607931     
  0.99899056423942434     
   1.0012285409566184     
   1.0032174546174748     
   1.0046816968007470     
   1.0060682540496493     
   1.0083744915328359     
   1.0096748948692396     
   1.0105520078244477     
   1.0119471497477412     
   1.0134403989885632     
   1.0150111146004008     
   1.0158824042692398     
   1.0164880137408683     
   1.0174881936198679     
   1.0182468314367636     
   1.0193758739780205     
   1.0198309954629654     
   1.0193987508051112     
   1.0207562207224443     
   1.0213465896305842     
   1.0217110923830890     
   1.0218952589533410     
   1.0216238982201309     
   1.0209472220767331     
   1.0209014513022165     
   1.0208397859844118     
   1.0201660448465393     
   1.0201889818600720     
   1.0195865756736944     
   1.0193626897850172     
   1.0181331894927992     
   1.0169786206798137     
   1.0151652127659681     
