 TEMP->   1.2500000000000000     
 DENSITY->  0.87999999523162842     
 N->         864
 CUTOFF->   3.2999999523162842     
 NUM_STEPS->       10000
   0.0000000000000000     
   0.0000000000000000     
   0.0000000000000000     
   0.0000000000000000     
   0.0000000000000000     
   0.0000000000000000     
   0.0000000000000000     
   0.0000000000000000     
   0.0000000000000000     
   0.0000000000000000     
   0.0000000000000000     
   0.0000000000000000     
   0.0000000000000000     
   0.0000000000000000     
   0.0000000000000000     
   0.0000000000000000     
   0.0000000000000000     
   0.0000000000000000     
   0.0000000000000000     
   0.0000000000000000     
   0.0000000000000000     
   0.0000000000000000     
   0.0000000000000000     
   0.0000000000000000     
   0.0000000000000000     
   0.0000000000000000     
   0.0000000000000000     
   0.0000000000000000     
   0.0000000000000000     
   0.0000000000000000     
   0.0000000000000000     
   0.0000000000000000     
   0.0000000000000000     
   0.0000000000000000     
   0.0000000000000000     
   0.0000000000000000     
   0.0000000000000000     
   0.0000000000000000     
   0.0000000000000000     
   0.0000000000000000     
   0.0000000000000000     
   0.0000000000000000     
   0.0000000000000000     
   0.0000000000000000     
   0.0000000000000000     
   0.0000000000000000     
   0.0000000000000000     
   0.0000000000000000     
   0.0000000000000000     
   0.0000000000000000     
   0.0000000000000000     
   0.0000000000000000     
   0.0000000000000000     
   0.0000000000000000     
   0.0000000000000000     
   0.0000000000000000     
   0.0000000000000000     
   0.0000000000000000     
   0.0000000000000000     
   0.0000000000000000     
   0.0000000000000000     
   0.0000000000000000     
   0.0000000000000000     
   0.0000000000000000     
   0.0000000000000000     
   0.0000000000000000     
   0.0000000000000000     
   0.0000000000000000     
   0.0000000000000000     
   0.0000000000000000     
   0.0000000000000000     
   0.0000000000000000     
   0.0000000000000000     
   0.0000000000000000     
   0.0000000000000000     
   0.0000000000000000     
   0.0000000000000000     
   0.0000000000000000     
   0.0000000000000000     
   0.0000000000000000     
   0.0000000000000000     
   0.0000000000000000     
   0.0000000000000000     
   0.0000000000000000     
   5.8700695093224995E-006
   1.4333902333688993E-005
   1.2884046479610001E-004
   6.9525524955041666E-004
   3.3178886737071445E-003
   1.1064155748519221E-002
   3.0907258820462195E-002
   7.4435760669780110E-002
  0.15281960354379295     
  0.27783015805473504     
  0.45304318723286330     
  0.68267469348640031     
  0.95263034591511453     
   1.2519412530487741     
   1.5597549104669830     
   1.8434837778868138     
   2.1103348211646904     
   2.3387430649014100     
   2.5070744005826930     
   2.6435397900775262     
   2.7249041648261594     
   2.7670295532730460     
   2.7627128207049427     
   2.7297362159456418     
   2.6699768055587798     
   2.5981534779608770     
   2.5124281085584319     
   2.4153163552710937     
   2.3092401627090955     
   2.1996360168306048     
   2.0901941075853672     
   1.9846078014419295     
   1.8787486205887516     
   1.7848091178888872     
   1.6931790542725991     
   1.6038264557875919     
   1.5196754047389123     
   1.4472595717650871     
   1.3750703134206355     
   1.3100996745173821     
   1.2457718922915231     
   1.1875723865272165     
   1.1274369636224644     
   1.0754353088826123     
   1.0315181040141681     
  0.99185056597078824     
  0.95220126837799224     
  0.91650735370416192     
  0.88575824379723034     
  0.85401211930148047     
  0.82602337356611621     
  0.80002492186725960     
  0.77598922658741609     
  0.75622018126813573     
  0.73668565160581156     
  0.71819259333276819     
  0.70352550614893883     
  0.68952011571989713     
  0.67392481620265765     
  0.66369065242783720     
  0.65312524809309902     
  0.64470804044903374     
  0.63846854771055828     
  0.63229700141171874     
  0.62713033737358559     
  0.62446215005585071     
  0.62112181512204145     
  0.61877642554861956     
  0.62115724879520462     
  0.62131221269791770     
  0.62298880894738706     
  0.62713817409330619     
  0.62958392997683610     
  0.63416443395125033     
  0.63772203110115055     
  0.64551175076333511     
  0.65345461866137511     
  0.66127480437148634     
  0.66982500035858372     
  0.68150151686864702     
  0.69392195189459138     
  0.70639426362733448     
  0.71984750931673791     
  0.73359786868944021     
  0.75016074884936512     
  0.76580725725029630     
  0.78175706317005289     
  0.80072179224045303     
  0.81681711949017310     
  0.83451376234069341     
  0.85433589306129065     
  0.87314983028864501     
  0.89481709805407794     
  0.91339644795253283     
  0.93168861774318446     
  0.95081585088127429     
  0.97303445450463022     
  0.99278705260862077     
   1.0147217611912807     
   1.0341172280052364     
   1.0509694428709391     
   1.0689345071297975     
   1.0843424402467610     
   1.1002868946859323     
   1.1161330760991035     
   1.1348332246842761     
   1.1478990906853865     
   1.1628681451898364     
   1.1739365886432920     
   1.1895008015163224     
   1.1988326397931452     
   1.2102723015706138     
   1.2216460901386661     
   1.2318023354278722     
   1.2366412563023605     
   1.2409913523417631     
   1.2451813656048647     
   1.2488174559301406     
   1.2534817981705924     
   1.2543942955173890     
   1.2528532413298863     
   1.2492445925117759     
   1.2462710663751690     
   1.2442370620571208     
   1.2382441689480006     
   1.2326143174924493     
   1.2232341402544542     
   1.2131634636055679     
   1.2048126201410159     
   1.1902475383337490     
   1.1772784421095517     
   1.1648899521734639     
   1.1504078392824568     
   1.1340835610087217     
   1.1198085412829772     
   1.1064145356169097     
   1.0907664739610532     
   1.0750801716106595     
   1.0621109669550068     
   1.0467551836980822     
   1.0315283705116851     
   1.0191749333574469     
   1.0030904513535293     
  0.98859794501065423     
  0.97604046695587832     
  0.96540858031504440     
  0.95229627070446088     
  0.94255983491547712     
  0.93429283258608020     
  0.92362261482901231     
  0.91584587495748149     
  0.90819144203209190     
  0.89859292343280717     
  0.89085078700276032     
  0.88568466181947003     
  0.87971243386372833     
  0.87437139279108922     
  0.87009602452074208     
  0.86788263517060193     
  0.86555918918554087     
  0.86249863810829663     
  0.85930230972694843     
  0.85822496483152655     
  0.85657073468082434     
  0.85749076414287784     
  0.86093285702912403     
  0.86060670707933717     
  0.86275436288730212     
  0.86493967796951032     
  0.86814414663206885     
  0.87170779651275543     
  0.87541806111425147     
  0.87948779373745911     
  0.88513556746059741     
  0.89208610786133391     
  0.89936930846491536     
  0.90401466644515915     
  0.91071634045495675     
  0.91892032318432793     
  0.92620017468016169     
  0.93312130351444345     
  0.94240673662013419     
  0.94943588513016286     
  0.95762798610157562     
  0.96536931853577757     
  0.97236279105869217     
  0.97919772463942167     
  0.98813842218790127     
  0.99562041347455077     
   1.0033427387643850     
   1.0114675468972936     
   1.0165205628650469     
   1.0245744175215978     
   1.0321773760993540     
   1.0372742273810318     
   1.0427190381400071     
   1.0477898920958650     
   1.0524596884378097     
   1.0572709337870598     
   1.0624124622595326     
   1.0675968146969299     
   1.0724745909164171     
   1.0738146742390153     
   1.0760188918517413     
   1.0798016579980418     
   1.0818469786568830     
   1.0842947820288673     
   1.0842473588232413     
   1.0857159626517003     
   1.0870627782031490     
   1.0858629784321467     
   1.0855199347323869     
   1.0836480748800934     
   1.0839495426517072     
   1.0824899326195374     
   1.0798359597159473     
   1.0762600864352390     
   1.0747199971400159     
   1.0730129655554113     
   1.0686920546397156     
   1.0666897556542274     
   1.0631126237995554     
   1.0600488331601801     
   1.0557195278370055     
   1.0493880241459244     
   1.0456251307384117     
   1.0431922274065524     
   1.0382646919886804     
   1.0348036973770447     
   1.0293060594603392     
   1.0254319840375239     
   1.0209908682554656     
   1.0180719535741254     
   1.0128614736292050     
   1.0078666929038511     
   1.0035386086085654     
  0.99983444805979793     
  0.99452087967422398     
  0.99061398790718602     
  0.98769873690132148     
  0.98403710911413556     
  0.98083257139934610     
  0.97808166104158700     
  0.97344427035288783     
  0.97085435799469355     
  0.96563808269787588     
  0.96232426932470416     
  0.96085097814342191     
  0.95842525409367441     
  0.95565386321467671     
  0.95337079892245047     
  0.95182740126863974     
  0.95133747117030043     
  0.94938665182893245     
  0.94889171349810364     
  0.94954415029389927     
  0.94919268763038689     
  0.94957803625769388     
  0.94974476254006701     
  0.94937926676842754     
  0.94897445661279578     
  0.95161161891450041     
  0.95211984146659356     
  0.95280291670066886     
  0.95474782720676432     
  0.95710956073330866     
  0.95925585960794746     
  0.96014915627388431     
  0.96374595503900595     
  0.96631136869910705     
  0.96709722490009020     
  0.96972580603606839     
  0.97341352392899116     
  0.97553695995948853     
  0.97878306760816691     
  0.98250647233443056     
  0.98500622492809564     
  0.98872747810338268     
  0.99060701831783282     
  0.99292088621339591     
  0.99546153221133304     
  0.99882015908146848     
   1.0015577307753796     
   1.0041967554530034     
   1.0071717658436579     
   1.0091060155296689     
   1.0107877941794809     
   1.0135582631545041     
   1.0166567510870699     
   1.0181766147032842     
   1.0214379482273579     
   1.0231260914869489     
   1.0252720068112704     
   1.0262920273335656     
   1.0274775764726563     
   1.0290447048277347     
   1.0310920081099673     
   1.0312073616365336     
   1.0321158610285577     
   1.0324541250997183     
   1.0333226479221533     
   1.0334681159615917     
   1.0337800620866306     
   1.0341971483096351     
   1.0337034442369664     
   1.0331826595093316     
   1.0321268719794665     
   1.0332794334736115     
   1.0314377874969893     
   1.0316704872646341     
   1.0302315496475114     
   1.0288680455893753     
   1.0285937265341958     
   1.0272252624285814     
   1.0253804970067664     
   1.0241193270946252     
   1.0234937129140040     
   1.0213604655031499     
   1.0200790444111105     
   1.0173728548950680     
   1.0158500608463716     
   1.0136394903779402     
   1.0115797602039580     
   1.0100449446298987     
   1.0081661458691167     
   1.0060811748689913     
   1.0041934412699449     
   1.0019633911805270     
  0.99991704197143205     
  0.99825306554930737     
  0.99768188753779508     
  0.99628852890680109     
  0.99469190087397996     
  0.99399892318469318     
  0.99145538353561524     
  0.99000905442219944     
  0.98874338965944319     
  0.98700697631327960     
  0.98735156153755343     
  0.98498492990535214     
  0.98392679903780245     
  0.98387152197748207     
  0.98323473544170370     
  0.98241814485856260     
  0.98242549222022302     
  0.98202245495394980     
  0.98137271660454983     
  0.98005493372141050     
  0.98000751798239727     
  0.98110243357954696     
  0.98059905737964470     
  0.98034431742202610     
  0.98177174159018621     
  0.98113183590677644     
  0.98207640822751918     
  0.98303424076870305     
  0.98354319612155883     
  0.98359364109791381     
  0.98494960899203898     
  0.98558718442906024     
  0.98681852371769807     
  0.98758603469443296     
  0.98818298783055458     
  0.98823511251009599     
  0.98888382044290346     
  0.99093184006387081     
  0.99218410024714909     
  0.99269438447662650     
  0.99305977007525581     
  0.99475338219724585     
  0.99561726936683193     
  0.99714033011961889     
  0.99951139409691470     
   1.0002471110195412     
   1.0007412110970060     
   1.0018630297918369     
   1.0030168678585549     
   1.0038521802056330     
   1.0044450718485538     
   1.0056133916462713     
   1.0062009368615035     
   1.0070848011026339     
   1.0085673930213350     
   1.0090947254139930     
   1.0094117792165336     
   1.0105152087461200     
   1.0115445770106835     
   1.0114336844344960     
   1.0119610511000594     
   1.0128789356953132     
   1.0133833965347310     
   1.0125015719452912     
   1.0138873144556098     
   1.0134592526393342     
   1.0140094889160247     
   1.0136646448772688     
   1.0139099679275536     
   1.0143827862245778     
   1.0131104814297862     
   1.0128480889078797     
   1.0132145231108720     
   1.0124290829724287     
   1.0129141805706843     
   1.0130016932892023     
   1.0123144666639363     
   1.0122537738956106     
   1.0124129428011444     
   1.0120454817872160     
   1.0112821259289797     
   1.0108268513423226     
   1.0094161997029520     
   1.0077249633097147     
   1.0070125540475410     
