 TEMP->   2.0000000000000000     
 DENSITY->   1.2000000476837158     
 N->         864
 CUTOFF->   3.2999999523162842     
 NUM_STEPS->       10000
   0.0000000000000000     
   0.0000000000000000     
   0.0000000000000000     
   0.0000000000000000     
   0.0000000000000000     
   0.0000000000000000     
   0.0000000000000000     
   0.0000000000000000     
   0.0000000000000000     
   0.0000000000000000     
   0.0000000000000000     
   0.0000000000000000     
   0.0000000000000000     
   0.0000000000000000     
   0.0000000000000000     
   0.0000000000000000     
   0.0000000000000000     
   0.0000000000000000     
   0.0000000000000000     
   0.0000000000000000     
   0.0000000000000000     
   0.0000000000000000     
   0.0000000000000000     
   0.0000000000000000     
   0.0000000000000000     
   0.0000000000000000     
   0.0000000000000000     
   0.0000000000000000     
   0.0000000000000000     
   0.0000000000000000     
   0.0000000000000000     
   0.0000000000000000     
   0.0000000000000000     
   0.0000000000000000     
   0.0000000000000000     
   0.0000000000000000     
   0.0000000000000000     
   0.0000000000000000     
   0.0000000000000000     
   0.0000000000000000     
   0.0000000000000000     
   0.0000000000000000     
   0.0000000000000000     
   0.0000000000000000     
   0.0000000000000000     
   0.0000000000000000     
   0.0000000000000000     
   0.0000000000000000     
   0.0000000000000000     
   0.0000000000000000     
   0.0000000000000000     
   0.0000000000000000     
   0.0000000000000000     
   0.0000000000000000     
   0.0000000000000000     
   0.0000000000000000     
   0.0000000000000000     
   0.0000000000000000     
   0.0000000000000000     
   0.0000000000000000     
   0.0000000000000000     
   0.0000000000000000     
   0.0000000000000000     
   0.0000000000000000     
   0.0000000000000000     
   0.0000000000000000     
   0.0000000000000000     
   0.0000000000000000     
   0.0000000000000000     
   0.0000000000000000     
   0.0000000000000000     
   0.0000000000000000     
   0.0000000000000000     
   0.0000000000000000     
   0.0000000000000000     
   0.0000000000000000     
   0.0000000000000000     
   0.0000000000000000     
   0.0000000000000000     
   0.0000000000000000     
   0.0000000000000000     
   2.3137309452597595E-006
   1.8063843521647469E-005
   5.2901302292321607E-005
   3.9388164628980076E-004
   1.7596297710275191E-003
   7.5401544550767032E-003
   2.2873166750598910E-002
   5.9069832115822257E-002
  0.13013215163160977     
  0.25563646189166567     
  0.45043499699730344     
  0.72096716076599443     
   1.0618908935665599     
   1.4664362090902550     
   1.9125272198429681     
   2.3657162891807548     
   2.7995646110196777     
   3.1845385611130128     
   3.5012692755384975     
   3.7410776380394055     
   3.8943456171375552     
   3.9630561478348043     
   3.9427523656471637     
   3.8648393828128045     
   3.7220011809208700     
   3.5284476587949185     
   3.3060850016637464     
   3.0522791371670484     
   2.7893078238841640     
   2.5213758222282632     
   2.2505545115170196     
   1.9949331250977858     
   1.7532842726595581     
   1.5223701322907888     
   1.3149153248296994     
   1.1262814868496636     
  0.96129331238373017     
  0.80895314097152249     
  0.68433721734881303     
  0.57174890671845391     
  0.47693846835996928     
  0.39640971160764965     
  0.33089940284920760     
  0.27912294471430243     
  0.23942774400121108     
  0.21015416649247098     
  0.19004841634595132     
  0.17986930261658174     
  0.17714886060008528     
  0.18185317738234819     
  0.19327332909746295     
  0.20940037865447086     
  0.23307490694096286     
  0.26178725224798544     
  0.29377479252055966     
  0.33062275456550066     
  0.37133743776311329     
  0.41470208430074801     
  0.45844645060407058     
  0.50379774564067936     
  0.54663680339387721     
  0.59137107563686520     
  0.63084147674162439     
  0.66730132162631384     
  0.69738878404110149     
  0.72060762508603959     
  0.73578626128406710     
  0.74511960711709257     
  0.74512633572313591     
  0.73765710501348891     
  0.72273851188564797     
  0.70326364830312316     
  0.67662286843442609     
  0.64264391099171458     
  0.60714703653847213     
  0.57271476996909765     
  0.53687491473139737     
  0.50341616503729181     
  0.47574755153978060     
  0.45276560219621431     
  0.44109395056431089     
  0.43880422428145721     
  0.44841938361347877     
  0.47038903357422673     
  0.50924531487067826     
  0.56473822184455758     
  0.63638634216258649     
  0.72154208932151698     
  0.82347639058992894     
  0.93822488358909495     
   1.0643766292957078     
   1.1986145433062216     
   1.3345582120485908     
   1.4750338381578894     
   1.6096884537488563     
   1.7368581179776912     
   1.8522062278413707     
   1.9473549893016353     
   2.0205989991004074     
   2.0724345845681582     
   2.1001592705576475     
   2.1038994705315077     
   2.0781594309078466     
   2.0341011348025182     
   1.9665554257109610     
   1.8819148256165028     
   1.7794866424754157     
   1.6673549226434854     
   1.5513027724857209     
   1.4303843754994887     
   1.3121632502546474     
   1.1997697966063317     
   1.0988596991218582     
   1.0075293433597301     
  0.93073746713408767     
  0.86510814391789037     
  0.81552239877119137     
  0.78198702949305032     
  0.76093890094523597     
  0.75038168791131721     
  0.75123175143794996     
  0.75684890487810574     
  0.77007206506667747     
  0.78602359545399469     
  0.80326473379356367     
  0.82068618086724154     
  0.83336066680943555     
  0.84240273165856738     
  0.84886859730723030     
  0.85073714198559947     
  0.84634489492249321     
  0.83882005738556542     
  0.82936871248223720     
  0.81776703087205005     
  0.80221648043544702     
  0.79043941866945477     
  0.78031326983333904     
  0.77225363950959691     
  0.77055786712853680     
  0.77189738199210423     
  0.78040941966324096     
  0.79747069635476986     
  0.81978165548973392     
  0.84913229038823557     
  0.88307663965538297     
  0.92101354245138067     
  0.96243669440524848     
   1.0048014488750077     
   1.0478062884248778     
   1.0893020173595347     
   1.1247687352359497     
   1.1577909062939509     
   1.1795663314723004     
   1.1950960889980231     
   1.2021570995517705     
   1.1992618319796635     
   1.1874283215969301     
   1.1664389811124276     
   1.1359069064198546     
   1.0971041118545461     
   1.0510706914982455     
   1.0036923433580944     
  0.95169348102490159     
  0.89878575304641861     
  0.84782410003628683     
  0.79608950010921187     
  0.75023858815654820     
  0.70788207922439195     
  0.66818803524078130     
  0.63599635518541120     
  0.60913132198998143     
  0.58847312894299542     
  0.57256281463353598     
  0.56363485816503767     
  0.55889576653093065     
  0.56099814189835417     
  0.56929657445683091     
  0.58357581140106984     
  0.60547492764823274     
  0.63262344053016129     
  0.66844092662824028     
  0.71147692750469760     
  0.76280248713355636     
  0.82199666886133238     
  0.88803256611672432     
  0.96009036620650934     
   1.0398855707454564     
   1.1244416590617723     
   1.2113025882868338     
   1.3005990075010150     
   1.3874531343914878     
   1.4699423736375881     
   1.5471718340983449     
   1.6146014747655231     
   1.6717297474423363     
   1.7150739291442365     
   1.7435927200428158     
   1.7553413800523119     
   1.7535406389641588     
   1.7323683002504739     
   1.6965925919552509     
   1.6456075006950692     
   1.5838494821080344     
   1.5106437982963856     
   1.4310051644076838     
   1.3449125861167883     
   1.2552768626079525     
   1.1650630153297128     
   1.0757472228754741     
  0.98996126793814476     
  0.90977528630420013     
  0.83738651603035119     
  0.77235774883748631     
  0.71556956249666270     
  0.66888866900932820     
  0.63238746839742799     
  0.60563860494149357     
  0.58860372532321992     
  0.58228759643257244     
  0.58464046539130754     
  0.59552737397078159     
  0.61405128668761366     
  0.64020491770092491     
  0.67310502399797412     
  0.71018156236156127     
  0.75289742439437723     
  0.79734772569105750     
  0.84300794203607965     
  0.88962228502522112     
  0.93462921031527435     
  0.97774077073942645     
   1.0170315646471448     
   1.0519646277816870     
   1.0807316625399039     
   1.1054087471918903     
   1.1241228359432325     
   1.1365483390331375     
   1.1432392009436787     
   1.1446134064501567     
   1.1399593330213909     
   1.1304710582659925     
   1.1185715478703064     
   1.1034024186275568     
   1.0853163150764289     
   1.0656013116938494     
   1.0448067340044700     
   1.0261892735870932     
   1.0058768414505457     
  0.98663961522517218     
  0.96888933161052648     
  0.95296573521106032     
  0.93738033362329731     
  0.92251563575044759     
  0.90912201167439122     
  0.89781119205831406     
  0.88762509970816217     
  0.87864150822752041     
  0.87117511523838420     
  0.86410158963524064     
  0.85932517552249343     
  0.85448003495021019     
  0.84977133614345757     
  0.84629129827058303     
  0.84372781841284739     
  0.84171936711165440     
  0.84089790062823155     
  0.83966404224675217     
  0.83899205573438074     
  0.83776582341544481     
  0.83725809681468855     
  0.83755570085299291     
  0.83806366187716508     
  0.83958283972884851     
  0.84251190965181888     
  0.84711146975511831     
  0.85318739995713644     
  0.86208712522066633     
  0.87365136260376275     
  0.88927580570996601     
  0.90807813790679925     
  0.93038505656669490     
  0.95634256126340200     
  0.98588725477854100     
   1.0191071749456013     
   1.0563850343248375     
   1.0966891811842880     
   1.1409566775695223     
   1.1853793707488314     
   1.2309862479270737     
   1.2790860426829660     
   1.3250087539544526     
   1.3685191765173454     
   1.4094707190628195     
   1.4451729771350381     
   1.4741426901345367     
   1.4958896351203170     
   1.5103178071117567     
   1.5146737480239527     
   1.5099030902875046     
   1.4934002081484870     
   1.4678966051238653     
   1.4332192537795190     
   1.3902849644285322     
   1.3374729500087006     
   1.2817843863920526     
   1.2186496838801020     
   1.1548085174204339     
   1.0892399750385235     
   1.0248959903868258     
  0.96508970878900147     
  0.90947404432819801     
  0.85894572483468401     
  0.81544226069855630     
  0.77949365398849890     
  0.75265441830881485     
  0.73420709564150977     
  0.72384071094070979     
  0.72036205940144626     
  0.72533283117964698     
  0.73568374873480336     
  0.74948128046169837     
  0.76699664197387674     
  0.78617504908935321     
  0.80538685264948084     
  0.82571626170845702     
  0.84316715684722843     
  0.85841990937948209     
  0.86893940405781100     
  0.87713824507760219     
  0.88043446076310372     
  0.88029502716735075     
  0.87624200537868691     
  0.86845220242230625     
  0.85740395610127484     
  0.84650778629040402     
  0.83452619564380492     
  0.82211171841661534     
  0.81112560530920330     
  0.80223437662542696     
  0.79553596714418839     
  0.79202119069802146     
  0.79130073718785376     
  0.79421845636525013     
  0.80081562936828254     
  0.81144769751245194     
  0.82522774634804097     
  0.84227216473068078     
  0.86164779234091859     
  0.88176921466403058     
  0.90287941924192550     
  0.92375035082677193     
  0.94387370019640415     
  0.96359926138963459     
  0.98241650958071736     
  0.99894164071624614     
   1.0148230936019205     
   1.0278641101429251     
   1.0401755810921498     
   1.0503575143086139     
   1.0605513746032165     
   1.0706410230375576     
   1.0796388493170388     
   1.0892745005902000     
   1.0992411949507919     
   1.1116211934019631     
   1.1243292653092838     
   1.1380640774675024     
   1.1050559431464013     
