 TEMP->   2.5000000000000000     
 DENSITY->  0.60000002384185791     
 N->         864
 CUTOFF->   3.2999999523162842     
 NUM_STEPS->       10000
   0.0000000000000000     
   0.0000000000000000     
   0.0000000000000000     
   0.0000000000000000     
   0.0000000000000000     
   0.0000000000000000     
   0.0000000000000000     
   0.0000000000000000     
   0.0000000000000000     
   0.0000000000000000     
   0.0000000000000000     
   0.0000000000000000     
   0.0000000000000000     
   0.0000000000000000     
   0.0000000000000000     
   0.0000000000000000     
   0.0000000000000000     
   0.0000000000000000     
   0.0000000000000000     
   0.0000000000000000     
   0.0000000000000000     
   0.0000000000000000     
   0.0000000000000000     
   0.0000000000000000     
   0.0000000000000000     
   0.0000000000000000     
   0.0000000000000000     
   0.0000000000000000     
   0.0000000000000000     
   0.0000000000000000     
   0.0000000000000000     
   0.0000000000000000     
   0.0000000000000000     
   0.0000000000000000     
   0.0000000000000000     
   0.0000000000000000     
   0.0000000000000000     
   0.0000000000000000     
   0.0000000000000000     
   0.0000000000000000     
   0.0000000000000000     
   0.0000000000000000     
   0.0000000000000000     
   0.0000000000000000     
   0.0000000000000000     
   0.0000000000000000     
   0.0000000000000000     
   0.0000000000000000     
   0.0000000000000000     
   0.0000000000000000     
   0.0000000000000000     
   0.0000000000000000     
   0.0000000000000000     
   0.0000000000000000     
   0.0000000000000000     
   0.0000000000000000     
   0.0000000000000000     
   0.0000000000000000     
   0.0000000000000000     
   0.0000000000000000     
   0.0000000000000000     
   0.0000000000000000     
   0.0000000000000000     
   0.0000000000000000     
   0.0000000000000000     
   0.0000000000000000     
   0.0000000000000000     
   0.0000000000000000     
   0.0000000000000000     
   0.0000000000000000     
   0.0000000000000000     
   0.0000000000000000     
   0.0000000000000000     
   0.0000000000000000     
   0.0000000000000000     
   0.0000000000000000     
   0.0000000000000000     
   0.0000000000000000     
   0.0000000000000000     
   0.0000000000000000     
   0.0000000000000000     
   1.3882385671558554E-005
   3.1611726162883059E-005
   2.4246430217314064E-004
   1.2397586243875693E-003
   3.8388099903180991E-003
   1.0935380637109330E-002
   2.5773713126607280E-002
   5.4792253255455101E-002
  0.10341963379701730     
  0.17299876127135266     
  0.26840260322984261     
  0.39453335309170967     
  0.53279743999641238     
  0.68751351404216876     
  0.84688907698291038     
   1.0122426868708787     
   1.1643350960575538     
   1.3076059798418558     
   1.4387234028202074     
   1.5501685350380523     
   1.6448391308439123     
   1.7145326065613866     
   1.7669637176962341     
   1.8112261877845897     
   1.8288374903609832     
   1.8429833439132954     
   1.8430777897014852     
   1.8272395700004065     
   1.8237387050975207     
   1.7989622441077855     
   1.7730960588384126     
   1.7431351688974304     
   1.7128932524286913     
   1.6755059030922907     
   1.6395080773251600     
   1.5986760675532234     
   1.5631694184388094     
   1.5285431875377127     
   1.4894324825243923     
   1.4550450623765587     
   1.4213896531229631     
   1.3899497706467809     
   1.3594041795643623     
   1.3250026210535089     
   1.2948790856020862     
   1.2668256268575488     
   1.2405502362729777     
   1.2193794190714078     
   1.1896671154167560     
   1.1694524300951454     
   1.1483280439432462     
   1.1286353980502390     
   1.1064991699251285     
   1.0873220261532863     
   1.0702708393718423     
   1.0517003758248795     
   1.0357302087694049     
   1.0209944548974055     
   1.0063568849021602     
  0.99278317705456143     
  0.97909523497757878     
  0.96747245082126421     
  0.95789247115198262     
  0.94519406462472799     
  0.93643213676430526     
  0.92795803085081285     
  0.92014677065847028     
  0.91099893438212221     
  0.90257654359133832     
  0.89450308598824735     
  0.88850923826033856     
  0.88416264875828110     
  0.87793724020058617     
  0.87045280056815655     
  0.86637357798023851     
  0.86352317921925137     
  0.86015715790796565     
  0.85906562776481099     
  0.85539897273152687     
  0.85213137710996634     
  0.85060648474257416     
  0.85286306615902774     
  0.85452380327015431     
  0.85588928509337125     
  0.85618541661134506     
  0.85635505329745198     
  0.85690440701309190     
  0.85793687912160421     
  0.85961289717856426     
  0.86324295700268605     
  0.86718786909465806     
  0.86828754612674519     
  0.87081450231356239     
  0.87640933688286260     
  0.88176458665357504     
  0.88710929457626997     
  0.89098430920081406     
  0.89760721828322310     
  0.90297447748169590     
  0.90635760577000213     
  0.91436544706231782     
  0.92195003016710941     
  0.92868466276316575     
  0.93632472945707823     
  0.94033700423438460     
  0.94760298950130017     
  0.95545736392309222     
  0.96113632004008964     
  0.96874553313601475     
  0.97525818584120283     
  0.98304154157762891     
  0.99211061635548037     
   1.0014475144636898     
   1.0058653606500139     
   1.0137820648639775     
   1.0214628389565790     
   1.0263297764964676     
   1.0326844188347015     
   1.0385700194925103     
   1.0432877967402630     
   1.0484840233226898     
   1.0503923059518792     
   1.0542142866966377     
   1.0589389513761434     
   1.0609563214462820     
   1.0626724050066914     
   1.0645367862763258     
   1.0683415678475696     
   1.0681260455097839     
   1.0671865898170882     
   1.0679053754322505     
   1.0664757642597280     
   1.0659140902608137     
   1.0650439468197146     
   1.0669496199490995     
   1.0653215100615741     
   1.0651192885298768     
   1.0615302714234374     
   1.0583061518293662     
   1.0577114181158307     
   1.0584556343523279     
   1.0534851962566634     
   1.0539181372104534     
   1.0511486351568213     
   1.0461502101033482     
   1.0431736190979466     
   1.0407225248301322     
   1.0376950156430538     
   1.0344092802381488     
   1.0320051041585527     
   1.0259767730537570     
   1.0259972002942441     
   1.0228446457318856     
   1.0206368505212438     
   1.0161905715837463     
   1.0134633191801339     
   1.0144671139492489     
   1.0101402616596880     
   1.0099076431602108     
   1.0063035276112227     
   1.0038068428379614     
   1.0004222057269545     
  0.99786322401603023     
  0.99598764670650997     
  0.99527221307065605     
  0.99199569497461693     
  0.99026491959102569     
  0.98945114202083473     
  0.99045091707594957     
  0.98991219035695588     
  0.98643700484594921     
  0.98546176491698068     
  0.98355427786453720     
  0.98153286502017534     
  0.98185770224504909     
  0.98003926740896841     
  0.97886050942005642     
  0.97950271540318012     
  0.97767862330441457     
  0.97663630211658181     
  0.97624204181333007     
  0.97573175709803628     
  0.97731225783012310     
  0.97845965578062177     
  0.97747865867486916     
  0.97653197712954865     
  0.97667775802567391     
  0.97656660741746593     
  0.97786737918632827     
  0.97862909414605537     
  0.97895235472505049     
  0.97881320751604539     
  0.98020437794273818     
  0.98090278209713333     
  0.98221520062507339     
  0.98411742376538680     
  0.98547661522481367     
  0.98776620139963900     
  0.98668063523742044     
  0.98794926124984028     
  0.98848378139086945     
  0.98844255209088372     
  0.99113539093076353     
  0.99258993742720214     
  0.99372039717362037     
  0.99556021647607662     
  0.99699010340711702     
  0.99667680889214794     
  0.99853239500535795     
  0.99872280259322022     
  0.99947345881165295     
   1.0008673625006348     
   1.0011172548242608     
   1.0034195592957218     
   1.0048789890602565     
   1.0046575693933839     
   1.0052193336801685     
   1.0068659444897561     
   1.0063245017778939     
   1.0069797208746958     
   1.0084173229375868     
   1.0073981600078308     
   1.0068743806619724     
   1.0085597738945602     
   1.0084396261822091     
   1.0099983310909324     
   1.0091776085397584     
   1.0093661908818605     
   1.0098017675122934     
   1.0097501193529757     
   1.0103565209373502     
   1.0100909783005885     
   1.0105288102658689     
   1.0114580635388599     
   1.0111284385266581     
   1.0100027935504983     
   1.0108062009092023     
   1.0095265095887542     
   1.0094703096131716     
   1.0096818143776445     
   1.0093709839477754     
   1.0083645770895562     
   1.0084010021956560     
   1.0074963100352616     
   1.0067333774772764     
   1.0060888945047095     
   1.0068110555854948     
   1.0067632356570051     
   1.0063095950680465     
   1.0060788110864125     
   1.0057477443359988     
   1.0054944783988917     
   1.0051396612816312     
   1.0051276743891615     
   1.0052659082872448     
   1.0028971912166573     
   1.0029544864417574     
   1.0008162101168308     
   1.0019182927465131     
   1.0016307064421786     
   1.0018087139270726     
   1.0021195408006889     
   1.0011744904293638     
   1.0006026678278490     
   1.0002204945819593     
  0.99973543229177675     
   1.0000572022053822     
   1.0000229881546281     
  0.99972644440419456     
  0.99877899746456433     
  0.99923594400548277     
  0.99861810522004513     
  0.99744741901786993     
  0.99788191707707496     
  0.99771618228213588     
  0.99731507020420596     
  0.99693914160715347     
  0.99722175548696956     
  0.99712858609922295     
  0.99459996064827638     
  0.99592745530994553     
  0.99774913443690005     
  0.99921749468097421     
  0.99698142349356678     
  0.99698018725481585     
  0.99599434469400527     
  0.99761234886322592     
  0.99740498896650776     
  0.99770057460216011     
  0.99689492051345363     
  0.99735559282297936     
  0.99788511939847069     
  0.99765855583352092     
  0.99820892324422306     
   1.0004396128526678     
  0.99975689354197361     
  0.99951469314975727     
  0.99948079001769208     
  0.99966321658181434     
  0.99847821082785659     
  0.99741626606295908     
  0.99964001444523498     
   1.0009333902015680     
   1.0007746148260601     
  0.99996119282373364     
   1.0003020262506568     
   1.0014890358595709     
   1.0004457088116836     
   1.0007151702970027     
   1.0008959885986384     
   1.0014862401234070     
   1.0012290977341596     
   1.0016760451528897     
   1.0010951968503310     
   1.0013126699003707     
   1.0011881259315019     
   1.0015032714939409     
   1.0015368992709548     
   1.0020071361286533     
   1.0023459856538426     
   1.0012801768719075     
   1.0017489718527610     
   1.0029299190482044     
   1.0026432978983719     
   1.0020141945248964     
   1.0021077408446823     
   1.0027089836862466     
   1.0019243319229363     
   1.0016960751635697     
   1.0016587915173405     
   1.0027875424340809     
   1.0029138048820636     
   1.0022627535514450     
   1.0015114860303505     
   1.0026248883753774     
   1.0026329293114995     
   1.0025089504934295     
   1.0028253795334023     
   1.0025043883435159     
   1.0026792126204249     
   1.0025241460236400     
   1.0020090798565779     
   1.0018031975247188     
   1.0018126019795319     
   1.0020605820681352     
   1.0024719711655303     
   1.0022291121566054     
   1.0024098258763712     
   1.0023252272979235     
   1.0017250898328482     
   1.0025991964267160     
   1.0022919659924141     
   1.0023640457923304     
   1.0024635932931263     
   1.0011926037438239     
   1.0019289069772750     
   1.0015682585226653     
   1.0019482637460473     
   1.0010506677879198     
   1.0010061094485778     
   1.0022335229410362     
   1.0014014610348105     
   1.0004260628445358     
  0.99943747259989124     
   1.0007964005429624     
   1.0000220176919690     
  0.99977899602284692     
   1.0000932635942124     
  0.99975211604861314     
   1.0004801889150061     
   1.0000172862829959     
  0.99876780618926408     
  0.99984240223361909     
  0.99969561227167958     
   1.0004771805436141     
   1.0015555924064989     
   1.0010987929450168     
   1.0003095184618891     
   1.0003853974927310     
   1.0011583633630448     
   1.0010118243000290     
   1.0010825006066884     
   1.0007075904311562     
   1.0001766175023077     
   1.0003867950033192     
  0.99966764414089671     
  0.99949101030730492     
  0.99996340159870367     
   1.0003329047397094     
   1.0003799108491704     
   1.0001233032444823     
   1.0000121722860462     
   1.0002271553350386     
  0.99961343714745976     
  0.99979578159991189     
  0.99979302519453017     
  0.99983153522439616     
   1.0000098667672745     
  0.99996866518726779     
  0.99988426396809538     
   1.0000842673543915     
   1.0012841647129527     
   1.0013272214823408     
   1.0010642905405402     
   1.0010927319586300     
   1.0003540685779748     
  0.99991606195065452     
   1.0003444835489086     
   1.0000492462092365     
   1.0003245317052321     
   1.0011273819091553     
   1.0019806040813490     
   1.0014652513568256     
   1.0014526789100988     
   1.0010775109633412     
   1.0017071984493711     
   1.0015287014826348     
   1.0008745483092050     
   1.0010024645817108     
   1.0019594198694206     
   1.0010379022733500     
   1.0017654172971413     
   1.0013336294888662     
   1.0021154107465566     
   1.0015233393078193     
   1.0021131839179618     
   1.0019983157167782     
   1.0010493753432299     
   1.0010514227887723     
   1.0008095350732829     
   1.0007641866384023     
   1.0028207893053733     
   1.0020829891168228     
   1.0018414748507609     
   1.0029259383272877     
   1.0027438175480952     
   1.0028325589042706     
   1.0024482904534997     
   1.0021798144455549     
   1.0019887067060906     
   1.0014345550194403     
   1.0011428922142032     
   1.0016075784065759     
   1.0019460293816975     
   1.0011746303789371     
   1.0017589430332428     
   1.0005252469418371     
   1.0013123614329524     
   1.0018379785645330     
   1.0010479321659185     
   1.0016618495397320     
   1.0018282330681845     
   1.0010542578647161     
   1.0006210773177335     
   1.0008902907198747     
   1.0005724008786523     
   1.0007501918557016     
   1.0006879507537052     
  0.99970424640459821     
   1.0002562229795005     
   1.0004824155831562     
   1.0005121561449446     
  0.99982910550831650     
   1.0005597553154169     
   1.0000581387725938     
   1.0003418172678442     
  0.99981182011512348     
   1.0003692438564240     
   1.0000475856462883     
   1.0012513467516817     
   1.0009339564381172     
   1.0007572978137744     
   1.0009978622383808     
   1.0006528760703775     
   1.0005583799844677     
   1.0007769884705389     
   1.0000610569686803     
   1.0004911305599875     
  0.99958934847648773     
   1.0003711225312482     
   1.0004108913957479     
  0.99969575925799403     
  0.99989143664167135     
   1.0001507354686079     
