 TEMP->   1.2500000000000000     
 DENSITY->  0.75000000000000000     
 N->         864
 CUTOFF->   3.2999999523162842     
 NUM_STEPS->       10000
   0.0000000000000000     
   0.0000000000000000     
   0.0000000000000000     
   0.0000000000000000     
   0.0000000000000000     
   0.0000000000000000     
   0.0000000000000000     
   0.0000000000000000     
   0.0000000000000000     
   0.0000000000000000     
   0.0000000000000000     
   0.0000000000000000     
   0.0000000000000000     
   0.0000000000000000     
   0.0000000000000000     
   0.0000000000000000     
   0.0000000000000000     
   0.0000000000000000     
   0.0000000000000000     
   0.0000000000000000     
   0.0000000000000000     
   0.0000000000000000     
   0.0000000000000000     
   0.0000000000000000     
   0.0000000000000000     
   0.0000000000000000     
   0.0000000000000000     
   0.0000000000000000     
   0.0000000000000000     
   0.0000000000000000     
   0.0000000000000000     
   0.0000000000000000     
   0.0000000000000000     
   0.0000000000000000     
   0.0000000000000000     
   0.0000000000000000     
   0.0000000000000000     
   0.0000000000000000     
   0.0000000000000000     
   0.0000000000000000     
   0.0000000000000000     
   0.0000000000000000     
   0.0000000000000000     
   0.0000000000000000     
   0.0000000000000000     
   0.0000000000000000     
   0.0000000000000000     
   0.0000000000000000     
   0.0000000000000000     
   0.0000000000000000     
   0.0000000000000000     
   0.0000000000000000     
   0.0000000000000000     
   0.0000000000000000     
   0.0000000000000000     
   0.0000000000000000     
   0.0000000000000000     
   0.0000000000000000     
   0.0000000000000000     
   0.0000000000000000     
   0.0000000000000000     
   0.0000000000000000     
   0.0000000000000000     
   0.0000000000000000     
   0.0000000000000000     
   0.0000000000000000     
   0.0000000000000000     
   0.0000000000000000     
   0.0000000000000000     
   0.0000000000000000     
   0.0000000000000000     
   0.0000000000000000     
   0.0000000000000000     
   0.0000000000000000     
   0.0000000000000000     
   0.0000000000000000     
   0.0000000000000000     
   0.0000000000000000     
   0.0000000000000000     
   0.0000000000000000     
   0.0000000000000000     
   0.0000000000000000     
   0.0000000000000000     
   0.0000000000000000     
   0.0000000000000000     
   2.3545823439220973E-005
   8.8731867448337405E-005
   5.1708012190315061E-004
   2.2792824778193866E-003
   7.5638464767505287E-003
   2.1334187972465370E-002
   5.0918996206772357E-002
  0.10551352679655034     
  0.19206585527701589     
  0.31770112607091427     
  0.48594294284234857     
  0.68714882399819188     
  0.91927461282835843     
   1.1588632083212920     
   1.4039998703697081     
   1.6363432088087164     
   1.8355850737368600     
   2.0082603936870749     
   2.1501939204130678     
   2.2613946465296193     
   2.3300735428674413     
   2.3758802061536697     
   2.3926619030851990     
   2.3860869279847932     
   2.3627898083556511     
   2.3173159569009831     
   2.2596760554059925     
   2.2043067310727227     
   2.1352342614361635     
   2.0628881996254553     
   1.9813180094076928     
   1.9067238131645277     
   1.8387115515559054     
   1.7707823409441681     
   1.7010578864360166     
   1.6344579181927563     
   1.5683185951299323     
   1.5077106615696454     
   1.4458325223014696     
   1.3910939703080658     
   1.3365700116648009     
   1.2866918935695164     
   1.2463004822247796     
   1.2029759806501839     
   1.1614898367508213     
   1.1210020912874725     
   1.0840825777330252     
   1.0509581246373778     
   1.0212353063708928     
  0.99251075471280503     
  0.96782913353653643     
  0.94347125805157450     
  0.91835789304167037     
  0.89937067975956808     
  0.87996223150436748     
  0.86478756427095416     
  0.84804643106522193     
  0.83194148498405673     
  0.81928591316190802     
  0.80347519367726006     
  0.79141648819253119     
  0.78045198108245573     
  0.76814569711122938     
  0.76077664097783759     
  0.75205670517859580     
  0.74613102302826173     
  0.73933047858889844     
  0.73509443688104659     
  0.73009061913069995     
  0.72795319717920293     
  0.72504140060153921     
  0.72163232250032927     
  0.72045664327971171     
  0.72175683585449835     
  0.72155671410840772     
  0.72552176852533667     
  0.72752631326411232     
  0.73004596210789741     
  0.73271555999192106     
  0.73353088389988685     
  0.73918910092308932     
  0.74452227626682022     
  0.75308510124924111     
  0.75727122993339668     
  0.76555926427499021     
  0.77432454040167320     
  0.78277205152945106     
  0.79302653535973811     
  0.80450692509594690     
  0.81402708075289854     
  0.82607525398477699     
  0.83824486458913527     
  0.84993481327923415     
  0.86028373190379015     
  0.87353308504654659     
  0.88542850288261343     
  0.90002879991057028     
  0.91431955222651096     
  0.92670314635321049     
  0.94213725838229412     
  0.95284585624621665     
  0.96612236190849232     
  0.97981966930259823     
  0.99225299980029114     
   1.0036599254898662     
   1.0165986702093468     
   1.0339248536323462     
   1.0468178375197947     
   1.0592794302967332     
   1.0722646508098019     
   1.0847370734253141     
   1.0967555133371618     
   1.1101177225928174     
   1.1205446054722494     
   1.1304106137329724     
   1.1390929586045562     
   1.1457889833275809     
   1.1568008838004811     
   1.1626001649570008     
   1.1676247617247526     
   1.1716140126879349     
   1.1745130306459450     
   1.1741979496701962     
   1.1739841913776503     
   1.1751417865097833     
   1.1741600810072863     
   1.1719971288971562     
   1.1682839195424928     
   1.1646820172797638     
   1.1601359665799809     
   1.1551998258996861     
   1.1518973470727571     
   1.1438567658160546     
   1.1372600864655629     
   1.1277216609452825     
   1.1198030626663484     
   1.1116518895772451     
   1.1040134447756960     
   1.0963083843485673     
   1.0863453857215533     
   1.0767791463895235     
   1.0700716394605958     
   1.0612362077771016     
   1.0486857565918757     
   1.0416765143365525     
   1.0315594555666459     
   1.0230957435183750     
   1.0167329278698034     
   1.0109275238190683     
   1.0030290948288898     
  0.99653912590827842     
  0.98834145152924446     
  0.98224410422017738     
  0.97703539733725309     
  0.96855438232019497     
  0.96093919683965845     
  0.95755142463638088     
  0.95258148638610396     
  0.94856563176939790     
  0.94247252704795459     
  0.93731480557309932     
  0.93597353816988904     
  0.93206385492928401     
  0.92974957728093210     
  0.92774693414607257     
  0.92702678374743863     
  0.92584555270811708     
  0.92468708518461762     
  0.92245966000060653     
  0.92331067251163867     
  0.92301910680674382     
  0.92322388844404124     
  0.92220538418651976     
  0.92260900461770068     
  0.92077789154575496     
  0.92187800377649520     
  0.92380998590705932     
  0.92510130157359771     
  0.92772727105915642     
  0.93128499969151046     
  0.93269432005236486     
  0.93600552721648245     
  0.93959484765387380     
  0.94197823295827532     
  0.94440741929786454     
  0.94821870586166346     
  0.95128815252981080     
  0.95574080270750472     
  0.95790581483718695     
  0.96180815670531994     
  0.96667123753236073     
  0.97047500469321968     
  0.97523927018609713     
  0.97915187553368588     
  0.98285425123167192     
  0.98756786587256884     
  0.99245388569913928     
  0.99721127939433740     
   1.0013452406425423     
   1.0042843399386483     
   1.0082857170798658     
   1.0113560760927196     
   1.0137495397719314     
   1.0185352899576878     
   1.0222864038006021     
   1.0234772426780328     
   1.0259409209131500     
   1.0293394542296865     
   1.0323388042154036     
   1.0341473397810050     
   1.0357458706895069     
   1.0376573669347799     
   1.0404249602566840     
   1.0409887908488715     
   1.0420337040843402     
   1.0436649864758325     
   1.0464273457728379     
   1.0450179620512954     
   1.0450998586082414     
   1.0448181534368040     
   1.0440221541774224     
   1.0435605779655210     
   1.0425516303296813     
   1.0432403302957367     
   1.0442918983616327     
   1.0419469994262371     
   1.0411800364249548     
   1.0391725217490040     
   1.0386813016294942     
   1.0370081145955654     
   1.0358364609798520     
   1.0318747521216407     
   1.0311480190061471     
   1.0291352828544380     
   1.0272349370157097     
   1.0265744039195490     
   1.0243425572728801     
   1.0222283088952733     
   1.0196396168785928     
   1.0156863198342054     
   1.0144885781788668     
   1.0136771786465293     
   1.0102897495810066     
   1.0091723767213552     
   1.0065895690910138     
   1.0053139090425147     
   1.0034754531282719     
   1.0012565605102000     
  0.99903624812856717     
  0.99613207454995267     
  0.99362396203496095     
  0.99142118956074188     
  0.98969203178405341     
  0.98873746082679370     
  0.98765107741425673     
  0.98593599766419193     
  0.98392927609004044     
  0.98294327488570277     
  0.98121245464631290     
  0.98085197232316346     
  0.98058983571661451     
  0.97966084747504723     
  0.97957787060053059     
  0.97849858374482512     
  0.97681892581729224     
  0.97836961987232729     
  0.97824038511628508     
  0.97763458975485373     
  0.97759574569273944     
  0.97656208040843384     
  0.97679469105289618     
  0.97757950392504567     
  0.97841875995853256     
  0.97781574053611608     
  0.97819554120186247     
  0.97898142330157822     
  0.97909374016985617     
  0.98018710898509442     
  0.98285091294856120     
  0.98357928007330608     
  0.98350692599780487     
  0.98455131134138674     
  0.98694038744655010     
  0.98757006216822052     
  0.98772605524434320     
  0.99008881893270229     
  0.99017674168180103     
  0.99132708275931958     
  0.99244334548388080     
  0.99398134552981121     
  0.99514430682999166     
  0.99577073692640572     
  0.99784462450498435     
  0.99956501872682135     
   1.0007200680239647     
   1.0005543263199914     
   1.0010674063287088     
   1.0013382558880006     
   1.0036449613378886     
   1.0055949787411922     
   1.0064278339022048     
   1.0071056146821136     
   1.0085310317613347     
   1.0098668639125541     
   1.0104236421114146     
   1.0101534439556523     
   1.0118016634825822     
   1.0119735785418984     
   1.0125280044788538     
   1.0130725010801218     
   1.0138810415343107     
   1.0140299296660695     
   1.0150479598261644     
   1.0146224840371953     
   1.0144336664710139     
   1.0150576104981441     
   1.0141636205318543     
   1.0155472354261672     
   1.0153909271848227     
   1.0155095882923695     
   1.0156268429020059     
   1.0143699514494284     
   1.0139035946822237     
   1.0133891188727524     
   1.0133297660603504     
   1.0134492459798961     
   1.0126596271796142     
   1.0124429199751561     
   1.0112437126897358     
   1.0115168356060213     
   1.0106556785016176     
   1.0101334421871404     
   1.0089854501538127     
   1.0075876781653161     
   1.0064345988966332     
   1.0064190427523736     
   1.0054176537506423     
   1.0039860526289424     
   1.0046607004587469     
   1.0040608228589092     
   1.0017049553677644     
   1.0006698689576097     
   1.0006307605758864     
   1.0010862644037402     
  0.99982340789358604     
  0.99974469849893777     
  0.99918675262511181     
  0.99762158754494823     
  0.99675789988810537     
  0.99636138738012880     
  0.99568262549957076     
  0.99455643810954042     
  0.99494630049938781     
  0.99519246579356613     
  0.99437204281786473     
  0.99413211076812291     
  0.99384731154145589     
  0.99383748529826543     
  0.99384602029243541     
  0.99345861491387000     
  0.99310295241161128     
  0.99270880773344239     
  0.99389274236733838     
  0.99397392201512813     
  0.99385554271799659     
  0.99506541628998002     
  0.99493315865592136     
  0.99441118012235441     
  0.99457112886025589     
  0.99480872585423519     
  0.99573258312963420     
  0.99490261663276547     
  0.99349378973047964     
  0.99449253293138817     
  0.99553688432904597     
  0.99581801697620775     
  0.99614220713833268     
  0.99587100845371690     
  0.99741757371014050     
  0.99718868750535206     
  0.99728845263945676     
  0.99693052756051648     
  0.99665451706500907     
  0.99692082876565191     
  0.99795903689874688     
  0.99863241288547644     
  0.99936012340456348     
   1.0000200870216216     
  0.99903031053010916     
  0.99917645973887625     
  0.99961346730687939     
  0.99938572735734865     
  0.99991434624052333     
   1.0012102607672613     
   1.0014846864768749     
   1.0031155473560398     
   1.0032516846204498     
   1.0036974770851117     
   1.0047764192623623     
   1.0036717538374209     
   1.0031338020583400     
   1.0050424975431642     
   1.0050286033495459     
   1.0041066270591812     
   1.0045641637697595     
   1.0059645227828444     
   1.0057593066124537     
   1.0066503314405677     
   1.0062643159515654     
   1.0055085640910544     
   1.0051932828388761     
   1.0058786514468443     
   1.0069533505843316     
   1.0057755540961735     
   1.0056240764914108     
   1.0064450343952733     
   1.0061016771268831     
   1.0050229130729587     
   1.0046857177495874     
   1.0047756292698395     
   1.0038430982609263     
   1.0043357545093294     
   1.0048041341388563     
   1.0037509266007938     
   1.0038860760916826     
   1.0041610708524320     
   1.0041710749475268     
   1.0031199627394021     
   1.0037652367084000     
   1.0020712592707988     
   1.0007240234737160     
   1.0010890614344463     
   1.0017926232882222     
   1.0028218238413336     
   1.0018787737017965     
   1.0017796523375073     
   1.0016989676400117     
   1.0012371442008514     
   1.0012961594160195     
  0.99976410758207856     
