 TEMP->   2.5000000000000000     
 DENSITY->   1.2000000476837158     
 N->         864
 CUTOFF->   3.2999999523162842     
 NUM_STEPS->       10000
   0.0000000000000000     
   0.0000000000000000     
   0.0000000000000000     
   0.0000000000000000     
   0.0000000000000000     
   0.0000000000000000     
   0.0000000000000000     
   0.0000000000000000     
   0.0000000000000000     
   0.0000000000000000     
   0.0000000000000000     
   0.0000000000000000     
   0.0000000000000000     
   0.0000000000000000     
   0.0000000000000000     
   0.0000000000000000     
   0.0000000000000000     
   0.0000000000000000     
   0.0000000000000000     
   0.0000000000000000     
   0.0000000000000000     
   0.0000000000000000     
   0.0000000000000000     
   0.0000000000000000     
   0.0000000000000000     
   0.0000000000000000     
   0.0000000000000000     
   0.0000000000000000     
   0.0000000000000000     
   0.0000000000000000     
   0.0000000000000000     
   0.0000000000000000     
   0.0000000000000000     
   0.0000000000000000     
   0.0000000000000000     
   0.0000000000000000     
   0.0000000000000000     
   0.0000000000000000     
   0.0000000000000000     
   0.0000000000000000     
   0.0000000000000000     
   0.0000000000000000     
   0.0000000000000000     
   0.0000000000000000     
   0.0000000000000000     
   0.0000000000000000     
   0.0000000000000000     
   0.0000000000000000     
   0.0000000000000000     
   0.0000000000000000     
   0.0000000000000000     
   0.0000000000000000     
   0.0000000000000000     
   0.0000000000000000     
   0.0000000000000000     
   0.0000000000000000     
   0.0000000000000000     
   0.0000000000000000     
   0.0000000000000000     
   0.0000000000000000     
   0.0000000000000000     
   0.0000000000000000     
   0.0000000000000000     
   0.0000000000000000     
   0.0000000000000000     
   0.0000000000000000     
   0.0000000000000000     
   0.0000000000000000     
   0.0000000000000000     
   0.0000000000000000     
   0.0000000000000000     
   0.0000000000000000     
   0.0000000000000000     
   0.0000000000000000     
   0.0000000000000000     
   0.0000000000000000     
   0.0000000000000000     
   0.0000000000000000     
   0.0000000000000000     
   0.0000000000000000     
   0.0000000000000000     
   3.2392233233636632E-005
   1.3547882641235599E-004
   7.1857602280403520E-004
   3.0757206150170782E-003
   1.0818464518169191E-002
   3.0133916101996810E-002
   7.2328987935439279E-002
  0.15236421949885726     
  0.28341975666734914     
  0.47527561114254829     
  0.73114735591563396     
   1.0511549392669506     
   1.4143215982420279     
   1.8044175084063943     
   2.1941315713672553     
   2.5611710153815763     
   2.8979416389216706     
   3.1721310767032902     
   3.3815867744767645     
   3.5248620651316784     
   3.5986629058934376     
   3.6079696053283019     
   3.5540872026611026     
   3.4590277574427075     
   3.3252587402882594     
   3.1509808312064398     
   2.9628958746633129     
   2.7595694242862052     
   2.5433932461106274     
   2.3311982240756541     
   2.1222734013010478     
   1.9116703572873763     
   1.7109057331651825     
   1.5277132091332373     
   1.3522699247142287     
   1.1885985964160184     
   1.0432587444608965     
  0.91167385756880415     
  0.79447426512208652     
  0.68752097956531810     
  0.59747440972058030     
  0.51909661707347088     
  0.45478855683115826     
  0.39931363093741135     
  0.35370227181334435     
  0.31885287536064166     
  0.29382781475998720     
  0.27750524569956075     
  0.26899211570696729     
  0.26673357521979335     
  0.27083399747320369     
  0.28191768249131371     
  0.29570392546260699     
  0.31609575478717700     
  0.34041501248273709     
  0.36799318294472311     
  0.39778425946706925     
  0.42967928895423280     
  0.46284209812040922     
  0.49414085792549012     
  0.52576210422780756     
  0.55682784036407473     
  0.58313082072108369     
  0.60772674782186298     
  0.63038358644841042     
  0.64663231792696096     
  0.66108066187447745     
  0.66978181096660427     
  0.67044578643433428     
  0.66668515184641752     
  0.66204304695925587     
  0.64875261380930205     
  0.63384728223536335     
  0.61519808850502833     
  0.59618907585824665     
  0.57880947620604994     
  0.56147671245690733     
  0.54859649953983058     
  0.54036176946367598     
  0.53669546881988273     
  0.54026860141293953     
  0.55362656998122550     
  0.57638472357126491     
  0.61029337940582451     
  0.65587312863378533     
  0.71293680314770669     
  0.78203626334848031     
  0.86079379628459574     
  0.94869255531932251     
   1.0440696551564883     
   1.1427002516842537     
   1.2494006296015070     
   1.3559140678100463     
   1.4573363735180447     
   1.5538742461343837     
   1.6424261243307565     
   1.7194883059153303     
   1.7863152973218002     
   1.8397338473598832     
   1.8712169657619520     
   1.8877392941203899     
   1.8815233757415557     
   1.8620384082566774     
   1.8291221398271320     
   1.7800942567156521     
   1.7209540580446645     
   1.6490740449703651     
   1.5719900678311076     
   1.4882616141844525     
   1.4043091287591130     
   1.3214830326196525     
   1.2429598934917889     
   1.1673429765140699     
   1.0982830253469702     
   1.0390649342779639     
  0.98441012794391813     
  0.94106587969601141     
  0.90366566050779440     
  0.87674586259953369     
  0.85708612900755388     
  0.84357772369167006     
  0.83448112198989599     
  0.83026934528676943     
  0.82928705195190988     
  0.82858146878123029     
  0.83024405881512053     
  0.83037738529318450     
  0.83072591321394729     
  0.83175338344350147     
  0.83013960652338525     
  0.82550878442677178     
  0.82356067119904741     
  0.81910935898641868     
  0.81420002301392003     
  0.81117403972546653     
  0.80762678318973624     
  0.80676483141680644     
  0.80885209316906448     
  0.81355401864196841     
  0.82179915724176766     
  0.83249380796459771     
  0.84776831128685382     
  0.86489804676587834     
  0.88569787450083448     
  0.91026478602338357     
  0.93717449699654931     
  0.96620037914920387     
  0.99287108478092023     
   1.0188959567580815     
   1.0423333701431161     
   1.0661665952852839     
   1.0835859951847489     
   1.0936707271245267     
   1.1016903600724965     
   1.1056487675419127     
   1.1015574368908116     
   1.0913683387094164     
   1.0743590661677558     
   1.0530474284241742     
   1.0279265101056680     
  0.99820545331179322     
  0.96468223833130229     
  0.92909149373036604     
  0.89151523917276398     
  0.85509950706077575     
  0.81887943667735452     
  0.78541691986809437     
  0.75122928482370754     
  0.72290936818314089     
  0.69667341417439455     
  0.67572323889646912     
  0.65706626925840417     
  0.64529603805051439     
  0.63876617818989789     
  0.63725136526837067     
  0.64192546086851943     
  0.65318796387895717     
  0.66960869932214673     
  0.69336785553215663     
  0.72266491712771774     
  0.75966784322690617     
  0.80203352429255226     
  0.84973471619513896     
  0.90200839247201026     
  0.95970817458971114     
   1.0207887810309288     
   1.0857010332306212     
   1.1528367796501491     
   1.2219658327342893     
   1.2880000039910022     
   1.3516759888004957     
   1.4090375935523509     
   1.4614878890301144     
   1.5062250836083171     
   1.5439887658129821     
   1.5705912922955467     
   1.5875053671791985     
   1.5932683312794109     
   1.5870387883404280     
   1.5722013094990706     
   1.5469244588170952     
   1.5093927003326244     
   1.4656854990204096     
   1.4128310302818317     
   1.3547166953177485     
   1.2901537504225518     
   1.2261511051276390     
   1.1592228936085032     
   1.0921286818392859     
   1.0266842831792595     
  0.96531340598748816     
  0.90812242070343396     
  0.85676227331729982     
  0.81052560185172773     
  0.77092424306330820     
  0.73982526681485405     
  0.71357014396843177     
  0.69703275173003898     
  0.68798320247867073     
  0.68567528146815004     
  0.68965780474510752     
  0.70004803927646808     
  0.71552882582430943     
  0.73732667611308156     
  0.76175877900237021     
  0.79025491020400318     
  0.81983884962395426     
  0.85286982577797898     
  0.88482615668312792     
  0.91611276025551824     
  0.94727556178012640     
  0.97676363700961877     
   1.0024915570355266     
   1.0258782935218784     
   1.0461206713753393     
   1.0615460786286535     
   1.0724205864703316     
   1.0811127236214337     
   1.0855044576887196     
   1.0857981959268732     
   1.0823226585999570     
   1.0765948989345226     
   1.0688443537613392     
   1.0583405678436417     
   1.0464797276428248     
   1.0333738237455421     
   1.0190683612895988     
   1.0050173637776685     
  0.98879970483723223     
  0.97519636049740177     
  0.96184729908024191     
  0.94767288194506849     
  0.93536597741443783     
  0.92320020687374893     
  0.91173240606647399     
  0.90220162898937795     
  0.89299524568950639     
  0.88632443445311593     
  0.87820444051147362     
  0.87295507203245160     
  0.86735116674486457     
  0.86204402983498185     
  0.85815086571574550     
  0.85537062325409297     
  0.85261870141649954     
  0.85118041586415805     
  0.84995313286227003     
  0.84984728314048985     
  0.85017059020142094     
  0.85093023463982553     
  0.85305776589744586     
  0.85636836720822340     
  0.86174163665813419     
  0.86791707305128019     
  0.87659734606601847     
  0.88719107561436339     
  0.89918443449181118     
  0.91424436299960754     
  0.93087368536803028     
  0.95121500034749717     
  0.97337355911564560     
  0.99867224592038373     
   1.0262544718513551     
   1.0559470288438373     
   1.0890464894508143     
   1.1220123725233075     
   1.1565332686461995     
   1.1924424381904186     
   1.2273467188834557     
   1.2622680707453053     
   1.2954665579390381     
   1.3250301171654002     
   1.3509853392036855     
   1.3744209198741939     
   1.3918619498120073     
   1.4031961977254712     
   1.4086292155215498     
   1.4082737972866299     
   1.4004644553147787     
   1.3874496500340248     
   1.3666871382996084     
   1.3400204747779687     
   1.3080098533307385     
   1.2713959952864533     
   1.2301278558603921     
   1.1862642288327663     
   1.1424125905165743     
   1.0959504183380637     
   1.0500613535718459     
   1.0051108219645812     
  0.96300017983506969     
  0.92579670990013796     
  0.89097291658508859     
  0.86035906667991702     
  0.83543416230124534     
  0.81572051314081673     
  0.80135565296495681     
  0.79150019565499374     
  0.78615714157516503     
  0.78593089337449329     
  0.78832117106996946     
  0.79213378723392225     
  0.79932686228389216     
  0.80658432954248649     
  0.81476540845973700     
  0.82266835793049442     
  0.83007568725843406     
  0.83743046074415206     
  0.84180110643781525     
  0.84437149165991776     
  0.84595619070699934     
  0.84574490868030716     
  0.84424449212410035     
  0.84271174955311479     
  0.83887612934198774     
  0.83480854065896370     
  0.83149473423536724     
  0.82736152706232013     
  0.82569195010953278     
  0.82461381762871311     
  0.82515179983075682     
  0.82667268653426063     
  0.83168161373409055     
  0.83749722208421129     
  0.84545391423147132     
  0.85565794393154471     
  0.86836194517134158     
  0.88131976322097916     
  0.89618716265689236     
  0.91125800656526756     
  0.92620823831088672     
  0.94311931503479673     
  0.95866912272649107     
  0.97491597866411261     
  0.99008737202322417     
   1.0044088064366372     
   1.0184101355258148     
   1.0324836485610871     
   1.0454731511459288     
   1.0575952384837832     
   1.0702572910500632     
   1.0824590688328317     
   1.0948035847194433     
   1.1083539370067748     
   1.1215935531753485     
   1.1343328603861602     
   1.1476683049168905     
   1.1212551722026369     
