 TEMP->   1.2500000000000000     
 DENSITY->  0.60000002384185791     
 N->         864
 CUTOFF->   3.2999999523162842     
 NUM_STEPS->       10000
   0.0000000000000000     
   0.0000000000000000     
   0.0000000000000000     
   0.0000000000000000     
   0.0000000000000000     
   0.0000000000000000     
   0.0000000000000000     
   0.0000000000000000     
   0.0000000000000000     
   0.0000000000000000     
   0.0000000000000000     
   0.0000000000000000     
   0.0000000000000000     
   0.0000000000000000     
   0.0000000000000000     
   0.0000000000000000     
   0.0000000000000000     
   0.0000000000000000     
   0.0000000000000000     
   0.0000000000000000     
   0.0000000000000000     
   0.0000000000000000     
   0.0000000000000000     
   0.0000000000000000     
   0.0000000000000000     
   0.0000000000000000     
   0.0000000000000000     
   0.0000000000000000     
   0.0000000000000000     
   0.0000000000000000     
   0.0000000000000000     
   0.0000000000000000     
   0.0000000000000000     
   0.0000000000000000     
   0.0000000000000000     
   0.0000000000000000     
   0.0000000000000000     
   0.0000000000000000     
   0.0000000000000000     
   0.0000000000000000     
   0.0000000000000000     
   0.0000000000000000     
   0.0000000000000000     
   0.0000000000000000     
   0.0000000000000000     
   0.0000000000000000     
   0.0000000000000000     
   0.0000000000000000     
   0.0000000000000000     
   0.0000000000000000     
   0.0000000000000000     
   0.0000000000000000     
   0.0000000000000000     
   0.0000000000000000     
   0.0000000000000000     
   0.0000000000000000     
   0.0000000000000000     
   0.0000000000000000     
   0.0000000000000000     
   0.0000000000000000     
   0.0000000000000000     
   0.0000000000000000     
   0.0000000000000000     
   0.0000000000000000     
   0.0000000000000000     
   0.0000000000000000     
   0.0000000000000000     
   0.0000000000000000     
   0.0000000000000000     
   0.0000000000000000     
   0.0000000000000000     
   0.0000000000000000     
   0.0000000000000000     
   0.0000000000000000     
   0.0000000000000000     
   0.0000000000000000     
   0.0000000000000000     
   0.0000000000000000     
   0.0000000000000000     
   0.0000000000000000     
   0.0000000000000000     
   0.0000000000000000     
   0.0000000000000000     
   0.0000000000000000     
   0.0000000000000000     
   1.6818444645424312E-005
   2.8755696641534679E-005
   3.4525534717885136E-004
   1.4402490291327906E-003
   4.9576345675922508E-003
   1.4182010474303479E-002
   3.3074437517920524E-002
   7.2025947439962643E-002
  0.13643045969130782     
  0.22891876755416596     
  0.35639845111233937     
  0.51275406020020176     
  0.69663843172456996     
  0.89485318301460337     
   1.0949057342361925     
   1.2957992419024464     
   1.4766174894620758     
   1.6484264506502782     
   1.7941905938152301     
   1.9098686590542731     
   1.9972672787711103     
   2.0616317287014985     
   2.0997438551320760     
   2.1232482184858199     
   2.1272239029861217     
   2.1194260406466698     
   2.0888065602453101     
   2.0519125489881098     
   2.0129991173085191     
   1.9661538097334359     
   1.9190414476993070     
   1.8663495335994966     
   1.8123138762641540     
   1.7627574095423009     
   1.7124508834855108     
   1.6644917218347950     
   1.6129279288073579     
   1.5611047425595239     
   1.5106248610548765     
   1.4619554770254082     
   1.4157106845320837     
   1.3785015405594505     
   1.3375427314648378     
   1.2953899449829713     
   1.2608902900698411     
   1.2270825555131804     
   1.1961726757908413     
   1.1709774990218362     
   1.1439977655196185     
   1.1108950442592116     
   1.0873030575303202     
   1.0628157419457529     
   1.0408480569159579     
   1.0231640424763955     
   1.0016627187438569     
  0.98300795275982444     
  0.96310531980521652     
  0.94913445970212595     
  0.93481629976925318     
  0.91906666045489560     
  0.90757447959152637     
  0.89410244829688446     
  0.88436109532643736     
  0.87924225145023827     
  0.86725923388513426     
  0.85657176600878315     
  0.84635244904761608     
  0.84012507600714792     
  0.83372019071129255     
  0.82898629553455228     
  0.82486667117768575     
  0.82188867409887045     
  0.81650213209758193     
  0.81354822245716918     
  0.81416814249833969     
  0.81028755213412829     
  0.80759169764204375     
  0.80701793556212897     
  0.80555034368067280     
  0.80416545464656219     
  0.80585569601396811     
  0.80798739326357183     
  0.81056304297479631     
  0.81126379475326704     
  0.81142839210135131     
  0.81961870440944407     
  0.81955424024161450     
  0.82424766512769121     
  0.82946490944165707     
  0.83508110104945832     
  0.84055471166024176     
  0.84671828934763738     
  0.85362070283472891     
  0.85967035650165358     
  0.86784975135785747     
  0.87635789148768373     
  0.88471779066250655     
  0.89050013709361864     
  0.90073132543151868     
  0.90785641533989814     
  0.91779687825147893     
  0.92582619398960730     
  0.93542038509696290     
  0.94560369151313739     
  0.95330193867517488     
  0.96091644017167943     
  0.97023716051821307     
  0.97822956639623071     
  0.99080768565909083     
   1.0004785416239310     
   1.0098189629197969     
   1.0171204600758024     
   1.0227601558048443     
   1.0302661825131429     
   1.0398566305078853     
   1.0499886743123565     
   1.0594623428808638     
   1.0678668630391357     
   1.0753332486765710     
   1.0804670484181460     
   1.0849574901887400     
   1.0897069276547418     
   1.0936157499717005     
   1.0960767514459415     
   1.1017142894318019     
   1.1054342504268371     
   1.1065329345078017     
   1.1078730944895281     
   1.1091342593307463     
   1.1087953240356812     
   1.1076736204748054     
   1.1058603454161644     
   1.1059184068642500     
   1.1026205612604008     
   1.1003766328256235     
   1.0957901595061752     
   1.0918397616571265     
   1.0894588064228099     
   1.0843569258829207     
   1.0817199711917205     
   1.0770367229172322     
   1.0718623989393072     
   1.0675621253537337     
   1.0635196091533383     
   1.0557936060644542     
   1.0527790751012336     
   1.0472157329732412     
   1.0426397567355152     
   1.0387998153355735     
   1.0363405295709847     
   1.0303407228039170     
   1.0287827211970240     
   1.0222921307787578     
   1.0179224924857655     
   1.0128339455994735     
   1.0077702130790200     
   1.0046558656094395     
  0.99979655963976921     
  0.99767089976634493     
  0.99398704068250876     
  0.99146723537475590     
  0.98735398901047999     
  0.98675752330723909     
  0.98323930764874379     
  0.98258727605073404     
  0.98131132029259605     
  0.97714049869005759     
  0.97404713126551123     
  0.97290871162109815     
  0.96872806712077608     
  0.96691502393965456     
  0.96794306827676480     
  0.96674867935247000     
  0.96560586285597516     
  0.96265902086494870     
  0.96263224072873654     
  0.96072269184904102     
  0.96010605320698306     
  0.96055610985630802     
  0.96013101771527176     
  0.95978099372015757     
  0.96063999232512298     
  0.96085540137237324     
  0.96239846549145458     
  0.96197809966796621     
  0.96615674228422999     
  0.96714214383258335     
  0.96867569103281670     
  0.96874993791318775     
  0.97138033331852502     
  0.97174772864743098     
  0.97054057883632872     
  0.97348107186979449     
  0.97576233148788283     
  0.97608569424052471     
  0.97709493832058048     
  0.98024164557928917     
  0.98069618600321584     
  0.98240489669515318     
  0.98436349378964838     
  0.98631131873540223     
  0.98857573415424183     
  0.98859679519905630     
  0.98916990103235147     
  0.99267918886974615     
  0.99463805643717806     
  0.99782760087241407     
   1.0011985982848166     
   1.0024713638639835     
   1.0038140008254093     
   1.0041785083596497     
   1.0052802603985627     
   1.0077888841687981     
   1.0095597412122705     
   1.0108205540348023     
   1.0111838034461857     
   1.0135433705605368     
   1.0143861802673746     
   1.0146796782607308     
   1.0146398145770710     
   1.0176043131114823     
   1.0179015525639155     
   1.0205067117527853     
   1.0204375570252993     
   1.0193083503979026     
   1.0194796284383438     
   1.0197357189833693     
   1.0210185894547543     
   1.0201393004220363     
   1.0225805717612588     
   1.0199507986676699     
   1.0209268776630491     
   1.0207925888794711     
   1.0197523757420974     
   1.0204316950452683     
   1.0181682152060152     
   1.0180247276129895     
   1.0183333274857620     
   1.0159095386795536     
   1.0159738557595377     
   1.0145491119118473     
   1.0138625930190581     
   1.0134337605051114     
   1.0127800066137076     
   1.0119179011250468     
   1.0092656003939218     
   1.0082286749752771     
   1.0068851303722444     
   1.0069486772179850     
   1.0064234556657914     
   1.0043391107794977     
   1.0035720129413279     
   1.0019892594588551     
   1.0023219008047037     
   1.0019790941155300     
   1.0013899878225618     
   1.0002626811007265     
  0.99925040545429245     
  0.99885058674297700     
  0.99750957432948417     
  0.99818013631619373     
  0.99881969577991536     
  0.99875423471507141     
  0.99579457933497750     
  0.99656822688949720     
  0.99590173245666658     
  0.99590509035611019     
  0.99489648529929298     
  0.99393203932564300     
  0.99370713637143959     
  0.99475122671489014     
  0.99625288234935083     
  0.99542378287598610     
  0.99516908678341676     
  0.99407869882253241     
  0.99352360854033395     
  0.99274352250273901     
  0.99323123292835236     
  0.99269363393594123     
  0.99210139964211275     
  0.99300068291818300     
  0.99186261733051173     
  0.99358500705043462     
  0.99613130993517174     
  0.99616407717088606     
  0.99706061702430937     
  0.99612689973246538     
  0.99545951688883072     
  0.99641280077273164     
  0.99568226755883205     
  0.99551040465139884     
  0.99500323381588440     
  0.99393724062176481     
  0.99558436736958367     
  0.99619450617589123     
  0.99745046948142657     
  0.99642262710325802     
  0.99744630614646357     
  0.99722881788785112     
  0.99652981408173225     
  0.99851236278011390     
  0.99717057836244305     
  0.99819339005227958     
  0.99905338066762484     
  0.99838281920904803     
   1.0003553901869571     
   1.0009359665677642     
   1.0016365103600791     
   1.0024083252831535     
   1.0025630065529614     
   1.0025954293964701     
   1.0026313897549997     
   1.0028406566692321     
   1.0037823154295387     
   1.0029841244297348     
   1.0025429765437390     
   1.0021008292488243     
   1.0027632457603193     
   1.0030152505570531     
   1.0041294128408096     
   1.0034617715960277     
   1.0030268176845689     
   1.0032826038621956     
   1.0042462732924899     
   1.0036604460404768     
   1.0037038928629185     
   1.0041295009646138     
   1.0032714689837923     
   1.0027558511053147     
   1.0021363817992981     
   1.0035084976938189     
   1.0037766613936139     
   1.0046475738074336     
   1.0037119851649166     
   1.0032765614163448     
   1.0040283114063333     
   1.0035194535413847     
   1.0033834900426697     
   1.0040424027185590     
   1.0032677347489403     
   1.0022904495846787     
   1.0024554117092468     
   1.0018510335209763     
   1.0024935260617953     
   1.0027072910062782     
   1.0031382855806723     
   1.0028014203617044     
   1.0027829489727851     
   1.0029170456702465     
   1.0022667571677466     
   1.0028791851346592     
   1.0018719608390960     
   1.0011931345733585     
  0.99954920051891927     
   1.0003920465424287     
   1.0024711883773441     
   1.0006984373037817     
  0.99907430115939966     
   1.0002182260379140     
  0.99988083554945495     
   1.0010327296343036     
   1.0002040988636784     
  0.99948844487001576     
   1.0011514275187545     
   1.0007063919655717     
  0.99902960348713021     
   1.0000732255110072     
  0.99970917044101704     
  0.99945233093800023     
   1.0012148160619587     
   1.0015076636561584     
   1.0018069234271911     
   1.0005823192109706     
  0.99938093381030080     
  0.99977427330773949     
  0.99913060354099015     
  0.99941669891104135     
  0.99993928177809499     
  0.99944783003332949     
  0.99996164848488156     
   1.0002293453617044     
  0.99959886072602300     
  0.99995524796057889     
  0.99982350589858870     
   1.0002322291753896     
   1.0000784724073311     
  0.99951910965774171     
  0.99973241709995697     
  0.99964546595706161     
   1.0001854419270690     
   1.0018803324067087     
  0.99977366684639579     
   1.0013951575577840     
   1.0017566468795196     
   1.0015454730994267     
   1.0025878390748388     
   1.0012094413528576     
   1.0016133085376764     
   1.0003464999319478     
  0.99963194391961752     
  0.99908025945194034     
  0.99850790663604383     
  0.99858884830399675     
  0.99963490299593916     
  0.99954806349102554     
  0.99962136472270624     
  0.99946033193532069     
  0.99989250983287814     
   1.0002371301609292     
  0.99854517782805186     
  0.99920015691983732     
  0.99945959893620795     
   1.0009856370308075     
   1.0010086261554887     
  0.99961912703428424     
  0.99960919516126145     
  0.99834262428954379     
  0.99970007996160715     
   1.0009632300389077     
   1.0009907401784306     
   1.0015362099295382     
   1.0003756748905759     
   1.0004471346053414     
   1.0008302959703967     
   1.0002011571700578     
   1.0006354534479298     
   1.0009534481622926     
   1.0019195970471484     
   1.0008908541450621     
   1.0008081698841123     
   1.0010886050192116     
   1.0008414659219638     
   1.0016303183000066     
   1.0025539314570173     
   1.0020002093483440     
   1.0028563964814439     
   1.0021584383515736     
   1.0024130906515309     
   1.0018129370754325     
   1.0018062560256698     
   1.0016460048327847     
   1.0016844302835270     
   1.0010978822638470     
   1.0011805281998118     
   1.0016885540012430     
   1.0007782772253613     
   1.0008983601480945     
   1.0012596887331422     
   1.0009224003503288     
   1.0010800464732950     
   1.0010205220258939     
   1.0005093965153193     
   1.0003678259120092     
   1.0010602062855627     
   1.0010805668629517     
   1.0011472662704832     
   1.0005996089280469     
   1.0004791537341478     
  0.99969997443734504     
  0.99893096143589100     
   1.0002006823469745     
   1.0002372558548027     
   1.0011163235065277     
   1.0014264537641622     
   1.0015111814445921     
   1.0006583169542596     
   1.0003320600685552     
   1.0004888538464289     
   1.0010901641392935     
   1.0005676045515648     
   1.0013734642187577     
   1.0006798233435179     
   1.0013765400543329     
   1.0015843311940784     
   1.0011477865200231     
   1.0004646555016274     
   1.0012679229796815     
   1.0009175309982867     
   1.0018899458355992     
   1.0002518215725755     
