 TEMP->  0.50000000000000000     
 DENSITY->  0.44999998807907104     
 N->         864
 CUTOFF->   3.2999999523162842     
 NUM_STEPS->       10000
   0.0000000000000000     
   0.0000000000000000     
   0.0000000000000000     
   0.0000000000000000     
   0.0000000000000000     
   0.0000000000000000     
   0.0000000000000000     
   0.0000000000000000     
   0.0000000000000000     
   0.0000000000000000     
   0.0000000000000000     
   0.0000000000000000     
   0.0000000000000000     
   0.0000000000000000     
   0.0000000000000000     
   0.0000000000000000     
   0.0000000000000000     
   0.0000000000000000     
   0.0000000000000000     
   0.0000000000000000     
   0.0000000000000000     
   0.0000000000000000     
   0.0000000000000000     
   0.0000000000000000     
   0.0000000000000000     
   0.0000000000000000     
   0.0000000000000000     
   0.0000000000000000     
   0.0000000000000000     
   0.0000000000000000     
   0.0000000000000000     
   0.0000000000000000     
   0.0000000000000000     
   0.0000000000000000     
   0.0000000000000000     
   0.0000000000000000     
   0.0000000000000000     
   0.0000000000000000     
   0.0000000000000000     
   0.0000000000000000     
   0.0000000000000000     
   0.0000000000000000     
   0.0000000000000000     
   0.0000000000000000     
   0.0000000000000000     
   0.0000000000000000     
   0.0000000000000000     
   0.0000000000000000     
   0.0000000000000000     
   0.0000000000000000     
   0.0000000000000000     
   0.0000000000000000     
   0.0000000000000000     
   0.0000000000000000     
   0.0000000000000000     
   0.0000000000000000     
   0.0000000000000000     
   0.0000000000000000     
   0.0000000000000000     
   0.0000000000000000     
   0.0000000000000000     
   0.0000000000000000     
   0.0000000000000000     
   0.0000000000000000     
   0.0000000000000000     
   0.0000000000000000     
   0.0000000000000000     
   0.0000000000000000     
   0.0000000000000000     
   0.0000000000000000     
   0.0000000000000000     
   0.0000000000000000     
   0.0000000000000000     
   0.0000000000000000     
   0.0000000000000000     
   0.0000000000000000     
   0.0000000000000000     
   0.0000000000000000     
   0.0000000000000000     
   0.0000000000000000     
   0.0000000000000000     
   0.0000000000000000     
   0.0000000000000000     
   0.0000000000000000     
   0.0000000000000000     
   0.0000000000000000     
   0.0000000000000000     
   0.0000000000000000     
   4.7092614425614773E-005
   7.6743574240300730E-005
   4.7536070716640749E-004
   2.4573010298729026E-003
   9.2011208110065867E-003
   2.7527049182676018E-002
   7.1586309659080055E-002
  0.15724298053258046     
  0.29992622388444179     
  0.51974131301337823     
  0.82526910407332921     
   1.2035259484790124     
   1.6295233090842438     
   2.0958171130083731     
   2.5435366194878983     
   2.9645246747950127     
   3.3507593809452167     
   3.6619464229185756     
   3.8896564897521411     
   4.0366420032785841     
   4.1289325844903297     
   4.1575468514304390     
   4.1367560459238231     
   4.0537886730140267     
   3.9434433300107248     
   3.8334548756195872     
   3.6896194836888814     
   3.5323510416919741     
   3.3839224673310309     
   3.2293273683152055     
   3.0653328075539195     
   2.9176969223521798     
   2.7622417053049002     
   2.6191946190257744     
   2.4799260090727384     
   2.3577146179056743     
   2.2374493874604631     
   2.1241295031470790     
   2.0150594401593209     
   1.9311676359689964     
   1.8450066915188694     
   1.7579918758468536     
   1.6754723914650729     
   1.6005328275156439     
   1.5381700746187286     
   1.4789402471541964     
   1.4233296618565687     
   1.3770640252154316     
   1.3289016602559049     
   1.2917115757538642     
   1.2552886318402015     
   1.2115245632086320     
   1.1820911604325084     
   1.1592586925702340     
   1.1293054864461078     
   1.1022270802627931     
   1.0806903919972723     
   1.0585129507255189     
   1.0362062167574606     
   1.0196266830884866     
   1.0062602223242052     
  0.98959252291450683     
  0.97751862367121234     
  0.96901341411871911     
  0.96300256754566904     
  0.95975806482857917     
  0.95430697973567535     
  0.94366557789423844     
  0.93969797096534569     
  0.93766950707437147     
  0.93756179278584939     
  0.93601376921282908     
  0.93456823274314416     
  0.94025162125032236     
  0.94458714578268088     
  0.95157815688917702     
  0.95798003079638527     
  0.96484194211866448     
  0.97536575739968345     
  0.98405692203376283     
   1.0003389475009778     
   1.0096690208777472     
   1.0239761054097396     
   1.0391358526612404     
   1.0511231043402167     
   1.0710841352085765     
   1.0836182121859621     
   1.1044267188418457     
   1.1313402552513501     
   1.1524239426256275     
   1.1734259475875517     
   1.1952837612302116     
   1.2193412775686345     
   1.2400182484336311     
   1.2679257006717266     
   1.2884624468577037     
   1.3150072103264145     
   1.3335077894664116     
   1.3587019899531161     
   1.3781411285201755     
   1.3997878421887735     
   1.4264268448958506     
   1.4465991503141338     
   1.4656822354919163     
   1.4848325525215460     
   1.5063610280900130     
   1.5215259574048616     
   1.5387795139859950     
   1.5564509191305578     
   1.5733239512902855     
   1.5882509166115513     
   1.6035715293629693     
   1.6159504265175078     
   1.6307708597036144     
   1.6460009963541757     
   1.6525874596218555     
   1.6586325216165596     
   1.6673292392942936     
   1.6789824103050419     
   1.6836940492116732     
   1.6841949252133970     
   1.6823143900567872     
   1.6855507032699797     
   1.6844381873526326     
   1.6819495835512577     
   1.6763614120883437     
   1.6668893703453636     
   1.6590181011462060     
   1.6492351696353795     
   1.6403638132826532     
   1.6245095405461609     
   1.6050255960994304     
   1.5886562718145931     
   1.5735848263304399     
   1.5570895583676576     
   1.5392448742193121     
   1.5200431861351407     
   1.5006936597462261     
   1.4867591873135915     
   1.4673369063554780     
   1.4458390325883348     
   1.4287583086593270     
   1.4040996894498563     
   1.3903696719987457     
   1.3742381459551121     
   1.3575120568465178     
   1.3389510817997798     
   1.3258187868588363     
   1.3082815250778135     
   1.2944453209851023     
   1.2794495541128408     
   1.2637826378680250     
   1.2499668304788478     
   1.2392219844306229     
   1.2297119085698891     
   1.2159918353238686     
   1.2073713855388284     
   1.1964198381405762     
   1.1903804791366746     
   1.1835303943268713     
   1.1764027132882791     
   1.1700192733161128     
   1.1651499539482177     
   1.1617852271269846     
   1.1552559431986646     
   1.1543575708645963     
   1.1508377136310517     
   1.1500508000674949     
   1.1486394235342094     
   1.1505658334144044     
   1.1475946647769986     
   1.1454967926211206     
   1.1500905250100948     
   1.1521839702826429     
   1.1567613154998733     
   1.1600951663291106     
   1.1634165071253721     
   1.1658305766235348     
   1.1710943631008977     
   1.1773403407447287     
   1.1820636514248226     
   1.1881629285653224     
   1.1933473343118393     
   1.1985450202453096     
   1.2046559834939652     
   1.2122887699345151     
   1.2218932090499659     
   1.2265889873992029     
   1.2336326034366740     
   1.2394142301677671     
   1.2493689606637106     
   1.2542593736108809     
   1.2635987529647299     
   1.2681240556190074     
   1.2768072412352254     
   1.2805429398146477     
   1.2874149069789591     
   1.2912783693136294     
   1.2969144522219485     
   1.3029665775789481     
   1.3075172156104229     
   1.3136727433207114     
   1.3180824154633592     
   1.3251373469349195     
   1.3292950354632542     
   1.3322031285713434     
   1.3352169163566621     
   1.3389681265525899     
   1.3404637407565672     
   1.3435394029270777     
   1.3427561642266195     
   1.3421032694742185     
   1.3401903134500359     
   1.3404619930164643     
   1.3396080063257714     
   1.3404277274627925     
   1.3380722547071444     
   1.3349135182252991     
   1.3313172402337918     
   1.3286474416741227     
   1.3258864775112056     
   1.3215401431668004     
   1.3181905438137635     
   1.3185079337061463     
   1.3148767519557611     
   1.3098906094230576     
   1.3064365440449515     
   1.3013666033582765     
   1.2977803784584134     
   1.2912708662354477     
   1.2852290639765354     
   1.2815154362550263     
   1.2763732015529037     
   1.2698347462750577     
   1.2630363062250329     
   1.2578130411059443     
   1.2546643960417005     
   1.2466096765228178     
   1.2386860747638824     
   1.2353453716178380     
   1.2287923433016350     
   1.2237537899116044     
   1.2183135255663358     
   1.2145719801377410     
   1.2109549080749573     
   1.2042807254156997     
   1.2008050113221105     
   1.1948505095849506     
   1.1924145906106860     
   1.1854013536983785     
   1.1823539962509284     
   1.1768301312588783     
   1.1733131770924357     
   1.1699732013979494     
   1.1666270174354560     
   1.1621318375233614     
   1.1579812823980229     
   1.1550155455122764     
   1.1536017712875302     
   1.1485062301846536     
   1.1462143685695008     
   1.1451300057854286     
   1.1436573726562782     
   1.1422575698085284     
   1.1393146257629674     
   1.1377775227491169     
   1.1394726636732906     
   1.1382771051808065     
   1.1363837187908901     
   1.1367087940137117     
   1.1382284282847777     
   1.1384765720504151     
   1.1388816737745866     
   1.1371239078728310     
   1.1373504561394210     
   1.1375917308993255     
   1.1393694316948837     
   1.1419745556333045     
   1.1420538201021153     
   1.1435163244431819     
   1.1450098346872752     
   1.1469732333160660     
   1.1481180664589949     
   1.1494064945738571     
   1.1514578805285633     
   1.1538377735249017     
   1.1557097880663267     
   1.1578364662178684     
   1.1593200290028662     
   1.1589618844963394     
   1.1609805520422469     
   1.1632598099862217     
   1.1649021149999017     
   1.1651869490818603     
   1.1661747365873791     
   1.1685631007202857     
   1.1686058986224857     
   1.1684367293027711     
   1.1698646194151479     
   1.1720346218048994     
   1.1724776323952593     
   1.1717090799604182     
   1.1705943823026965     
   1.1708260524635554     
   1.1711689223239512     
   1.1716556968225502     
   1.1717511938881500     
   1.1722567599864313     
   1.1731218780863497     
   1.1710642067162522     
   1.1713443237774730     
   1.1698575142195333     
   1.1700526348283615     
   1.1667155617185405     
   1.1650457568053305     
   1.1635631633578367     
   1.1631337072017047     
   1.1602547830998662     
   1.1582224092248692     
   1.1555335805272753     
   1.1567370158378794     
   1.1552065637305582     
   1.1520852648904989     
   1.1474215116051534     
   1.1445752983931747     
   1.1433934132921215     
   1.1420135223172503     
   1.1402583465549205     
   1.1378951962446069     
   1.1341858922603076     
   1.1316944839024967     
   1.1285965473965569     
   1.1260353454140091     
   1.1221616372306413     
   1.1194653783723643     
   1.1189825166423772     
   1.1172957378044091     
   1.1132417787581197     
   1.1107824917081859     
   1.1071120896681239     
   1.1077139953215118     
   1.1066911761340623     
   1.1031217781267948     
   1.1005138425284262     
   1.0979951050894450     
   1.0965050010094732     
   1.0972196649862416     
   1.0925327187889418     
   1.0912042305383780     
   1.0892690233932560     
   1.0872531394128773     
   1.0835021950213946     
   1.0841006088097969     
   1.0835370493673158     
   1.0803414118131092     
   1.0791562793453373     
   1.0777275588599498     
   1.0786847174377809     
   1.0751921139180489     
   1.0754042267873014     
   1.0745074457541286     
   1.0727427079378149     
   1.0721651486375980     
   1.0721474987487560     
   1.0714696389650136     
   1.0700396636051051     
   1.0688801145532991     
   1.0690973627908296     
   1.0695445391999172     
   1.0679246223001493     
   1.0668205796418204     
   1.0680731734068740     
   1.0685633061174549     
   1.0667308781727651     
   1.0658731619654283     
   1.0652549890663978     
   1.0658266209851623     
   1.0669677327338236     
   1.0664002445479763     
   1.0671083757275583     
   1.0673083847618134     
   1.0669801525028868     
   1.0665091793682671     
   1.0659833782439334     
   1.0662128015684265     
   1.0676383027790497     
   1.0678837572474027     
   1.0663359447112979     
   1.0660161997868436     
   1.0675382458887903     
   1.0672145234184005     
   1.0664350327394589     
   1.0672453524347523     
   1.0670800730283132     
   1.0660060401517342     
   1.0660035927402101     
   1.0672398488111434     
   1.0652253838871792     
   1.0658107267966694     
   1.0658649759862715     
   1.0657566580039024     
   1.0632439206210373     
   1.0631589086833491     
   1.0619308373481735     
   1.0614908113419774     
   1.0602008814038595     
   1.0602990492579030     
   1.0594017900463555     
   1.0578910220129603     
   1.0587423646897567     
   1.0574217438628832     
   1.0565588520642240     
   1.0555036471748065     
   1.0565762523117870     
   1.0550284762188871     
   1.0525531736870259     
   1.0520891920374202     
   1.0510838428543026     
   1.0487345751619537     
   1.0480555833741554     
   1.0477981062189821     
   1.0464799807137999     
   1.0442128946767792     
   1.0427349664216174     
   1.0420360816476810     
   1.0397191021299435     
   1.0387898307481556     
   1.0388691508169159     
   1.0371488254183880     
   1.0367733431731736     
   1.0335946956693762     
   1.0323221813326537     
   1.0311027848105105     
   1.0296173621987894     
   1.0292499005916307     
   1.0274525938412185     
   1.0266305636562092     
   1.0246846521704258     
   1.0233927675747394     
   1.0240998699879613     
   1.0210727414356835     
   1.0196998907691122     
   1.0186362221922547     
   1.0166582035153846     
   1.0165079091645874     
   1.0148971682639929     
   1.0150539277698103     
   1.0135823543625053     
   1.0129029202044280     
   1.0130559028911128     
   1.0124855079010207     
   1.0107106176977900     
   1.0105195430560960     
   1.0102528224691911     
   1.0088843218768759     
   1.0074127698311131     
   1.0073053917227852     
   1.0068791220745714     
   1.0067974877480317     
   1.0058367810671140     
   1.0052565734734082     
   1.0050266738658562     
   1.0036351624334607     
   1.0031861487764315     
   1.0039259966068916     
   1.0038347406932151     
   1.0030746336423388     
   1.0023991508745798     
   1.0029281194335220     
   1.0031943373685501     
   1.0031237536681394     
   1.0014932778108387     
   1.0013149978285565     
   1.0015604582845632     
   1.0006217634267855     
  0.99985623580943328     
  0.99967424371226088     
  0.99945678396375892     
  0.99948645625442056     
  0.99896112887879795     
  0.99750256173253815     
  0.99811190672711270     
  0.99744966543595703     
  0.99796894109478629     
  0.99692201850032114     
  0.99648613221943305     
  0.99628291186382756     
  0.99545082269060270     
  0.99464551143682445     
  0.99488234555408017     
  0.99579259289341038     
  0.99487570987779250     
  0.99305853765031549     
  0.99316084679686811     
  0.99195238821286769     
  0.99229841224828219     
  0.99152137728674550     
  0.99164477233651138     
  0.99126391012558901     
  0.98977173303569843     
  0.98960526548385086     
  0.98954449596303695     
  0.98948422069342690     
  0.98817097218573802     
  0.98838066766903054     
  0.98703196871237597     
  0.98661949338772781     
  0.98481475933248341     
  0.98484458855438706     
  0.98467653521329068     
  0.98426143913288999     
  0.98366232338163206     
  0.98423619887510205     
  0.98286725727266244     
  0.98169017328315200     
  0.98121099356024977     
  0.98113111059948321     
  0.98185782163023971     
  0.98124024058058956     
  0.97983541561919774     
  0.97961228119967592     
  0.97769878142848621     
  0.97730029141781483     
  0.97682837611527962     
  0.97584024315619011     
  0.97587230191729024     
  0.97531769262288737     
  0.97466849933228827     
  0.97375291047304613     
  0.97251225969328148     
  0.97111458766366698     
  0.97081798389312990     
  0.96917931148180914     
  0.96847855546776462     
