 TEMP->   1.0000000000000000     
 DENSITY->  0.94999998807907104     
 N->         864
 CUTOFF->   3.2999999523162842     
 NUM_STEPS->       10000
   0.0000000000000000     
   0.0000000000000000     
   0.0000000000000000     
   0.0000000000000000     
   0.0000000000000000     
   0.0000000000000000     
   0.0000000000000000     
   0.0000000000000000     
   0.0000000000000000     
   0.0000000000000000     
   0.0000000000000000     
   0.0000000000000000     
   0.0000000000000000     
   0.0000000000000000     
   0.0000000000000000     
   0.0000000000000000     
   0.0000000000000000     
   0.0000000000000000     
   0.0000000000000000     
   0.0000000000000000     
   0.0000000000000000     
   0.0000000000000000     
   0.0000000000000000     
   0.0000000000000000     
   0.0000000000000000     
   0.0000000000000000     
   0.0000000000000000     
   0.0000000000000000     
   0.0000000000000000     
   0.0000000000000000     
   0.0000000000000000     
   0.0000000000000000     
   0.0000000000000000     
   0.0000000000000000     
   0.0000000000000000     
   0.0000000000000000     
   0.0000000000000000     
   0.0000000000000000     
   0.0000000000000000     
   0.0000000000000000     
   0.0000000000000000     
   0.0000000000000000     
   0.0000000000000000     
   0.0000000000000000     
   0.0000000000000000     
   0.0000000000000000     
   0.0000000000000000     
   0.0000000000000000     
   0.0000000000000000     
   0.0000000000000000     
   0.0000000000000000     
   0.0000000000000000     
   0.0000000000000000     
   0.0000000000000000     
   0.0000000000000000     
   0.0000000000000000     
   0.0000000000000000     
   0.0000000000000000     
   0.0000000000000000     
   0.0000000000000000     
   0.0000000000000000     
   0.0000000000000000     
   0.0000000000000000     
   0.0000000000000000     
   0.0000000000000000     
   0.0000000000000000     
   0.0000000000000000     
   0.0000000000000000     
   0.0000000000000000     
   0.0000000000000000     
   0.0000000000000000     
   0.0000000000000000     
   0.0000000000000000     
   0.0000000000000000     
   0.0000000000000000     
   0.0000000000000000     
   0.0000000000000000     
   0.0000000000000000     
   0.0000000000000000     
   0.0000000000000000     
   0.0000000000000000     
   0.0000000000000000     
   0.0000000000000000     
   0.0000000000000000     
   0.0000000000000000     
   0.0000000000000000     
   0.0000000000000000     
   4.5639632123486701E-005
   2.1315604127030525E-004
   1.1148013786842880E-003
   4.0981096183278515E-003
   1.2975414902808617E-002
   3.5178234627524549E-002
   7.9698119317048857E-002
  0.15992305174805049     
  0.28631018284208981     
  0.46546888812446091     
  0.70138498377659653     
  0.98069378161967258     
   1.3043704616099945     
   1.6398282015816570     
   1.9814370310805358     
   2.2980911911428610     
   2.5819870870479784     
   2.8323747320021035     
   3.0207229911913527     
   3.1586791368588489     
   3.2418324228458597     
   3.2835229248369053     
   3.2814874706995525     
   3.2421471033935094     
   3.1698418987960202     
   3.0730682499524096     
   2.9490728739071890     
   2.8121108097306493     
   2.6690319732587122     
   2.5213934638043400     
   2.3586638957553352     
   2.2013740392617658     
   2.0497281085763088     
   1.8976206852058923     
   1.7533615660917470     
   1.6204488511322777     
   1.4859119876788753     
   1.3587123884775840     
   1.2436324147131868     
   1.1368984454851569     
   1.0372673108752408     
  0.94773338763200021     
  0.86011870619865338     
  0.78461228079175671     
  0.71193318846967213     
  0.65245106808597420     
  0.59642482616399062     
  0.54719852357352772     
  0.50923467852510274     
  0.47470851930910535     
  0.44677451028789289     
  0.42082141263664058     
  0.40272835369086507     
  0.38848098184773300     
  0.38195751888320489     
  0.38075976346432072     
  0.38145587333628539     
  0.38830123042665460     
  0.39407388547095534     
  0.40417851217714457     
  0.41697188223918008     
  0.43133678823450816     
  0.44906045709389242     
  0.46553004140530435     
  0.48340811832127478     
  0.50006256634141633     
  0.51770004012589166     
  0.53332373201755001     
  0.54717531269285125     
  0.56312476938915057     
  0.57471738054403299     
  0.58633748117749152     
  0.59375618795325968     
  0.60058484170252746     
  0.60491886213453350     
  0.60770865530223295     
  0.60986446958169105     
  0.61100628545934010     
  0.60700640659774863     
  0.60406592114679547     
  0.60025129564203905     
  0.60270773381401899     
  0.60428011463346032     
  0.60697092090138305     
  0.61370430981959401     
  0.62514262735496751     
  0.63636428297625580     
  0.65897479341862308     
  0.68281820676838700     
  0.71500282158931372     
  0.75240308317098070     
  0.79597561181469101     
  0.84148722181429247     
  0.89795101360558771     
  0.95310862065605750     
   1.0150739713783261     
   1.0819687091740884     
   1.1495684455249600     
   1.2183391793664216     
   1.2839760080954712     
   1.3504291817022929     
   1.4083941351470888     
   1.4654706345422694     
   1.5181668045553216     
   1.5632080175057734     
   1.6008582928533730     
   1.6279036135338949     
   1.6464003074430678     
   1.6569278388003033     
   1.6587250524727208     
   1.6523763847631647     
   1.6339167237472183     
   1.6111261504075645     
   1.5804821147396997     
   1.5461045335771690     
   1.5072021380588538     
   1.4655916450967141     
   1.4194955524129644     
   1.3727109061305487     
   1.3271816440630289     
   1.2844056141867948     
   1.2391291455681230     
   1.1964934279410488     
   1.1557670802854456     
   1.1163983715941619     
   1.0830261979595590     
   1.0521780809641597     
   1.0228280638454552     
  0.99626864011538485     
  0.97334004865428603     
  0.95421205242631080     
  0.93789170204544958     
  0.92212623009072325     
  0.90828726040384988     
  0.89649479375621122     
  0.88423563802992633     
  0.87245291247113699     
  0.86373142109220102     
  0.85626610060876862     
  0.84884908452498742     
  0.84235990282656747     
  0.83763024565088906     
  0.83430129845976808     
  0.83270186195581530     
  0.83065694674965151     
  0.82993968640282356     
  0.83009363137557968     
  0.83288854902713283     
  0.83586693221934438     
  0.84038818863945763     
  0.84740324970464431     
  0.85535218516974132     
  0.86597077417846602     
  0.87403147855540719     
  0.88491493712020342     
  0.89867574281979501     
  0.91182554935566029     
  0.92468903412003323     
  0.93890166750410275     
  0.95290865303099592     
  0.96597263938321742     
  0.97735422725549526     
  0.98919065630159153     
  0.99829805283946182     
   1.0031222460493352     
   1.0054571860505579     
   1.0074468213996863     
   1.0046299928904754     
   1.0014617305644644     
  0.99537107752024967     
  0.98598887965977022     
  0.97354125894596233     
  0.96281514953558023     
  0.94776892636484700     
  0.93071222445717205     
  0.91320621642008759     
  0.89330041212287425     
  0.87567293829874593     
  0.85602915383350275     
  0.83678647106587878     
  0.81870640088226121     
  0.80286729697074333     
  0.78767837481051095     
  0.77284690291764957     
  0.76358071575913256     
  0.75415498098729494     
  0.74943189317791470     
  0.74763962465133027     
  0.74972204137467291     
  0.75435191397600643     
  0.76489776626820349     
  0.77817853451893337     
  0.79649056037908539     
  0.81764547789417596     
  0.84310567328294894     
  0.87198991242679469     
  0.90409449330531666     
  0.93951065063092531     
  0.97715673845140094     
   1.0150896340431965     
   1.0552243721483829     
   1.0975866742201328     
   1.1375640705731340     
   1.1783270545743751     
   1.2175624740960382     
   1.2556842542066398     
   1.2905667728910328     
   1.3210948195934114     
   1.3495267356982246     
   1.3726545368662384     
   1.3902797466058798     
   1.4050605218222452     
   1.4134803872636703     
   1.4150047393932756     
   1.4119376090676159     
   1.4026452811799526     
   1.3893241830623551     
   1.3730882408578822     
   1.3504361688334046     
   1.3238216356331702     
   1.2929707638128569     
   1.2608765711523584     
   1.2244619501313461     
   1.1859737966667525     
   1.1479266328016791     
   1.1081943176037652     
   1.0683996308067121     
   1.0314770065354819     
  0.99726470758072627     
  0.96348153717310037     
  0.93107467756067464     
  0.90368185486622099     
  0.87837209005144268     
  0.85704591019572840     
  0.83837221468887524     
  0.82511315320173040     
  0.81510568465483291     
  0.80819430165976969     
  0.80506464748317175     
  0.80562477667074472     
  0.80819634472159263     
  0.81488966433521937     
  0.82405994074454203     
  0.83618139020998539     
  0.84761767423000334     
  0.86149072496195167     
  0.87638025537915210     
  0.89153359460310921     
  0.90814248933198138     
  0.92414727010931219     
  0.93887369232063467     
  0.95356778304103884     
  0.96774445107090301     
  0.97833186862620092     
  0.98993757397685633     
  0.99916263912337566     
   1.0046942838097848     
   1.0119210136326329     
   1.0157961479856166     
   1.0192359317685515     
   1.0196031879102154     
   1.0194565101340110     
   1.0173171555695435     
   1.0136504283929988     
   1.0094800303694276     
   1.0036204689793156     
  0.99603890096137337     
  0.98991349288749886     
  0.98253580809867302     
  0.97573277965203642     
  0.96737577986491718     
  0.95996084078634614     
  0.95089150554964741     
  0.94428233835027675     
  0.93606433608325756     
  0.92861168025098217     
  0.92225415504722363     
  0.91428648118071598     
  0.90750083314269769     
  0.90264349291421897     
  0.89867600757908206     
  0.89316025694134116     
  0.88966650378155487     
  0.88668275762478810     
  0.88346178043278567     
  0.88282324494909026     
  0.88050398120151552     
  0.87982656117922009     
  0.88048980251613052     
  0.88116878888304151     
  0.88306568668681318     
  0.88671932996174152     
  0.88981597433530812     
  0.89603371224973405     
  0.90194363168436409     
  0.90926233847275939     
  0.91786501971808843     
  0.92818228204226649     
  0.93960596174519295     
  0.95296773439614246     
  0.96674498558176236     
  0.98277786707314596     
  0.99852735843833995     
   1.0170622872956421     
   1.0356474784098695     
   1.0562206166948354     
   1.0763884728502062     
   1.0974339557369199     
   1.1194499737663477     
   1.1412244035166481     
   1.1632259371470572     
   1.1838099388430456     
   1.2034652539185513     
   1.2225293591236472     
   1.2393985861850945     
   1.2541904634244523     
   1.2674230055141626     
   1.2778528313132553     
   1.2849604449403931     
   1.2883904293422335     
   1.2913646002073675     
   1.2901569879333887     
   1.2861014051472701     
   1.2789485863532783     
   1.2670161164647142     
   1.2529614169159433     
   1.2370465961591395     
   1.2182734359585901     
   1.1963105074241636     
   1.1725545089591189     
   1.1486839029271825     
   1.1242581185743126     
   1.0981605003152064     
   1.0724082407537461     
   1.0455727919590736     
   1.0203783866176424     
  0.99566382219292926     
  0.97240780123705184     
  0.95085329548780662     
  0.93032638186333283     
  0.91175512466881059     
  0.89455746127647795     
  0.87993702635063231     
  0.86821191343033222     
  0.85799469623606239     
  0.84868794344485587     
  0.84239181099816585     
  0.83657347358138912     
  0.83303946846460242     
  0.82976785202525716     
  0.82871287805813354     
  0.82782950716955050     
  0.82812435604044388     
  0.82836097700409561     
  0.82949215104266438     
  0.83117640420860306     
  0.83166799826972182     
  0.83193689329439091     
  0.83354107902847030     
  0.83493307395245531     
  0.83602803875772458     
  0.83671148649940508     
  0.83702259511284982     
  0.83952777513696131     
  0.84193372267595767     
  0.84371368854708961     
  0.84614411456388516     
  0.84964452718676731     
  0.85241679179587115     
  0.85772434986261592     
  0.86301654816712547     
  0.87027402270021048     
  0.87616667976027318     
  0.88389558642516108     
  0.89196616380456328     
  0.90039237183159271     
  0.91092936883222420     
  0.92118311327902902     
  0.93123991825842956     
  0.94354674552592421     
  0.95579733270758760     
  0.96666080939717081     
  0.97892206393066794     
  0.99129223199142269     
   1.0028133378784765     
   1.0156692843536950     
   1.0269917751125559     
   1.0383688881544919     
   1.0512873095142214     
   1.0629887395644559     
   1.0738697165515270     
   1.0853974201815779     
   1.0957888847856274     
   1.1065543775233688     
   1.1181719415739351     
   1.1268749435796408     
   1.1360338122592804     
   1.1304376377315624     
