 TEMP->   1.0000000000000000     
 DENSITY->   1.0000000000000000     
 N->         864
 CUTOFF->   3.2999999523162842     
 NUM_STEPS->       10000
   0.0000000000000000     
   0.0000000000000000     
   0.0000000000000000     
   0.0000000000000000     
   0.0000000000000000     
   0.0000000000000000     
   0.0000000000000000     
   0.0000000000000000     
   0.0000000000000000     
   0.0000000000000000     
   0.0000000000000000     
   0.0000000000000000     
   0.0000000000000000     
   0.0000000000000000     
   0.0000000000000000     
   0.0000000000000000     
   0.0000000000000000     
   0.0000000000000000     
   0.0000000000000000     
   0.0000000000000000     
   0.0000000000000000     
   0.0000000000000000     
   0.0000000000000000     
   0.0000000000000000     
   0.0000000000000000     
   0.0000000000000000     
   0.0000000000000000     
   0.0000000000000000     
   0.0000000000000000     
   0.0000000000000000     
   0.0000000000000000     
   0.0000000000000000     
   0.0000000000000000     
   0.0000000000000000     
   0.0000000000000000     
   0.0000000000000000     
   0.0000000000000000     
   0.0000000000000000     
   0.0000000000000000     
   0.0000000000000000     
   0.0000000000000000     
   0.0000000000000000     
   0.0000000000000000     
   0.0000000000000000     
   0.0000000000000000     
   0.0000000000000000     
   0.0000000000000000     
   0.0000000000000000     
   0.0000000000000000     
   0.0000000000000000     
   0.0000000000000000     
   0.0000000000000000     
   0.0000000000000000     
   0.0000000000000000     
   0.0000000000000000     
   0.0000000000000000     
   0.0000000000000000     
   0.0000000000000000     
   0.0000000000000000     
   0.0000000000000000     
   0.0000000000000000     
   0.0000000000000000     
   0.0000000000000000     
   0.0000000000000000     
   0.0000000000000000     
   0.0000000000000000     
   0.0000000000000000     
   0.0000000000000000     
   0.0000000000000000     
   0.0000000000000000     
   0.0000000000000000     
   0.0000000000000000     
   0.0000000000000000     
   0.0000000000000000     
   0.0000000000000000     
   0.0000000000000000     
   0.0000000000000000     
   0.0000000000000000     
   0.0000000000000000     
   0.0000000000000000     
   0.0000000000000000     
   0.0000000000000000     
   0.0000000000000000     
   0.0000000000000000     
   0.0000000000000000     
   0.0000000000000000     
   0.0000000000000000     
   1.6861308322928827E-005
   2.0014360600686769E-004
   1.0360382247984188E-003
   4.1498988636279573E-003
   1.3787073769604958E-002
   3.7561982122092129E-002
   8.6195476824546424E-002
  0.17431488514477997     
  0.31788218173816379     
  0.52099389883324476     
  0.78413536527126104     
   1.1097338132308099     
   1.4758655679315975     
   1.8615717416691255     
   2.2438239037692513     
   2.6114548081224780     
   2.9271001933394625     
   3.1924308858325188     
   3.3963837391204366     
   3.5496029063806818     
   3.6303094434239642     
   3.6374459674864279     
   3.5940925820425154     
   3.5141486627198000     
   3.4028454396274079     
   3.2519568541945683     
   3.0688792269961240     
   2.8773377254871395     
   2.6860544693547381     
   2.4893735241944395     
   2.2851158343562150     
   2.0863186111649097     
   1.8921528124911449     
   1.7079094657886631     
   1.5349259883833062     
   1.3654292395741094     
   1.2145657728889532     
   1.0711199414771646     
  0.94838318972319113     
  0.83499419980163769     
  0.73375700952816170     
  0.64564870409978470     
  0.56824768837059292     
  0.50162197338731707     
  0.44355425588542813     
  0.39411927606443042     
  0.35600057066403989     
  0.32513843454149499     
  0.30009316475320352     
  0.28335870479926190     
  0.27313117758586825     
  0.26919455391525882     
  0.27317394627782271     
  0.27961876057234508     
  0.29207110212490428     
  0.30923167202307056     
  0.32802674439405688     
  0.35389775705187487     
  0.37890616436855362     
  0.40875977452910756     
  0.44011126871823691     
  0.47023949856145858     
  0.50078739700447927     
  0.53048863778221822     
  0.56066389223151414     
  0.58838138067949342     
  0.61026105358178306     
  0.63313225154365682     
  0.65170714779537653     
  0.66511501060305667     
  0.67213055752506712     
  0.67624236510826385     
  0.67517341767612604     
  0.66572598690351792     
  0.65614257535655118     
  0.64320723111315903     
  0.62844036378683354     
  0.60937551207304819     
  0.59138737001112995     
  0.57351136914215128     
  0.55765030529356396     
  0.54361950234468648     
  0.53652949455286714     
  0.53159863528849338     
  0.53577629845765706     
  0.54709960779598110     
  0.56635731729881622     
  0.59935039115823208     
  0.63879649810979078     
  0.68859735346572781     
  0.74604507677973209     
  0.81758927764772815     
  0.89621514972029215     
  0.98271969625030287     
   1.0787569161326664     
   1.1747051865753209     
   1.2728527967926153     
   1.3745531607642985     
   1.4712269706196890     
   1.5612910526391151     
   1.6468750087077724     
   1.7226716846625714     
   1.7855914925172500     
   1.8334346779049902     
   1.8701486142374830     
   1.8868565459689530     
   1.8901946814540656     
   1.8743956728178401     
   1.8456386838481729     
   1.8042401082145252     
   1.7526644445365505     
   1.6911962909434375     
   1.6191430332550143     
   1.5448823393320867     
   1.4687697646444025     
   1.3913647219915817     
   1.3153846609411111     
   1.2413431544594760     
   1.1719579886946794     
   1.1071720834655761     
   1.0509837779687154     
   1.0012415110690736     
  0.95837091861171297     
  0.92113242177365728     
  0.89217873901964473     
  0.87158815699893921     
  0.85650382450311591     
  0.84497105246181092     
  0.83786963822019422     
  0.83488495351490355     
  0.83421813017243940     
  0.83234377920742841     
  0.83287000757391239     
  0.83118889937136242     
  0.83076749918829051     
  0.82908294046786657     
  0.82670776186843475     
  0.82147535394198357     
  0.81757384833671498     
  0.81176572568718630     
  0.80868181626011360     
  0.80604135607371119     
  0.80286988816610361     
  0.80261164685941522     
  0.80302576703624073     
  0.80685225227948876     
  0.81167133915214784     
  0.81983168372918602     
  0.83240368325359870     
  0.84740492570145742     
  0.86780039496947481     
  0.88718602115161493     
  0.91117666784666762     
  0.93567394442956631     
  0.96136955028456517     
  0.98688790500017320     
   1.0122301448870241     
   1.0366428199168283     
   1.0585065883906442     
   1.0774957997769337     
   1.0918398618381047     
   1.1028246292808861     
   1.1060401639532200     
   1.1082497045922755     
   1.1021589426289380     
   1.0881999711341954     
   1.0731818858438731     
   1.0525028929619553     
   1.0289562779009489     
   1.0010290998469937     
  0.97035899634540901     
  0.93865965835768050     
  0.90420703272391911     
  0.86774146545873132     
  0.83193778576636734     
  0.79875925067007747     
  0.76564695900411839     
  0.73745158244836551     
  0.71285265882998994     
  0.69028438499192712     
  0.67011701499917642     
  0.65472908868164681     
  0.64465796477954629     
  0.63919488906689070     
  0.63789627345211042     
  0.64390166031364571     
  0.65327637544791517     
  0.66692127188406858     
  0.68854416242035177     
  0.71378063889269128     
  0.74570771417575321     
  0.78418502139792678     
  0.82796964810595886     
  0.87427677895049072     
  0.92911996022028953     
  0.98404303423541906     
   1.0444239920617930     
   1.1078011290218706     
   1.1687566787385621     
   1.2292816692293895     
   1.2933818118536968     
   1.3517435597117515     
   1.4065010652437264     
   1.4565334881402128     
   1.5002036225714748     
   1.5349392841786902     
   1.5608060859530888     
   1.5805306744537444     
   1.5880583810485522     
   1.5878463929522644     
   1.5777952593572817     
   1.5595169112152372     
   1.5302348901858580     
   1.4925306558818703     
   1.4478562661923839     
   1.3976025623140718     
   1.3440434692645753     
   1.2831318233641849     
   1.2230864041057363     
   1.1624485257278949     
   1.0993646862340218     
   1.0382785133230599     
  0.98032026513627302     
  0.92471549643536399     
  0.87562896419214309     
  0.82972741983257847     
  0.79073439862393002     
  0.75694370690147916     
  0.72989542755484871     
  0.70965543579901236     
  0.69714589346081490     
  0.68960233494182821     
  0.68951224164607305     
  0.69317867886735940     
  0.70333608493930833     
  0.71810096700526871     
  0.73824932235986651     
  0.76130150034809041     
  0.78705148038038308     
  0.81473605529756765     
  0.84387770360773562     
  0.87383324914365490     
  0.90432044791473443     
  0.93228321935547476     
  0.96010693781659862     
  0.98593864796328867     
   1.0091052765525417     
   1.0293777523081802     
   1.0477794131831901     
   1.0612194745695003     
   1.0705931133831113     
   1.0789192429181313     
   1.0838674876673742     
   1.0833054106469098     
   1.0817750777883046     
   1.0775446189034013     
   1.0710914977363630     
   1.0618726370529008     
   1.0503814207807456     
   1.0364732760520086     
   1.0244751947604329     
   1.0108564911152955     
  0.99760236825150361     
  0.98374034796917864     
  0.97062930088527699     
  0.95767740522886724     
  0.94569222250476792     
  0.93508257883571422     
  0.92327012708682477     
  0.91230041531504447     
  0.90372520760805486     
  0.89544888397342393     
  0.88832118157968754     
  0.88068622977594324     
  0.87439848942872245     
  0.86907577863062913     
  0.86498999563057044     
  0.86253497302242566     
  0.85912154927918361     
  0.85591289461901954     
  0.85432718065338098     
  0.85281558489278741     
  0.85124676116754294     
  0.85074767607681490     
  0.85125718097854497     
  0.85339690731842899     
  0.85440958109506726     
  0.85583978805786765     
  0.86115171577941940     
  0.86806023624316564     
  0.87428788035265681     
  0.88341055453737438     
  0.89473677917246075     
  0.90786067254390868     
  0.92264481261716424     
  0.93952210820671678     
  0.95916622504752447     
  0.98236364925993980     
   1.0067278172253693     
   1.0341930206458716     
   1.0615214566943749     
   1.0931783908157469     
   1.1242957045031783     
   1.1566991171584733     
   1.1900834041219996     
   1.2225858032512762     
   1.2550539527618318     
   1.2849906977522962     
   1.3150776599142777     
   1.3419270097784013     
   1.3640558996135070     
   1.3826726271304168     
   1.3959639252302800     
   1.4048394756915126     
   1.4090464206371209     
   1.4059792610566486     
   1.3973442530517264     
   1.3820487418308702     
   1.3615031532587107     
   1.3361808600097669     
   1.3059343967657688     
   1.2715183528551930     
   1.2339919893340017     
   1.1926839998293701     
   1.1512385150718014     
   1.1084133425872886     
   1.0640628578702802     
   1.0229131602019630     
  0.98294637996692413     
  0.94564984255372841     
  0.91133955241938391     
  0.88078723808381509     
  0.85415029078102189     
  0.83190732799534783     
  0.81543539561355460     
  0.80251459246094059     
  0.79337788621700112     
  0.78925350426252117     
  0.78786473070650098     
  0.78849652110925206     
  0.79294041849756569     
  0.79777713324657762     
  0.80438596649668981     
  0.81273154386107149     
  0.82023546731975705     
  0.82802922374596100     
  0.83343404912337149     
  0.83872413626855757     
  0.84245477961631066     
  0.84507717510383484     
  0.84631492748643622     
  0.84599591985917044     
  0.84462588004875649     
  0.84222415490707803     
  0.83886818165400490     
  0.83565352321337472     
  0.83220098439959067     
  0.82847364084970720     
  0.82536947273232164     
  0.82468981528341534     
  0.82483469552104549     
  0.82604487439299945     
  0.82999956130763564     
  0.83526835581243897     
  0.84039562214626340     
  0.84931456359389912     
  0.86047462542238651     
  0.87140747231938098     
  0.88484954406677774     
  0.89814542063381220     
  0.91159744078898075     
  0.92660803565741590     
  0.94101872362820760     
  0.95573316065941394     
  0.97095394522935430     
  0.98597032491751846     
   1.0000963924233637     
   1.0124918039450930     
   1.0253026599600050     
   1.0383493875883067     
   1.0512714251880753     
   1.0627528911266786     
   1.0751633653678854     
   1.0868285281099777     
   1.0994823324542802     
   1.1109458588146466     
   1.1223954593490808     
   1.1352984220430060     
   1.1479518704349785     
   1.1264849299922164     
