 TEMP->   1.0000000000000000     
 DENSITY->  0.44999998807907104     
 N->         864
 CUTOFF->   3.2999999523162842     
 NUM_STEPS->       10000
   0.0000000000000000     
   0.0000000000000000     
   0.0000000000000000     
   0.0000000000000000     
   0.0000000000000000     
   0.0000000000000000     
   0.0000000000000000     
   0.0000000000000000     
   0.0000000000000000     
   0.0000000000000000     
   0.0000000000000000     
   0.0000000000000000     
   0.0000000000000000     
   0.0000000000000000     
   0.0000000000000000     
   0.0000000000000000     
   0.0000000000000000     
   0.0000000000000000     
   0.0000000000000000     
   0.0000000000000000     
   0.0000000000000000     
   0.0000000000000000     
   0.0000000000000000     
   0.0000000000000000     
   0.0000000000000000     
   0.0000000000000000     
   0.0000000000000000     
   0.0000000000000000     
   0.0000000000000000     
   0.0000000000000000     
   0.0000000000000000     
   0.0000000000000000     
   0.0000000000000000     
   0.0000000000000000     
   0.0000000000000000     
   0.0000000000000000     
   0.0000000000000000     
   0.0000000000000000     
   0.0000000000000000     
   0.0000000000000000     
   0.0000000000000000     
   0.0000000000000000     
   0.0000000000000000     
   0.0000000000000000     
   0.0000000000000000     
   0.0000000000000000     
   0.0000000000000000     
   0.0000000000000000     
   0.0000000000000000     
   0.0000000000000000     
   0.0000000000000000     
   0.0000000000000000     
   0.0000000000000000     
   0.0000000000000000     
   0.0000000000000000     
   0.0000000000000000     
   0.0000000000000000     
   0.0000000000000000     
   0.0000000000000000     
   0.0000000000000000     
   0.0000000000000000     
   0.0000000000000000     
   0.0000000000000000     
   0.0000000000000000     
   0.0000000000000000     
   0.0000000000000000     
   0.0000000000000000     
   0.0000000000000000     
   0.0000000000000000     
   0.0000000000000000     
   0.0000000000000000     
   0.0000000000000000     
   0.0000000000000000     
   0.0000000000000000     
   0.0000000000000000     
   0.0000000000000000     
   0.0000000000000000     
   0.0000000000000000     
   0.0000000000000000     
   0.0000000000000000     
   0.0000000000000000     
   0.0000000000000000     
   0.0000000000000000     
   0.0000000000000000     
   0.0000000000000000     
   0.0000000000000000     
   0.0000000000000000     
   3.2116778608763762E-005
   3.6104337726304656E-004
   1.3558031449119796E-003
   4.7486032747465342E-003
   1.4239618916136003E-002
   3.5568726258477304E-002
   7.5511871293348978E-002
  0.14347091472990703     
  0.24444940819513550     
  0.38089411382040689     
  0.55381189751345472     
  0.74665615623987613     
  0.96522996323397281     
   1.1862148366812202     
   1.4060876520666479     
   1.6032001864848244     
   1.7839797965370321     
   1.9425488325905884     
   2.0745696866705532     
   2.1773244122309374     
   2.2426249930809159     
   2.2922473452672683     
   2.3102317040507088     
   2.3180530812938098     
   2.2999660426820769     
   2.2802392071038233     
   2.2416705547340117     
   2.1878904713517819     
   2.1427928588446745     
   2.0862535566647535     
   2.0346509318466288     
   1.9692043973433209     
   1.9191599865321334     
   1.8556131915749672     
   1.7997614291622932     
   1.7458746396170117     
   1.6941833440680623     
   1.6454623130002932     
   1.5887810390916262     
   1.5399436158856845     
   1.4958755442324407     
   1.4543350736182983     
   1.4086793871754311     
   1.3728379587796240     
   1.3408252922852484     
   1.3147452280008669     
   1.2827488053470004     
   1.2515731812375490     
   1.2214470627627314     
   1.1946990297198599     
   1.1774909953869939     
   1.1527443660349039     
   1.1292555577717793     
   1.1063142228966600     
   1.0837200522070329     
   1.0660647667021161     
   1.0522834356572182     
   1.0344798152876822     
   1.0232398973835601     
   1.0110159813017312     
  0.99776252406296218     
  0.98592167123434415     
  0.97254148987020150     
  0.96409320805933729     
  0.95284706109838202     
  0.94160760131194954     
  0.93521796599446094     
  0.92757344589764312     
  0.92028147511322544     
  0.91002070902019094     
  0.90890813882334420     
  0.90128783310693028     
  0.89660086568698316     
  0.89439605809922740     
  0.89259332535151281     
  0.89108524860317839     
  0.88885729316608608     
  0.89051123032851642     
  0.89046392423418252     
  0.89278682016553512     
  0.89290210176684803     
  0.89125139974686951     
  0.89103378819312984     
  0.89537412495740876     
  0.89791432406397964     
  0.89899277331139371     
  0.90281447997822473     
  0.90693392743061763     
  0.90913411124302668     
  0.91464020056893169     
  0.91908162515193115     
  0.92489314983835347     
  0.93014198522701652     
  0.93623316549693492     
  0.93876631576828595     
  0.94401057599360017     
  0.94872724624968430     
  0.95505866743620105     
  0.96767421379749985     
  0.97580339898556123     
  0.98599637984686972     
  0.99530049870886883     
   1.0011229672629731     
   1.0070509713211711     
   1.0130612622851365     
   1.0231770849637758     
   1.0328769853537969     
   1.0416781616776514     
   1.0515206012040386     
   1.0559275727014343     
   1.0655216030716896     
   1.0747100569482841     
   1.0837456349012302     
   1.0899697318355406     
   1.0973828626593130     
   1.1049555524199886     
   1.1135924836286009     
   1.1193866430441468     
   1.1236413988322753     
   1.1279642228698528     
   1.1363302677016065     
   1.1419879702123250     
   1.1474039573891750     
   1.1550565819951886     
   1.1546720178373933     
   1.1545230480953135     
   1.1565631247314143     
   1.1571184088941779     
   1.1549917689575293     
   1.1549909722549501     
   1.1557730269049011     
   1.1540133296732782     
   1.1525055902095742     
   1.1489142332591156     
   1.1489967698676298     
   1.1452010801148103     
   1.1431517112302867     
   1.1367674381057171     
   1.1361008517141316     
   1.1327415538209615     
   1.1254579156009068     
   1.1249793669592081     
   1.1188330122476384     
   1.1151180316158820     
   1.1114016426331128     
   1.1058814307305900     
   1.1015498230995489     
   1.0952685715705641     
   1.0909516809251791     
   1.0891355330953449     
   1.0817356293608225     
   1.0795071249596746     
   1.0743922885877417     
   1.0684641375466442     
   1.0645224939831415     
   1.0607536539680551     
   1.0565365323812934     
   1.0526242508219903     
   1.0523532379850529     
   1.0474561244174074     
   1.0445712581931115     
   1.0381323148053911     
   1.0371520730839590     
   1.0332225876264307     
   1.0300114186693028     
   1.0322958834409208     
   1.0275692846310669     
   1.0247217798189712     
   1.0239483228827797     
   1.0207245541432177     
   1.0206121183953580     
   1.0197042387639665     
   1.0174733797634914     
   1.0151596921087394     
   1.0145973671542998     
   1.0154361892732837     
   1.0144930210832315     
   1.0157253469958305     
   1.0140307316692239     
   1.0138291533501711     
   1.0128559754171533     
   1.0140708304709638     
   1.0152104554647188     
   1.0139234540435191     
   1.0160999129025368     
   1.0146369700451761     
   1.0149241584761839     
   1.0150584067597321     
   1.0156677392357416     
   1.0147509592843007     
   1.0144952827010740     
   1.0175136689224538     
   1.0200317367321399     
   1.0201176067833662     
   1.0202561595907653     
   1.0197776647616150     
   1.0227636935832609     
   1.0226157839241954     
   1.0249225851647890     
   1.0254802458962524     
   1.0270153403073561     
   1.0268885373839822     
   1.0287585027498796     
   1.0274563190785657     
   1.0306785112960655     
   1.0325580492903115     
   1.0346273889828324     
   1.0371291988552442     
   1.0371822473924708     
   1.0381843567732076     
   1.0391180905298174     
   1.0396563508246919     
   1.0404027575852419     
   1.0419426710565094     
   1.0420908361022221     
   1.0449972984217779     
   1.0463946850670380     
   1.0473352825432993     
   1.0480545389638438     
   1.0483119836302537     
   1.0459832855365299     
   1.0462041767215360     
   1.0465445588056723     
   1.0472864932107748     
   1.0459691814457459     
   1.0475315738252569     
   1.0483468204252935     
   1.0485376145298451     
   1.0471778738321802     
   1.0476648002072575     
   1.0448387167750874     
   1.0466798421704360     
   1.0461577782272873     
   1.0466958690460455     
   1.0450191878489294     
   1.0430618002267980     
   1.0423116172140121     
   1.0455727987968106     
   1.0448048722705727     
   1.0456283070066632     
   1.0434315401427749     
   1.0434318836011354     
   1.0419846434094346     
   1.0404930153823828     
   1.0410951545980047     
   1.0400843044310324     
   1.0372849059170990     
   1.0355387250297796     
   1.0358520240841285     
   1.0346684420090067     
   1.0355908482696654     
   1.0358344290060699     
   1.0339547270049467     
   1.0340300518632726     
   1.0334088921204048     
   1.0317991329879357     
   1.0307167816175609     
   1.0297981061991586     
   1.0290499358264393     
   1.0277074917575624     
   1.0259232577815300     
   1.0270822912369975     
   1.0265035467752510     
   1.0271169566541654     
   1.0236182386490329     
   1.0226186017384216     
   1.0240017382211548     
   1.0225924928014369     
   1.0228376676360911     
   1.0228702039745325     
   1.0229556332652170     
   1.0211084009338300     
   1.0221816163847599     
   1.0225804529991471     
   1.0219315617336604     
   1.0208295231165121     
   1.0204108242197196     
   1.0208379459963133     
   1.0207892531971405     
   1.0202624372590525     
   1.0203467791781176     
   1.0185980312728038     
   1.0195886952778574     
   1.0180642099603685     
   1.0176014430057312     
   1.0187791127552441     
   1.0203875941505767     
   1.0183380800599964     
   1.0179491381293040     
   1.0170575964470305     
   1.0165048641298673     
   1.0172748283355975     
   1.0176930514902929     
   1.0177579642577952     
   1.0171721145379520     
   1.0168204886524264     
   1.0169630579394886     
   1.0166379885499721     
   1.0174451193100498     
   1.0180261833683448     
   1.0175663961633141     
   1.0159395081038973     
   1.0192039961165000     
   1.0164366141329453     
   1.0169031917307054     
   1.0163039642442369     
   1.0157307695278188     
   1.0166842248188359     
   1.0164824293669170     
   1.0164563812661249     
   1.0166778784002357     
   1.0185561411798314     
   1.0166839185751717     
   1.0167288152063627     
   1.0165727758271270     
   1.0172374912826083     
   1.0180094988594219     
   1.0165187181776472     
   1.0180687091699703     
   1.0167997688888744     
   1.0187524615299854     
   1.0192956128648436     
   1.0196040492558354     
   1.0183440428862727     
   1.0172594517852767     
   1.0181129708865688     
   1.0186393044474460     
   1.0187315197851510     
   1.0186168661192998     
   1.0169422573852362     
   1.0167311214955863     
   1.0180112300821569     
   1.0168700885918265     
   1.0168618815807959     
   1.0185153953254442     
   1.0184925417671609     
   1.0177634430166085     
   1.0171192810463601     
   1.0160296564610607     
   1.0171663593188347     
   1.0155668226950616     
   1.0166917116482530     
   1.0143842670550487     
   1.0153600110794319     
   1.0147788122920256     
   1.0143904037276379     
   1.0147251295896913     
   1.0144523209743330     
   1.0132000218426571     
   1.0142829521782974     
   1.0132092118445519     
   1.0138837024183320     
   1.0139057040874853     
   1.0134663436405695     
   1.0121316203211654     
   1.0114560098353882     
   1.0123501285743026     
   1.0116159679190084     
   1.0110551530306060     
   1.0115388344257339     
   1.0111616691669176     
   1.0113458279195078     
   1.0113031354636890     
   1.0111000112815225     
   1.0121637550338125     
   1.0115827963927444     
   1.0114679887209082     
   1.0115919922770860     
   1.0102045675505420     
   1.0107429094456493     
   1.0098906124079485     
   1.0107419193644172     
   1.0082722853661763     
   1.0101885564034156     
   1.0100596902387509     
   1.0098309121049733     
   1.0096563198582389     
   1.0084232889798999     
   1.0081101213053365     
   1.0081907339964566     
   1.0082297426542373     
   1.0076860190600754     
   1.0078026242609248     
   1.0072341499194957     
   1.0059520636491071     
   1.0071154324251625     
   1.0053112117545888     
   1.0069680200233402     
   1.0071320152677243     
   1.0069509426346657     
   1.0058562907704693     
   1.0054385729720405     
   1.0067998282533477     
   1.0058881630733165     
   1.0060358110599994     
   1.0051622664060065     
   1.0054832912215950     
   1.0050317350805194     
   1.0041942464064477     
   1.0038946899598988     
   1.0039574780431513     
   1.0049151985768463     
   1.0039753081316167     
   1.0048980794376774     
   1.0042251009106029     
   1.0044164003973859     
   1.0046191068701058     
   1.0039731411190471     
   1.0048481847694930     
   1.0051747144847540     
   1.0053234304022758     
   1.0064060270189938     
   1.0058767972417095     
   1.0052977855093004     
   1.0039876527673239     
   1.0029159635669882     
   1.0037339975600414     
   1.0044074076665883     
   1.0035562021897675     
   1.0032874447940408     
   1.0043204996380755     
   1.0050374868882990     
   1.0042005861325771     
   1.0050286435912414     
   1.0039954442868648     
   1.0038293969211280     
   1.0029610413237517     
   1.0027775420864706     
   1.0049909662669567     
   1.0048041217257682     
   1.0045425042413032     
   1.0030165774298836     
   1.0032216739697208     
   1.0040726430467806     
   1.0038708477494638     
   1.0039666226652990     
   1.0029372608958216     
   1.0027201936322998     
   1.0030417180802169     
   1.0027849642598481     
   1.0034335953480678     
   1.0023085500389231     
   1.0031426687060894     
   1.0024837190776701     
   1.0026038466312228     
   1.0028196297890215     
   1.0018430214951353     
   1.0007671401135239     
   1.0024368404693371     
   1.0024286754785883     
   1.0012474544679211     
   1.0010202063529918     
   1.0000355884171839     
   1.0000047615776881     
  0.99960562817975795     
  0.99896702715029961     
  0.99826364381533872     
  0.99890310521236503     
  0.99890948964464565     
  0.99974686454499428     
  0.99915601154003797     
   1.0008041951558067     
   1.0007396483224924     
   1.0000669085662723     
   1.0001936443311881     
   1.0014689856682824     
   1.0000088935324396     
  0.99971109019607785     
  0.99984376584209456     
  0.99917649323879065     
  0.99981151565777893     
  0.99984001287644098     
  0.99910521747525372     
  0.99907072819260556     
  0.99891666856931771     
  0.99938286199614779     
   1.0002498845191214     
  0.99842108459992507     
  0.99829763250438319     
  0.99901408731098729     
  0.99929363872622423     
  0.99864367865903403     
  0.99801397778132206     
  0.99846015207897199     
  0.99819003168968667     
  0.99849113421157332     
  0.99877098527181030     
  0.99814099211385310     
  0.99882035610829978     
  0.99761432239964731     
  0.99667816206230042     
  0.99626908020237892     
  0.99721014721213364     
  0.99632734507029086     
  0.99661367206119444     
  0.99820325874861371     
  0.99685077265404565     
  0.99689883700605564     
  0.99677231410449418     
  0.99705094005233985     
  0.99671194983791522     
  0.99775943708619941     
  0.99899433383548186     
  0.99742552185486988     
  0.99786039397345017     
  0.99705410814290341     
  0.99560732824836395     
  0.99516892710543547     
  0.99569607231561841     
  0.99609626294867148     
  0.99618938865373041     
  0.99567281178614975     
  0.99595485257388250     
  0.99600571635565649     
  0.99594154168915294     
  0.99540829816254417     
  0.99510682782995574     
  0.99639198347519087     
  0.99576797860888477     
  0.99622716083263874     
  0.99606761511620190     
  0.99504805634386329     
  0.99555420542122341     
  0.99517918734825217     
  0.99481729694352650     
  0.99453603173251548     
  0.99477102033871834     
  0.99509678223962306     
  0.99513142508877894     
  0.99589771771073199     
  0.99540782890378821     
  0.99518897738486256     
  0.99611878465471937     
  0.99670033129370728     
  0.99450897444690378     
