 TEMP->   1.5000000000000000     
 DENSITY->   1.0000000000000000     
 N->         864
 CUTOFF->   3.2999999523162842     
 NUM_STEPS->       10000
   0.0000000000000000     
   0.0000000000000000     
   0.0000000000000000     
   0.0000000000000000     
   0.0000000000000000     
   0.0000000000000000     
   0.0000000000000000     
   0.0000000000000000     
   0.0000000000000000     
   0.0000000000000000     
   0.0000000000000000     
   0.0000000000000000     
   0.0000000000000000     
   0.0000000000000000     
   0.0000000000000000     
   0.0000000000000000     
   0.0000000000000000     
   0.0000000000000000     
   0.0000000000000000     
   0.0000000000000000     
   0.0000000000000000     
   0.0000000000000000     
   0.0000000000000000     
   0.0000000000000000     
   0.0000000000000000     
   0.0000000000000000     
   0.0000000000000000     
   0.0000000000000000     
   0.0000000000000000     
   0.0000000000000000     
   0.0000000000000000     
   0.0000000000000000     
   0.0000000000000000     
   0.0000000000000000     
   0.0000000000000000     
   0.0000000000000000     
   0.0000000000000000     
   0.0000000000000000     
   0.0000000000000000     
   0.0000000000000000     
   0.0000000000000000     
   0.0000000000000000     
   0.0000000000000000     
   0.0000000000000000     
   0.0000000000000000     
   0.0000000000000000     
   0.0000000000000000     
   0.0000000000000000     
   0.0000000000000000     
   0.0000000000000000     
   0.0000000000000000     
   0.0000000000000000     
   0.0000000000000000     
   0.0000000000000000     
   0.0000000000000000     
   0.0000000000000000     
   0.0000000000000000     
   0.0000000000000000     
   0.0000000000000000     
   0.0000000000000000     
   0.0000000000000000     
   0.0000000000000000     
   0.0000000000000000     
   0.0000000000000000     
   0.0000000000000000     
   0.0000000000000000     
   0.0000000000000000     
   0.0000000000000000     
   0.0000000000000000     
   0.0000000000000000     
   0.0000000000000000     
   0.0000000000000000     
   0.0000000000000000     
   0.0000000000000000     
   0.0000000000000000     
   0.0000000000000000     
   0.0000000000000000     
   0.0000000000000000     
   0.0000000000000000     
   0.0000000000000000     
   0.0000000000000000     
   0.0000000000000000     
   0.0000000000000000     
   0.0000000000000000     
   1.0331322280426263E-005
   8.5774071100019273E-005
   4.4365933724168705E-004
   1.8499263988584773E-003
   6.5176176638471724E-003
   1.9574215527191460E-002
   4.8148283994007925E-002
  0.10441081589379693     
  0.19781954192824314     
  0.34016625131942629     
  0.53633077641087634     
  0.77940826912843519     
   1.0625404736515407     
   1.3717203661578619     
   1.6939966224155072     
   2.0123277036460308     
   2.3003576485757877     
   2.5531996970657627     
   2.7712452945236041     
   2.9323682454567397     
   3.0544395034027207     
   3.1205080457389847     
   3.1465938426850730     
   3.1329703814162020     
   3.0822832552086812     
   3.0104006067058569     
   2.9102282516903228     
   2.7981548669002749     
   2.6702406762320221     
   2.5367255757018468     
   2.3929356257231982     
   2.2531290974771379     
   2.1132410511422588     
   1.9696242683431455     
   1.8334717821205875     
   1.7012537545165265     
   1.5737229568681439     
   1.4526302382392460     
   1.3382901527158557     
   1.2325371723876526     
   1.1297397479957758     
   1.0433565141115697     
  0.95594785688263595     
  0.87983340807772903     
  0.80838130106556161     
  0.74524589864532165     
  0.68873841246400258     
  0.63838005033335821     
  0.59267318677042236     
  0.55214256792411964     
  0.52081318246196695     
  0.49455576942253965     
  0.47022652583026520     
  0.45311003677171052     
  0.43873196664360631     
  0.43207210883592667     
  0.42597433385198386     
  0.42351171016134176     
  0.42339554790778988     
  0.42509354356081125     
  0.42993411471557874     
  0.44035050141542836     
  0.45102168272493876     
  0.46422824359377213     
  0.47721498582077199     
  0.48899699028095045     
  0.50213866605541324     
  0.51497867972255795     
  0.52594899939859241     
  0.53875403561156954     
  0.54944003399692554     
  0.56050457322011116     
  0.57118813558026083     
  0.57959929571745283     
  0.58558267215671123     
  0.59078154303815944     
  0.59494812480089454     
  0.59962905500788932     
  0.60418078517471618     
  0.61017095038486480     
  0.61437785650371735     
  0.61982787144939033     
  0.62734290048452857     
  0.63812323746131805     
  0.64940187142027206     
  0.66389475810202392     
  0.68366784392506175     
  0.70943375402651954     
  0.73915977280432299     
  0.77371201471229167     
  0.80892249884843836     
  0.85308366524795909     
  0.89577281944754505     
  0.94531674144574895     
  0.99643391149025617     
   1.0518117780934029     
   1.1125472645775194     
   1.1687680442840065     
   1.2304085705169912     
   1.2846533904003001     
   1.3385150258618195     
   1.3877677605560084     
   1.4324589844537665     
   1.4678835279187032     
   1.5020100824555278     
   1.5309352289815792     
   1.5501114609214786     
   1.5653961190670156     
   1.5748267879452420     
   1.5731911448175737     
   1.5663407865453352     
   1.5508451675942636     
   1.5307877228408466     
   1.5051663206398416     
   1.4797481948280888     
   1.4458606175945892     
   1.4079004622340179     
   1.3721501018023814     
   1.3382574473642714     
   1.3017059501387158     
   1.2646019670791611     
   1.2268737654498505     
   1.1939935147849905     
   1.1616744488998618     
   1.1299962039976572     
   1.1001403175301034     
   1.0734930777868563     
   1.0471654356832381     
   1.0216166945259697     
  0.99653677326558232     
  0.97570852596970492     
  0.95724040514810782     
  0.94129212165744491     
  0.92697643321454870     
  0.91245323737162687     
  0.90118066673483666     
  0.88754839747187320     
  0.87733587774874511     
  0.87014765534239769     
  0.86232646241964361     
  0.85566836613813735     
  0.85206340619366128     
  0.84698455348317081     
  0.84332624619065877     
  0.84284263953437433     
  0.84242575710376044     
  0.84348596504480533     
  0.84758835519153142     
  0.85035443750019302     
  0.85481997793465458     
  0.86245346581262605     
  0.87158206840966845     
  0.87997413944513814     
  0.88687959588440990     
  0.89780080718287036     
  0.90783518506405325     
  0.91801281878282948     
  0.92856628146138298     
  0.93728279250943802     
  0.94570502875919793     
  0.95254178168935477     
  0.95951535451289283     
  0.96525169660848231     
  0.96895092734905219     
  0.97236116998866351     
  0.97169691742200259     
  0.96923624469686220     
  0.96505843201705155     
  0.96015667342908406     
  0.95212490400415273     
  0.94189369374082110     
  0.93168949547754465     
  0.92008220285943665     
  0.90721022594269107     
  0.89369479219120451     
  0.87918382451212285     
  0.86611848354661303     
  0.85212278523170581     
  0.83853668284275440     
  0.82685092676886029     
  0.81861452771081067     
  0.80900949592455218     
  0.80219337395094004     
  0.79633651438196074     
  0.79363751249591563     
  0.79280838393743924     
  0.79776880793296789     
  0.80534082716648203     
  0.81449705778125281     
  0.82662426833737479     
  0.84335132038646665     
  0.86411778850724807     
  0.88554144358811782     
  0.91002890265929293     
  0.93741965192864118     
  0.96793548148571562     
  0.99957079033246621     
   1.0320625300314041     
   1.0663156615515983     
   1.1002779707677066     
   1.1349127359275377     
   1.1670817171183163     
   1.1993006690773294     
   1.2295407549323472     
   1.2567909207432348     
   1.2809053394847514     
   1.3026154391381999     
   1.3210341456237147     
   1.3370940824179052     
   1.3458754679761769     
   1.3506820373599611     
   1.3518957738590951     
   1.3486973752020459     
   1.3410026466112410     
   1.3292131159768139     
   1.3136784692362011     
   1.2942578630240076     
   1.2717134283258653     
   1.2467157341747321     
   1.2180827588727323     
   1.1894853364342026     
   1.1589851666476432     
   1.1269577431020641     
   1.0955893368777385     
   1.0656047427023827     
   1.0346289844753236     
   1.0058457944889780     
  0.97970946244462964     
  0.95293815256404291     
  0.92895057833972694     
  0.90904432364074728     
  0.89143235100822349     
  0.87619632959108262     
  0.86401273517341770     
  0.85439546662021915     
  0.84912741163970762     
  0.84539277619691700     
  0.84455034249206840     
  0.84607192390369779     
  0.85076529673659629     
  0.85668698508782193     
  0.86301116193266036     
  0.87222544284963854     
  0.88120070232257719     
  0.89325416976539185     
  0.90485636531946767     
  0.91722502724675015     
  0.92763202994640648     
  0.93894934441368294     
  0.94867137430338044     
  0.95887549070404043     
  0.96648217437953909     
  0.97560413862054396     
  0.98204760647496925     
  0.98729116076705370     
  0.99146972354747109     
  0.99595620222337600     
  0.99809843293967260     
  0.99758472206058113     
  0.99622246084426913     
  0.99370337100334294     
  0.98970105024963750     
  0.98785388630673188     
  0.98324852794071915     
  0.97993940120045231     
  0.97491242021832092     
  0.96877746846692736     
  0.96264167021435343     
  0.95607313837654861     
  0.94968915919611019     
  0.94341648729059646     
  0.93666722256057866     
  0.93133490949498743     
  0.92550726972221387     
  0.91951368117341503     
  0.91474090251179974     
  0.91019473972715914     
  0.90709320232904511     
  0.90317371476733732     
  0.89986516781094028     
  0.89729261693020157     
  0.89604093286134467     
  0.89443022428052521     
  0.89471279972568252     
  0.89632393719696724     
  0.89916049373822537     
  0.90165112406818559     
  0.90460892121836756     
  0.90859458476978572     
  0.91308134181512990     
  0.91969336995930118     
  0.92758315349475229     
  0.93745655883454304     
  0.94638875669844658     
  0.95626441389418537     
  0.96909148044786864     
  0.98274869086310279     
  0.99578656878775018     
   1.0097460287832400     
   1.0259190010712051     
   1.0430175028504325     
   1.0604783591567850     
   1.0788239016568635     
   1.0964883010388928     
   1.1145426559325586     
   1.1319969611578020     
   1.1495730139197171     
   1.1657703762693281     
   1.1824633593395324     
   1.1966740931911264     
   1.2103331375432524     
   1.2229518263950980     
   1.2322826320421678     
   1.2397901881971436     
   1.2449682804575293     
   1.2492839454797997     
   1.2490080247682998     
   1.2486099804723905     
   1.2433442470049099     
   1.2368639965093642     
   1.2276574547147128     
   1.2159848642285107     
   1.2020430686799890     
   1.1862614529173510     
   1.1705381022732053     
   1.1518050327570559     
   1.1311333052308075     
   1.1103465520476274     
   1.0879463928932986     
   1.0665047964185594     
   1.0441855218314255     
   1.0225154501296831     
   1.0022570879232100     
  0.98186937008238828     
  0.96181773114505353     
  0.94449517266899019     
  0.92746785262144393     
  0.91226752360069518     
  0.89773591040228218     
  0.88645599097189376     
  0.87690565007952215     
  0.86765144328460042     
  0.86031390581511469     
  0.85392215026549156     
  0.84741268437842499     
  0.84238002938826373     
  0.83865218526463248     
  0.83553736514856924     
  0.83540806725200101     
  0.83498009356398772     
  0.83402712793470579     
  0.83410724670121195     
  0.83469532907952071     
  0.83505186257771968     
  0.83554925233189792     
  0.83765264180496646     
  0.83892105045598353     
  0.84116063937164287     
  0.84325182216443273     
  0.84624131448128959     
  0.84923740200789610     
  0.85263807216908150     
  0.85663632044154125     
  0.86210987737270628     
  0.86746216078227611     
  0.87377239559828823     
  0.87991724983888264     
  0.88682023766994200     
  0.89431549944052535     
  0.90177681058871928     
  0.91104512265562565     
  0.92096652679464419     
  0.92996552206097549     
  0.94011824639229447     
  0.94987800827237134     
  0.96131544259050394     
  0.97261676212460335     
  0.98389485325337267     
  0.99486105016086346     
   1.0058106829837663     
   1.0177015761525663     
   1.0289851093460061     
   1.0410107550173977     
   1.0512748848205273     
   1.0626686176174949     
   1.0736366663894545     
   1.0848013788064124     
   1.0951221008239029     
   1.1063566620422156     
   1.1152255034213587     
   1.1248213964207114     
   1.1333696117876431     
   1.1196195660088089     
