 TEMP->   3.0000000000000000     
 DENSITY->  0.44999998807907104     
 N->         864
 CUTOFF->   3.2999999523162842     
 NUM_STEPS->       10000
   0.0000000000000000     
   0.0000000000000000     
   0.0000000000000000     
   0.0000000000000000     
   0.0000000000000000     
   0.0000000000000000     
   0.0000000000000000     
   0.0000000000000000     
   0.0000000000000000     
   0.0000000000000000     
   0.0000000000000000     
   0.0000000000000000     
   0.0000000000000000     
   0.0000000000000000     
   0.0000000000000000     
   0.0000000000000000     
   0.0000000000000000     
   0.0000000000000000     
   0.0000000000000000     
   0.0000000000000000     
   0.0000000000000000     
   0.0000000000000000     
   0.0000000000000000     
   0.0000000000000000     
   0.0000000000000000     
   0.0000000000000000     
   0.0000000000000000     
   0.0000000000000000     
   0.0000000000000000     
   0.0000000000000000     
   0.0000000000000000     
   0.0000000000000000     
   0.0000000000000000     
   0.0000000000000000     
   0.0000000000000000     
   0.0000000000000000     
   0.0000000000000000     
   0.0000000000000000     
   0.0000000000000000     
   0.0000000000000000     
   0.0000000000000000     
   0.0000000000000000     
   0.0000000000000000     
   0.0000000000000000     
   0.0000000000000000     
   0.0000000000000000     
   0.0000000000000000     
   0.0000000000000000     
   0.0000000000000000     
   0.0000000000000000     
   0.0000000000000000     
   0.0000000000000000     
   0.0000000000000000     
   0.0000000000000000     
   0.0000000000000000     
   0.0000000000000000     
   0.0000000000000000     
   0.0000000000000000     
   0.0000000000000000     
   0.0000000000000000     
   0.0000000000000000     
   0.0000000000000000     
   0.0000000000000000     
   0.0000000000000000     
   0.0000000000000000     
   0.0000000000000000     
   0.0000000000000000     
   0.0000000000000000     
   0.0000000000000000     
   0.0000000000000000     
   0.0000000000000000     
   0.0000000000000000     
   0.0000000000000000     
   0.0000000000000000     
   0.0000000000000000     
   0.0000000000000000     
   0.0000000000000000     
   0.0000000000000000     
   0.0000000000000000     
   0.0000000000000000     
   6.3241923851535444E-006
   1.8509848787936883E-005
   1.6257460246171733E-004
   7.3474035827550746E-004
   2.6861438640693406E-003
   8.1008847073797581E-003
   1.9263579387829268E-002
   4.0804367222434357E-002
   7.9047569569751369E-002
  0.13299149792015846     
  0.20612641022118938     
  0.29970751027097253     
  0.40984982069558118     
  0.53317719104918926     
  0.66420292043641471     
  0.79472120284145720     
  0.92735475592002581     
   1.0542998598527418     
   1.1713713611594418     
   1.2659127530794363     
   1.3544249509271562     
   1.4330306442284046     
   1.4920597652327825     
   1.5374563750949126     
   1.5761329995815341     
   1.6014496036970260     
   1.6150815418294118     
   1.6195230838441999     
   1.6253966895242127     
   1.6163217133375387     
   1.6064382171031821     
   1.6004385977825661     
   1.5762057832912615     
   1.5583265514119338     
   1.5376808806037197     
   1.5128439230474351     
   1.4903385608673998     
   1.4629863270331422     
   1.4418396742362667     
   1.4203263027244291     
   1.3937483916842992     
   1.3713862720928129     
   1.3498469029813449     
   1.3304239479261755     
   1.3114271945851572     
   1.2927526766260140     
   1.2711269717018205     
   1.2499751554565821     
   1.2275159065173151     
   1.2100853609382298     
   1.1937070594456591     
   1.1757251296056561     
   1.1605897404867582     
   1.1448222137198436     
   1.1252319449860706     
   1.1154725296306855     
   1.0990103150176591     
   1.0914478451187886     
   1.0759958679928658     
   1.0615955396820518     
   1.0554315664016982     
   1.0408080458335192     
   1.0284614129357190     
   1.0229899307777817     
   1.0153686878063164     
   1.0044679969249151     
  0.99299595007100649     
  0.99028798430132869     
  0.98593839701649044     
  0.98009425953462714     
  0.96843746990355728     
  0.96387460652069279     
  0.96048789685828606     
  0.95135018065789900     
  0.94879064525352286     
  0.94348253207990562     
  0.94120057477831087     
  0.93679059111655960     
  0.93306262113652128     
  0.92894341714976458     
  0.92675207124357728     
  0.92303832028525512     
  0.92025498020439522     
  0.91470787989122204     
  0.91488686936711106     
  0.91680221127543260     
  0.91388244197597712     
  0.91191046142541732     
  0.90926690333296323     
  0.91132365388313075     
  0.91472320940752216     
  0.91625534329325720     
  0.91687660561334805     
  0.91743360146065178     
  0.91527164695757068     
  0.91811422876329229     
  0.92354647520255673     
  0.92531230781018592     
  0.92738844613869476     
  0.92972351571189549     
  0.93170224825629333     
  0.93419437159896523     
  0.93882660509094695     
  0.94352294541496617     
  0.94592077864065649     
  0.95096101684808199     
  0.94986883594520732     
  0.95539739261474343     
  0.95976587451791051     
  0.96340257945422736     
  0.96845510335454399     
  0.96929877877009740     
  0.97481058775657670     
  0.97858301596082986     
  0.98033179505898094     
  0.98646610691906988     
  0.99075447145999573     
  0.99513992044420641     
  0.99834162880495436     
   1.0039778060665532     
   1.0059951808050138     
   1.0075093152683561     
   1.0107644878456630     
   1.0143821934448314     
   1.0178349132515501     
   1.0176663138171422     
   1.0200808096633518     
   1.0203780053172133     
   1.0237967356585060     
   1.0238628183512624     
   1.0268965970191366     
   1.0293445358941911     
   1.0301490818849004     
   1.0309006181300560     
   1.0315791417149267     
   1.0313923563917697     
   1.0290989287933117     
   1.0300838646003143     
   1.0310729392265854     
   1.0312263702881166     
   1.0315470235751361     
   1.0309812073802007     
   1.0340039311624014     
   1.0295934692544257     
   1.0276833778248173     
   1.0297979194808473     
   1.0291422433292279     
   1.0296420675843028     
   1.0284422718502713     
   1.0275463748200921     
   1.0247999342485890     
   1.0255671494363674     
   1.0224144756955627     
   1.0217322525117465     
   1.0199885369477399     
   1.0202075706880323     
   1.0193261980965163     
   1.0163593168290759     
   1.0159308014828998     
   1.0176567051685916     
   1.0118819592090740     
   1.0119389423647183     
   1.0103569958882268     
   1.0114721756466729     
   1.0095559459921919     
   1.0081058135959451     
   1.0073183824500089     
   1.0060999521628393     
   1.0051896807260539     
   1.0038172640889937     
   1.0021087825879904     
   1.0001416952761097     
  0.99983397513555139     
   1.0006740459844867     
  0.99837789436767976     
  0.99583270687458758     
  0.99594226286424004     
  0.99654606621254849     
  0.99929103117253826     
  0.99719102705574836     
  0.99645499719404462     
  0.99568305980795202     
  0.99267490932222080     
  0.99546219816349524     
  0.99454652332258042     
  0.99496752507167485     
  0.99473332306367812     
  0.99362144083369630     
  0.99387305867275721     
  0.99436612536080971     
  0.99412070790805063     
  0.99321198982426828     
  0.99149837999402690     
  0.99116004266875446     
  0.99223727043559817     
  0.99242828686008433     
  0.99245871920485196     
  0.99342993687764503     
  0.99342587792715642     
  0.99328889938969311     
  0.99260462114761572     
  0.99355943166500782     
  0.99561537892355711     
  0.99426449895429159     
  0.99457329152724439     
  0.99419371186825589     
  0.99566950076735716     
  0.99677151427796373     
  0.99777526371076086     
  0.99744262537625750     
  0.99570832708728829     
  0.99683050607248846     
  0.99669836032768488     
  0.99755774466321201     
  0.99946457834360658     
  0.99958250596248355     
  0.99880482957491046     
   1.0005997192989926     
  0.99991045670322964     
   1.0018945351865032     
   1.0017832584161874     
   1.0026572356510093     
   1.0011155916746730     
   1.0025422861001403     
   1.0026097475947950     
   1.0041636291849163     
   1.0031875470806990     
   1.0036435821060561     
   1.0025650583755079     
   1.0009485537404961     
   1.0010961362082751     
   1.0009285012441567     
   1.0007832130718728     
   1.0024891736336525     
   1.0034882214037204     
   1.0041963344961282     
   1.0032958696053493     
   1.0025099913415578     
   1.0037058910804482     
   1.0057215326191906     
   1.0048526427835638     
   1.0026127385280024     
   1.0027151332866424     
   1.0025323780695001     
   1.0024386883490712     
   1.0038856708854742     
   1.0040743906403022     
   1.0026617341873627     
   1.0044312954834433     
   1.0045495046965920     
   1.0052159354479264     
   1.0045575049098689     
   1.0048559348753394     
   1.0039646688407271     
   1.0040616125975101     
   1.0052056265243154     
   1.0035252997251016     
   1.0028952774362527     
   1.0037899240514654     
   1.0035124395436228     
   1.0026514410010212     
   1.0019635768431974     
   1.0025093204945790     
   1.0022564923116373     
   1.0021195404912360     
   1.0012470914681797     
   1.0020078154760834     
   1.0010344304851164     
   1.0010902797350671     
   1.0018393702651238     
   1.0001183680117218     
   1.0006181233958684     
   1.0011917663190095     
   1.0001792097786615     
  0.99956422252179422     
   1.0003061764959660     
  0.99980679566422714     
  0.99985753397700217     
   1.0007569335614064     
   1.0011108196304348     
  0.99973116677564000     
   1.0001628083959606     
  0.99945734086907501     
  0.99953477861460960     
  0.99916447558873467     
   1.0010619911469629     
  0.99984574708820362     
   1.0008746166372597     
   1.0009079178041516     
  0.99932418764317799     
  0.99968115115833833     
  0.99965336187584164     
  0.99893007752193175     
  0.99899250970872000     
  0.99840155490732529     
  0.99881739139188175     
  0.99814674767170930     
  0.99859478193836382     
   1.0005322889432200     
  0.99961440967205140     
  0.99983536551093843     
  0.99956692880568054     
   1.0005204071778679     
   1.0008579411149747     
  0.99981734683484769     
  0.99948252117135705     
   1.0007926222476942     
   1.0009279553343466     
   1.0012297445874148     
   1.0015179446696039     
   1.0013710773839595     
   1.0005369641806601     
   1.0020866858755451     
   1.0024712511775651     
   1.0012956584243207     
   1.0004159704148441     
   1.0007409277077872     
   1.0003296809347793     
   1.0009417234988387     
   1.0012678009516043     
   1.0005553766237918     
   1.0009572447596879     
   1.0017131167832287     
   1.0009248207365766     
   1.0010725896073536     
   1.0010684008049662     
   1.0015816460715514     
   1.0015997548551800     
   1.0022466752637498     
   1.0001308034049523     
   1.0003977849024537     
  0.99981683350660000     
   1.0012396539611457     
   1.0007176130428255     
   1.0021227325429796     
   1.0019096519476345     
   1.0019244901121367     
   1.0014576916031270     
   1.0012040970886764     
   1.0007419577917340     
   1.0010277729417303     
   1.0008334178735860     
   1.0002577574591518     
   1.0004756672555946     
   1.0008946604634497     
   1.0005342533225954     
   1.0006753927555621     
   1.0002683159405463     
  0.99912828677615695     
   1.0004971195468595     
   1.0004880362535331     
  0.99894272367796200     
  0.99979433978226895     
  0.99926381244835882     
  0.99838654124673953     
  0.99827063423924756     
  0.99841890778396103     
  0.99853998027092783     
  0.99979453343566183     
  0.99894852440853377     
  0.99884079242735946     
   1.0006952972692540     
   1.0008340090260552     
   1.0009123318273279     
   1.0000111623307104     
   1.0009391521991786     
   1.0003415868052292     
   1.0006461622997458     
   1.0006271741997421     
   1.0004879062723409     
   1.0004175549855410     
   1.0002121597551308     
   1.0006478989129031     
   1.0009126487988995     
   1.0005440122480809     
   1.0009211328152590     
   1.0003164079295663     
   1.0003576550181938     
   1.0009576883949998     
   1.0000150721930781     
  0.99925440316917780     
   1.0005448356944777     
   1.0004067802658771     
   1.0002222566607988     
   1.0000150414653175     
   1.0001262418923400     
   1.0009869772725144     
   1.0009459504304505     
   1.0007663861076306     
   1.0018580246177986     
   1.0008623341797001     
   1.0011336309973558     
   1.0010518668615787     
   1.0006911473341118     
   1.0000524499259766     
   1.0001967439097923     
   1.0006752274751964     
   1.0010623862366661     
   1.0000784868253472     
   1.0010362462591331     
   1.0019871405497858     
   1.0024270873335217     
   1.0017601891347760     
   1.0015826689860148     
   1.0013235296695144     
   1.0019393590293744     
   1.0010769638981201     
   1.0021081906931384     
   1.0002873608743701     
   1.0002865415077773     
   1.0013592482774440     
   1.0013432833986744     
   1.0012438350941379     
   1.0017378829453618     
   1.0021857273399257     
   1.0023710854673960     
   1.0009072759164430     
   1.0009567266376354     
   1.0000255373038471     
  0.99976394537162006     
   1.0001992920593175     
   1.0004379451111038     
   1.0001616933636366     
   1.0000759945884152     
   1.0003268889042818     
   1.0005968410971682     
   1.0011044757845553     
   1.0010719059397177     
   1.0017176555645366     
   1.0007283226118964     
   1.0005723423934456     
   1.0004793228648718     
   1.0006944350458000     
   1.0017260483166186     
   1.0009342593584216     
   1.0009881972673245     
   1.0002716293595060     
   1.0007866928676084     
   1.0010084835893382     
   1.0007759162971275     
   1.0011057670546153     
   1.0018410358047127     
   1.0012030045385027     
   1.0020205678512477     
   1.0026567313849124     
   1.0020340414950628     
   1.0017440033362512     
   1.0014333482227415     
   1.0002574683604335     
   1.0001095947089171     
   1.0005124383043078     
   1.0008657121944715     
   1.0007775672680639     
   1.0002300616545781     
   1.0005350375528490     
   1.0002895422498281     
   1.0001250649432809     
   1.0008067158050642     
   1.0001518927086475     
  0.99969878606884643     
   1.0000805144661042     
   1.0004916015398797     
   1.0003575845175696     
   1.0005662906344124     
   1.0007240037926359     
   1.0015630038760275     
   1.0009874679543336     
   1.0000885712237417     
   1.0007384004876896     
   1.0008037107570036     
   1.0004896464419955     
   1.0004376636724612     
   1.0002998882827070     
   1.0006663774063982     
   1.0002257183413528     
  0.99998866086160709     
   1.0004558837873148     
   1.0005252640078239     
  0.99962335667008273     
  0.99968007482592269     
  0.99929484207510744     
   1.0005131593153054     
   1.0000246556802888     
   1.0005291815052741     
  0.99988914815363128     
   1.0004663798948770     
   1.0010560390291534     
   1.0016262977438961     
   1.0013983874168069     
   1.0007640752989835     
   1.0006279449819182     
   1.0005507572586176     
   1.0003814753800100     
   1.0010351541552018     
   1.0002758473489968     
   1.0004110193995670     
   1.0010772364330816     
   1.0001460515982583     
   1.0007094373915841     
   1.0011546128674511     
   1.0007948043963337     
   1.0002853818924546     
   1.0006239869629669     
   1.0002790057771698     
   1.0001045841627176     
   1.0000404031980417     
  0.99969813124791096     
   1.0003224631314740     
  0.99958814694910103     
   1.0009807692419896     
   1.0002237295309784     
   1.0011467384811394     
   1.0009707390687610     
   1.0013782584205981     
   1.0021196758554771     
   1.0018036651386535     
   1.0007649568506647     
   1.0011306023567574     
   1.0011462433856280     
   1.0017076572579675     
   1.0015262825219764     
   1.0014096720091210     
   1.0008103108146225     
   1.0010402915637371     
   1.0007957155205305     
   1.0005746794569874     
   1.0013326539714253     
   1.0003952022316305     
   1.0007819197991996     
   1.0008104535695923     
   1.0011979398946820     
   1.0018885807759721     
   1.0020921047243168     
   1.0009958618021075     
   1.0012898760632869     
   1.0007832077485934     
   1.0009370491008593     
   1.0001811784783761     
   1.0003858221902875     
   1.0001692834251910     
   1.0001362809194259     
  0.99956452384564187     
