 TEMP->  0.50000000000000000     
 DENSITY->   1.2000000476837158     
 N->         864
 CUTOFF->   3.2999999523162842     
 NUM_STEPS->       10000
   0.0000000000000000     
   0.0000000000000000     
   0.0000000000000000     
   0.0000000000000000     
   0.0000000000000000     
   0.0000000000000000     
   0.0000000000000000     
   0.0000000000000000     
   0.0000000000000000     
   0.0000000000000000     
   0.0000000000000000     
   0.0000000000000000     
   0.0000000000000000     
   0.0000000000000000     
   0.0000000000000000     
   0.0000000000000000     
   0.0000000000000000     
   0.0000000000000000     
   0.0000000000000000     
   0.0000000000000000     
   0.0000000000000000     
   0.0000000000000000     
   0.0000000000000000     
   0.0000000000000000     
   0.0000000000000000     
   0.0000000000000000     
   0.0000000000000000     
   0.0000000000000000     
   0.0000000000000000     
   0.0000000000000000     
   0.0000000000000000     
   0.0000000000000000     
   0.0000000000000000     
   0.0000000000000000     
   0.0000000000000000     
   0.0000000000000000     
   0.0000000000000000     
   0.0000000000000000     
   0.0000000000000000     
   0.0000000000000000     
   0.0000000000000000     
   0.0000000000000000     
   0.0000000000000000     
   0.0000000000000000     
   0.0000000000000000     
   0.0000000000000000     
   0.0000000000000000     
   0.0000000000000000     
   0.0000000000000000     
   0.0000000000000000     
   0.0000000000000000     
   0.0000000000000000     
   0.0000000000000000     
   0.0000000000000000     
   0.0000000000000000     
   0.0000000000000000     
   0.0000000000000000     
   0.0000000000000000     
   0.0000000000000000     
   0.0000000000000000     
   0.0000000000000000     
   0.0000000000000000     
   0.0000000000000000     
   0.0000000000000000     
   0.0000000000000000     
   0.0000000000000000     
   0.0000000000000000     
   0.0000000000000000     
   0.0000000000000000     
   0.0000000000000000     
   0.0000000000000000     
   0.0000000000000000     
   0.0000000000000000     
   0.0000000000000000     
   0.0000000000000000     
   0.0000000000000000     
   0.0000000000000000     
   0.0000000000000000     
   0.0000000000000000     
   0.0000000000000000     
   0.0000000000000000     
   0.0000000000000000     
   0.0000000000000000     
   0.0000000000000000     
   0.0000000000000000     
   0.0000000000000000     
   0.0000000000000000     
   0.0000000000000000     
   0.0000000000000000     
   0.0000000000000000     
   1.6887813478265590E-005
   2.0742654232018095E-004
   1.6075616697946782E-003
   8.9303517064200071E-003
   3.7910476097208864E-002
  0.12074631640791007     
  0.32133441548478547     
  0.72782543043056735     
   1.3965476687995888     
   2.3637181416321664     
   3.5566220891522766     
   4.8326950264722175     
   5.9791915082104952     
   6.8235044892596228     
   7.2353349171397046     
   7.1793062684180411     
   6.6892154197725970     
   5.9078783197859526     
   4.9415326913478639     
   3.9348780566582287     
   2.9915542730796409     
   2.1845862784826529     
   1.5302868333753221     
   1.0268853504758932     
  0.66455661163432755     
  0.41351110060610113     
  0.24604920029439870     
  0.14429718554150378     
   8.0242043741857311E-002
   4.4034801822756015E-002
   2.2698663176854254E-002
   1.1666111821241698E-002
   5.6153152247912968E-003
   2.7135042794677088E-003
   1.2899315534825747E-003
   5.4447108389407239E-004
   2.9676009471704641E-004
   2.2216496130538312E-004
   2.8852504080649255E-004
   5.7733659330215883E-004
   1.3021870749150371E-003
   2.4653752042432093E-003
   4.8277173218598084E-003
   9.3448990584898244E-003
   1.7215065550615208E-002
   3.0590694162558114E-002
   5.1392484186201064E-002
   8.3552772782681015E-002
  0.13200754676049686     
  0.20269810655337814     
  0.29688000806062426     
  0.41723608146377611     
  0.56085417601218923     
  0.72795170779432050     
  0.90840534293278130     
   1.0883268457479511     
   1.2479749174662134     
   1.3692464002379399     
   1.4407309023600403     
   1.4624757538244535     
   1.4199065554612398     
   1.3134263721226644     
   1.1712937027125574     
  0.99575370944990949     
  0.81734520809685096     
  0.64033489297599555     
  0.47919776814366494     
  0.34515684086209597     
  0.23799951687153478     
  0.15833564286188057     
   9.9247983052417721E-002
   6.0884879196430451E-002
   3.5908682180191609E-002
   2.0380791631332811E-002
   1.1691446225904326E-002
   8.5734462734439066E-003
   9.5240738971903490E-003
   1.5999821538942950E-002
   3.0845286952075862E-002
   5.9831313721345328E-002
  0.11070424622549298     
  0.19515721691568239     
  0.33102423934376296     
  0.52996626308607164     
  0.81164363169411524     
   1.1808033784186747     
   1.6298520966630305     
   2.1433914392076536     
   2.6845553432846425     
   3.2031136380574061     
   3.6417836117768139     
   3.9466600975267969     
   4.0812652395416702     
   4.0263522283721196     
   3.7977085892995905     
   3.4259146944593075     
   2.9497890339603514     
   2.4299007190107864     
   1.9162108838759795     
   1.4501666156438215     
   1.0505250358186358     
  0.73170915086260946     
  0.48806675770522567     
  0.31314228657633503     
  0.19290337055967452     
  0.11668190800165235     
   7.0700774092584809E-002
   4.8869525660651648E-002
   4.7298752259108186E-002
   6.4672668823856694E-002
  0.10404481048983243     
  0.17070787279054775     
  0.26810211598060163     
  0.40036516733027622     
  0.56560259066630569     
  0.75645423018224556     
  0.95982358352320296     
   1.1594970855281168     
   1.3329736966669721     
   1.4561248169186267     
   1.5198776683004018     
   1.5152205626613358     
   1.4486268003606575     
   1.3162080603970918     
   1.1482117796313827     
  0.96133758676387870     
  0.77037361322731979     
  0.59517345529622734     
  0.44393466542693305     
  0.32087210592255161     
  0.23087188824224031     
  0.17203619896783293     
  0.14304726869531229     
  0.14685724864744421     
  0.18271265828944899     
  0.25440481596409231     
  0.36565702420287544     
  0.51904493780205208     
  0.71650060365375867     
  0.95207285639906869     
   1.2182526136492431     
   1.4978622777198207     
   1.7672761332899958     
   2.0049453175272256     
   2.1821730678757190     
   2.2803892563390908     
   2.2865024944311516     
   2.2027604922465165     
   2.0383138790587663     
   1.8101591932925980     
   1.5432871019112457     
   1.2685641328559267     
  0.99970744296653213     
  0.75663936746146820     
  0.55563117493062097     
  0.39675727922538828     
  0.28088062513138379     
  0.20745671979151617     
  0.17090383977685661     
  0.16650541448333775     
  0.19062763858945198     
  0.23830102425660679     
  0.30355129988723700     
  0.37990088062975114     
  0.45938487818738916     
  0.53717271139994882     
  0.59993237407349354     
  0.64293778068642515     
  0.66064211997854361     
  0.64920093124927636     
  0.61170046330914329     
  0.55211502250297417     
  0.48207883688671221     
  0.40760566149925054     
  0.34034775687824637     
  0.29126474863364143     
  0.26946242740341392     
  0.28688593654906286     
  0.35260472379282604     
  0.47727128174766748     
  0.66783456096542715     
  0.92725020951557835     
   1.2519182989453350     
   1.6297240524236702     
   2.0422703379572011     
   2.4547122829243979     
   2.8234621001065214     
   3.1124599210459132     
   3.2906950315791987     
   3.3340630349698204     
   3.2398534682780991     
   3.0203343336523889     
   2.7030267190269317     
   2.3227533645255147     
   1.9150895345576422     
   1.5200443905095637     
   1.1663287871451926     
  0.86731570417437887     
  0.63295922029928731     
  0.46307515649531605     
  0.35205285283955851     
  0.28844926429727746     
  0.26250723302727508     
  0.26307448448602078     
  0.28095843346904670     
  0.30503452908955353     
  0.32802267810970093     
  0.34658370650024750     
  0.35457026055982854     
  0.35197259942001680     
  0.33814068215549925     
  0.31710217502467669     
  0.29475898732293199     
  0.27677506534812563     
  0.27136702376347183     
  0.28709366512500434     
  0.33172999151652527     
  0.41105966530880644     
  0.53005396693864615     
  0.68908912223929175     
  0.88369386892550694     
   1.0997424101678126     
   1.3255577262416252     
   1.5395470445339010     
   1.7194365386942649     
   1.8456313496038614     
   1.9019145870501939     
   1.8889389140201251     
   1.8016387545750712     
   1.6556968847859597     
   1.4717949307027465     
   1.2697133355075121     
   1.0723849548526672     
  0.90060276632813341     
  0.77119920832748501     
  0.69240137044459593     
  0.66637400212534126     
  0.69092766117884785     
  0.75469303179320235     
  0.84544081390084524     
  0.94477989870249579     
   1.0366291774157506     
   1.1060028628048617     
   1.1423657901896513     
   1.1382133668667953     
   1.0944589725629252     
   1.0185403785699141     
  0.91965475019504461     
  0.81119186403143295     
  0.71038159510861876     
  0.62999721252526364     
  0.58138951865408717     
  0.57008749853374407     
  0.59753904301133653     
  0.65846490753958264     
  0.74371226156273362     
  0.83959175366610794     
  0.93352351794848054     
   1.0095409572292176     
   1.0541890259956854     
   1.0635097040365900     
   1.0346738734196517     
  0.97269354079700621     
  0.88790344553824174     
  0.79307210155252894     
  0.70401436229784986     
  0.63332551799745918     
  0.59142219484248959     
  0.58249418996160096     
  0.60891651123786905     
  0.66137780905033849     
  0.73587232853054385     
  0.81698453852352071     
  0.89101922351589602     
  0.95007244291899240     
  0.98552841345769182     
  0.99345835286270745     
  0.97972895757099465     
  0.95487470256293860     
  0.93352180856328182     
  0.93271125746243744     
  0.97149279476811978     
   1.0611585668549570     
   1.2084128147310860     
   1.4101105615053786     
   1.6561614198410726     
   1.9232348193371795     
   2.1833544972148511     
   2.4056928796099775     
   2.5622484265965153     
   2.6311944799535048     
   2.5982071719286948     
   2.4708169134221571     
   2.2572391091623825     
   1.9842825977171257     
   1.6775877944140827     
   1.3659855518631701     
   1.0679201462514316     
  0.80235246139983596     
  0.58077780839164428     
  0.40518153303605148     
  0.27343141108775759     
  0.18099834625103750     
  0.12180186715368246     
   8.8813349432935437E-002
   7.9159210335011290E-002
   9.0644280235273267E-002
  0.12294333892291048     
  0.17824793227337007     
  0.25783988480805797     
  0.36385759948148366     
  0.49696126246935601     
  0.65317655436661570     
  0.82612888509633275     
   1.0064587115677412     
   1.1775910492742017     
   1.3273343621625411     
   1.4377929459505756     
   1.4993548666890113     
   1.5061802242756941     
   1.4582885894871713     
   1.3643989887034682     
   1.2337660220007964     
   1.0862089718405743     
  0.93753087169317195     
  0.79904605505725756     
  0.68262927290287001     
  0.59194573466271927     
  0.52741978829112579     
  0.48666910922654472     
  0.46252881031328025     
  0.45107853994216851     
  0.44764352075332081     
  0.45220831150318103     
  0.46471859374257740     
  0.49025546340760973     
  0.53211126079739912     
  0.59521257657832660     
  0.68319020849708867     
  0.79422214013349790     
  0.92110451966774221     
   1.0539021706275185     
   1.1786764514627908     
   1.2807879532697550     
   1.3514090268924945     
   1.3797846675371916     
   1.3671272335670184     
   1.3163685512349295     
   1.2382201847043459     
   1.1468559495060016     
   1.0585221397003122     
  0.98189525454199955     
  0.92757445277683470     
  0.89727368662088258     
  0.88826436856270130     
  0.89620381954094186     
  0.91211196375213055     
  0.92863479115796210     
  0.82054935699884712     
