 TEMP->   2.5000000000000000     
 DENSITY->  0.30000001192092896     
 N->         864
 CUTOFF->   3.2999999523162842     
 NUM_STEPS->       10000
   0.0000000000000000     
   0.0000000000000000     
   0.0000000000000000     
   0.0000000000000000     
   0.0000000000000000     
   0.0000000000000000     
   0.0000000000000000     
   0.0000000000000000     
   0.0000000000000000     
   0.0000000000000000     
   0.0000000000000000     
   0.0000000000000000     
   0.0000000000000000     
   0.0000000000000000     
   0.0000000000000000     
   0.0000000000000000     
   0.0000000000000000     
   0.0000000000000000     
   0.0000000000000000     
   0.0000000000000000     
   0.0000000000000000     
   0.0000000000000000     
   0.0000000000000000     
   0.0000000000000000     
   0.0000000000000000     
   0.0000000000000000     
   0.0000000000000000     
   0.0000000000000000     
   0.0000000000000000     
   0.0000000000000000     
   0.0000000000000000     
   0.0000000000000000     
   0.0000000000000000     
   0.0000000000000000     
   0.0000000000000000     
   0.0000000000000000     
   0.0000000000000000     
   0.0000000000000000     
   0.0000000000000000     
   0.0000000000000000     
   0.0000000000000000     
   0.0000000000000000     
   0.0000000000000000     
   0.0000000000000000     
   0.0000000000000000     
   0.0000000000000000     
   0.0000000000000000     
   0.0000000000000000     
   0.0000000000000000     
   0.0000000000000000     
   0.0000000000000000     
   0.0000000000000000     
   0.0000000000000000     
   0.0000000000000000     
   0.0000000000000000     
   0.0000000000000000     
   0.0000000000000000     
   0.0000000000000000     
   0.0000000000000000     
   0.0000000000000000     
   0.0000000000000000     
   0.0000000000000000     
   0.0000000000000000     
   0.0000000000000000     
   0.0000000000000000     
   0.0000000000000000     
   0.0000000000000000     
   0.0000000000000000     
   0.0000000000000000     
   0.0000000000000000     
   0.0000000000000000     
   0.0000000000000000     
   0.0000000000000000     
   0.0000000000000000     
   0.0000000000000000     
   0.0000000000000000     
   0.0000000000000000     
   0.0000000000000000     
   0.0000000000000000     
   0.0000000000000000     
   0.0000000000000000     
   0.0000000000000000     
   2.7095765282471214E-005
   1.5870390687696488E-004
   5.4239439816956196E-004
   2.5227666968136485E-003
   7.0574695471652300E-003
   1.6853278458800219E-002
   3.5288063405891176E-002
   6.7173646083800304E-002
  0.11392894257181931     
  0.17865850009680159     
  0.25922156445225475     
  0.36136984609813444     
  0.47490920985000501     
  0.60272053216452626     
  0.72756892583059030     
  0.85023411743601029     
  0.97809563427207102     
   1.0884698057623876     
   1.1891909765367019     
   1.2793365619873927     
   1.3478622738119197     
   1.4100589395516920     
   1.4598049954115651     
   1.5059182255850367     
   1.5374923863854824     
   1.5567155934881747     
   1.5689930945651700     
   1.5753401157961775     
   1.5742134229099958     
   1.5666778542371835     
   1.5552745280478804     
   1.5388934567376280     
   1.5212365747421612     
   1.5043310829920569     
   1.4843733036606102     
   1.4710899369299530     
   1.4526613868776037     
   1.4340297990961000     
   1.4184473576610290     
   1.3960814987079730     
   1.3722302404590485     
   1.3569657538843363     
   1.3346200968942330     
   1.3182171848576041     
   1.2991138934736890     
   1.2783201704605218     
   1.2595998097598338     
   1.2464275502039774     
   1.2288278291118542     
   1.2171914658342275     
   1.2016402882058994     
   1.1870651862612651     
   1.1696152046845241     
   1.1596707326388997     
   1.1478916786607536     
   1.1310379374045809     
   1.1205006503592019     
   1.1107167908838520     
   1.0976901118837907     
   1.0896138566177367     
   1.0788490686122119     
   1.0743375784017157     
   1.0619393556214642     
   1.0514286519771223     
   1.0450433526477241     
   1.0376828645885334     
   1.0287080122560928     
   1.0208862993140539     
   1.0149233565827558     
   1.0093149547431752     
   1.0042152574272252     
  0.99787350840613187     
  0.99496949270086310     
  0.99314042291918436     
  0.98683164225317044     
  0.98137568580958467     
  0.98066927346359500     
  0.97915670590992021     
  0.97309533765134215     
  0.96749508239544491     
  0.97277440061037423     
  0.97239331851671040     
  0.97020489094856099     
  0.96877474096486660     
  0.96938884673991621     
  0.95996299936407337     
  0.96223438322046917     
  0.95919677528647607     
  0.96010573613740835     
  0.95514930421432476     
  0.95610597143216558     
  0.95640334006812777     
  0.95564391177915597     
  0.95788335224242382     
  0.95747708171017976     
  0.95508359097520201     
  0.96011149243806393     
  0.95792053873321314     
  0.95867762069716422     
  0.95833355131183251     
  0.95937908510635805     
  0.96381734235760286     
  0.95999113750742404     
  0.96306739124742313     
  0.96744361819214719     
  0.96986566355895143     
  0.96732739947690216     
  0.97132274662166562     
  0.96705358592974799     
  0.97134602980810081     
  0.97530322374572431     
  0.97874439700207572     
  0.97905395174477949     
  0.98248578335835013     
  0.98504098683723018     
  0.98849494914821134     
  0.99088715420714013     
  0.99134846058127613     
  0.99304956513917220     
  0.99707699351735690     
   1.0024232862909148     
   1.0002864895666037     
   1.0057915766432470     
   1.0085512950444833     
   1.0097054709762252     
   1.0073939884180267     
   1.0083807692889257     
   1.0157751096408354     
   1.0169280067317734     
   1.0152391145729982     
   1.0135341754108125     
   1.0159258294995657     
   1.0166483447456680     
   1.0170516332168800     
   1.0155443843078347     
   1.0208011788286484     
   1.0195264205235728     
   1.0221507756127366     
   1.0189897494751967     
   1.0202356701111512     
   1.0195989383519313     
   1.0213004904744059     
   1.0202845695383136     
   1.0211251109408059     
   1.0196247824998206     
   1.0205782744924647     
   1.0215773092119864     
   1.0196992403652183     
   1.0195253330377896     
   1.0182782809658544     
   1.0170376607867411     
   1.0157200102484785     
   1.0159372052658528     
   1.0165774118450535     
   1.0177409037588003     
   1.0178003749482820     
   1.0163586974565570     
   1.0140021088145617     
   1.0119991561778356     
   1.0118517420351167     
   1.0125817968483228     
   1.0121252853565641     
   1.0115611126178377     
   1.0094711393552365     
   1.0056658630189543     
   1.0052528919796819     
   1.0050300045218024     
   1.0060799406456569     
   1.0074739532373882     
   1.0073513495453081     
   1.0082789797706542     
   1.0032507516887197     
   1.0038329451776296     
   1.0034100767330485     
   1.0039097793300231     
   1.0042425997197619     
   1.0032311357494046     
   1.0051010597889669     
   1.0022655734009425     
   1.0024195673026646     
  0.99965964770962334     
  0.99794058953295395     
   1.0013697943432511     
  0.99889009928235883     
   1.0000088023708464     
   1.0005081558107107     
   1.0008768383608395     
  0.99938938417183520     
  0.99941382681828839     
  0.99754020809346189     
   1.0004562733099531     
   1.0001802047326860     
   1.0014210811703004     
  0.99917948678320678     
  0.99873233246722681     
  0.99784256633391633     
  0.99574064510352078     
  0.99675700329039552     
  0.99808048352255729     
  0.99632135474532380     
  0.99726423534241493     
  0.99769253553472304     
  0.99803170160234689     
  0.99851963074870265     
  0.99870158588406965     
  0.99919747913362722     
  0.99776141083942438     
  0.99964325724751169     
   1.0005606651971786     
   1.0005839607618650     
   1.0016577298815463     
   1.0000054224743864     
  0.99992806068792195     
   1.0029672751481984     
   1.0030115114189979     
   1.0031998802281643     
   1.0019799236448736     
   1.0028118859951363     
   1.0014478003863265     
   1.0005104959181237     
   1.0017436544776852     
   1.0006110556254766     
   1.0007791384407023     
   1.0012884830176902     
   1.0016802354789418     
   1.0009912165015156     
   1.0003695149780725     
  0.99904762009908354     
   1.0013296529409328     
   1.0027952572216401     
   1.0018597825027908     
   1.0008588995718017     
   1.0020201529101596     
   1.0018317811900082     
   1.0022370038531629     
   1.0020848814443273     
   1.0010150038815169     
   1.0012914250814711     
   1.0022050082883498     
   1.0019305069797224     
   1.0026833468744298     
   1.0006516286330653     
   1.0003177030732706     
   1.0031874169712172     
   1.0020531221629816     
   1.0024345108199226     
  0.99984525927959655     
  0.99882713524540623     
  0.99885429641259427     
   1.0007279853525575     
   1.0006688993702062     
   1.0008174783845081     
   1.0003530349214693     
  0.99897411648524248     
  0.99885070390786090     
   1.0000555673818419     
  0.99828660684110648     
  0.99802193834867237     
  0.99917951221643486     
  0.99842251724229725     
   1.0014744438853624     
   1.0015787835042744     
   1.0025994651880099     
   1.0036152552300990     
   1.0020584384725515     
   1.0028461482478395     
   1.0018960102802112     
   1.0004853627393340     
   1.0010545387903762     
   1.0002919955210250     
   1.0015622541264459     
   1.0021158983460592     
   1.0015354922238786     
   1.0000594967674463     
   1.0006960779935674     
   1.0004662406630658     
  0.99894343345468262     
  0.99904689479961228     
  0.99839876696727736     
   1.0016294633652838     
   1.0005218605296951     
  0.99889205766252953     
  0.99985798633461120     
  0.99734302712177247     
  0.99901854212621310     
  0.99871568030018465     
  0.99916554974591687     
  0.99937890256555251     
  0.99696679697289292     
  0.99683912748368286     
  0.99874393774823134     
  0.99831161879782615     
  0.99969699611297247     
   1.0012570783910886     
   1.0007343828475075     
   1.0012475232518456     
   1.0020553768673870     
   1.0019841558339169     
   1.0012850210615183     
   1.0028543538870403     
   1.0016696463044994     
   1.0008318206345785     
   1.0024682106953506     
   1.0018648376090984     
   1.0011913171221245     
   1.0006702418701823     
  0.99939021125856775     
  0.99829407965236650     
   1.0006242784349750     
   1.0005758020976721     
   1.0001481175151441     
   1.0009509111556405     
   1.0003944717662450     
   1.0014229070445673     
   1.0013681917648052     
   1.0010539100750437     
   1.0017769058252735     
  0.99980125716145707     
   1.0006615985700023     
   1.0010246763642245     
   1.0004793270736034     
   1.0012946501773070     
   1.0000931765049219     
   1.0000712559818521     
   1.0010590148330905     
  0.99939146370769583     
   1.0012654723101422     
   1.0003308951419967     
   1.0009742334233387     
  0.99996113417235699     
  0.99972788480015118     
   1.0003311701696265     
  0.99982714773529135     
  0.99902867144545704     
  0.99872563576002260     
  0.99957786567108675     
  0.99997778195284981     
  0.99943054217551852     
  0.99935731108728432     
   1.0005973704586961     
  0.99985775426587020     
   1.0013648164680959     
   1.0012971394043180     
   1.0014927040453605     
   1.0010694866027443     
   1.0004646891288547     
   1.0010451780532157     
   1.0021066195415518     
   1.0013094732920615     
   1.0010543706441697     
   1.0007524681533602     
   1.0021221390134381     
   1.0007939866216895     
   1.0007328332618606     
   1.0004704082937763     
   1.0012578498779698     
   1.0011392512865267     
   1.0000677483790297     
   1.0012814156631091     
   1.0007102638495238     
   1.0005487708194158     
   1.0023572261950875     
   1.0023618012756466     
   1.0018290626537512     
   1.0003712250195922     
  0.99975044741512076     
   1.0001047238533234     
  0.99998167166134921     
   1.0007234171669559     
   1.0002211402891190     
   1.0013482640887439     
  0.99979607192647713     
   1.0010972674826919     
   1.0004879949868601     
   1.0005007100942975     
   1.0014988141140653     
   1.0005124590218653     
  0.99984837102335711     
   1.0002758022796649     
  0.99961268011779525     
   1.0010426977389764     
   1.0008838567355429     
   1.0006723711011443     
   1.0000219657436498     
  0.99961397330382962     
  0.99919834791516271     
  0.99997166370711943     
   1.0009906424639445     
  0.99991421553183846     
   1.0006607175400573     
  0.99986128070929770     
  0.99975335884899419     
  0.99866519246985486     
  0.99935002432226239     
  0.99931258619083685     
  0.99881644114987234     
  0.99954404083817205     
  0.99938900947661835     
   1.0001465272613934     
   1.0005712196457042     
   1.0002766651034602     
   1.0007335818791741     
   1.0003938805671315     
   1.0014356855446214     
   1.0013145506912646     
  0.99981427700230963     
  0.99906700670658732     
   1.0014074552239329     
   1.0003718012879967     
  0.99965742096062038     
   1.0004853065857824     
   1.0010021975424450     
   1.0001162666709258     
   1.0007734236752868     
   1.0002962455984366     
   1.0012029621601695     
   1.0006185140455455     
   1.0007989492527998     
   1.0013780601185984     
   1.0011961676668859     
   1.0025785518171728     
   1.0016801439333778     
   1.0027259910528434     
   1.0024571209564370     
   1.0017164874354307     
   1.0011483763510569     
   1.0021551139900531     
   1.0004113258754224     
   1.0002338627065166     
   1.0007559629843543     
   1.0011652683500289     
   1.0000209115133769     
  0.99909594210141839     
   1.0007388350523490     
   1.0003595122636695     
  0.99967080958052301     
   1.0005046789169239     
   1.0010805446939501     
   1.0012357180765123     
   1.0007971308206538     
   1.0002480564421883     
   1.0009841000667763     
   1.0006406959536611     
   1.0010346093487275     
   1.0012395714265951     
   1.0009174977189321     
   1.0001342257117480     
   1.0000816095781291     
  0.99969703627294526     
   1.0004178743060730     
   1.0000891052681047     
  0.99938211883705519     
  0.99986333710146125     
   1.0001575654458443     
   1.0004409460121055     
   1.0011376645231833     
   1.0003928598081788     
   1.0009158265947842     
   1.0009001224883942     
   1.0009158632406909     
   1.0023383591677077     
   1.0017961431921578     
   1.0013400959386236     
   1.0007556726550533     
   1.0008435268038467     
   1.0009550293833809     
   1.0009334024484742     
  0.99994864176564113     
   1.0004683486268149     
   1.0005742940507318     
   1.0006930565342675     
   1.0005957470004918     
  0.99988303320241112     
   1.0011947692271519     
   1.0005643963335842     
  0.99946789296719640     
   1.0001814199422714     
  0.99989490916143542     
   1.0004239549622160     
   1.0011704333216300     
   1.0010183657813376     
   1.0013224141391937     
   1.0012080883996159     
   1.0018049444566246     
  0.99970041825698519     
   1.0001361089229714     
   1.0011552361981351     
   1.0004421071205103     
   1.0007294310398811     
  0.99975246867562872     
  0.99959435054179169     
  0.99867784037155183     
   1.0001431054407126     
  0.99995862570224792     
   1.0000413047563255     
   1.0009562777706045     
  0.99967802291614927     
  0.99903489371322673     
  0.99997771874013230     
   1.0006527290020510     
  0.99905344287155973     
  0.99970748713588464     
   1.0005379847216835     
   1.0007609136847713     
   1.0007077243546747     
   1.0004102612493613     
   1.0005760384061864     
   1.0001635567836531     
  0.99986977372414843     
   1.0008332770342430     
   1.0014777918118194     
   1.0006203074493651     
  0.99949819303232490     
   1.0002307339728764     
   1.0001752857346713     
  0.99982859451789918     
  0.99967822433387810     
  0.99991293263158232     
   1.0004257398446053     
   1.0001971339009059     
   1.0001122018991278     
   1.0002751797106864     
  0.99945925471141939     
  0.99854466780375228     
  0.99906104723098954     
   1.0006916296998944     
  0.99984963729082454     
   1.0006149024398185     
   1.0013646793502140     
   1.0010384150835607     
   1.0009078687765371     
   1.0009116819207804     
   1.0019085981439608     
   1.0002939045014758     
   1.0008721244048639     
   1.0008035758125888     
   1.0003117816006235     
   1.0007934345548390     
   1.0003774655910413     
  0.99999272946385576     
   1.0003359906014557     
  0.99918216098154555     
   1.0002723187755314     
   1.0015238643373103     
   1.0011612072188003     
   1.0008430775766730     
  0.99975778653232872     
   1.0015878368187834     
   1.0012154398400548     
   1.0002723367916120     
   1.0004725126260947     
   1.0010979415056496     
   1.0007730958369345     
   1.0010764182427125     
   1.0012173651431744     
   1.0004149846540884     
   1.0006801421079743     
   1.0007358224280181     
  0.99996870826775530     
   1.0004340509231995     
   1.0006524946849467     
   1.0005951578369165     
  0.99991800218197469     
   1.0006347390800494     
   1.0007593855825427     
   1.0000043100394618     
  0.99937030668903037     
  0.99987808223922681     
   1.0003592737550302     
   1.0001053195454970     
   1.0006167918625308     
   1.0007771432000541     
   1.0005819769723165     
   1.0000462742038290     
  0.99936085194949631     
  0.99867411663533845     
  0.99998642831714513     
   1.0006250159262324     
   1.0009076702632382     
   1.0007450292752207     
   1.0006372139243107     
   1.0006102623932713     
   1.0009189131691336     
   1.0015427930755156     
   1.0012113209986018     
  0.99999957120967764     
  0.99912113719275319     
   1.0001569631041405     
   1.0003561327313510     
  0.99980340236046561     
   1.0005779410175895     
  0.99948735232946995     
  0.99931630210724132     
  0.99975203748634245     
  0.99906245256461179     
  0.99917279609453880     
   1.0006066683214780     
   1.0000003192957949     
  0.99995619948128056     
   1.0007855781537345     
   1.0006029486859307     
   1.0008973931696910     
   1.0007947333243639     
   1.0002217782605825     
   1.0007368156327350     
   1.0003721859708812     
   1.0001835045207883     
   1.0004632883172291     
   1.0003713480423231     
   1.0001171124350705     
  0.99920077140749197     
  0.99871400190063520     
   1.0004574319059309     
   1.0000213140675323     
   1.0002638084040596     
   1.0005696666751522     
  0.99979757819730863     
  0.99994433353035783     
  0.99970132514145693     
  0.99903015920258098     
  0.99997573664187700     
  0.99984120595130743     
   1.0000705258043652     
   1.0005862539757859     
   1.0004202727553335     
   1.0005483097619612     
   1.0009231794641515     
   1.0003346710900740     
   1.0001163144277814     
  0.99949571643155799     
