 TEMP->  0.75000000000000000     
 DENSITY->   1.2000000476837158     
 N->         864
 CUTOFF->   3.2999999523162842     
 NUM_STEPS->       10000
   0.0000000000000000     
   0.0000000000000000     
   0.0000000000000000     
   0.0000000000000000     
   0.0000000000000000     
   0.0000000000000000     
   0.0000000000000000     
   0.0000000000000000     
   0.0000000000000000     
   0.0000000000000000     
   0.0000000000000000     
   0.0000000000000000     
   0.0000000000000000     
   0.0000000000000000     
   0.0000000000000000     
   0.0000000000000000     
   0.0000000000000000     
   0.0000000000000000     
   0.0000000000000000     
   0.0000000000000000     
   0.0000000000000000     
   0.0000000000000000     
   0.0000000000000000     
   0.0000000000000000     
   0.0000000000000000     
   0.0000000000000000     
   0.0000000000000000     
   0.0000000000000000     
   0.0000000000000000     
   0.0000000000000000     
   0.0000000000000000     
   0.0000000000000000     
   0.0000000000000000     
   0.0000000000000000     
   0.0000000000000000     
   0.0000000000000000     
   0.0000000000000000     
   0.0000000000000000     
   0.0000000000000000     
   0.0000000000000000     
   0.0000000000000000     
   0.0000000000000000     
   0.0000000000000000     
   0.0000000000000000     
   0.0000000000000000     
   0.0000000000000000     
   0.0000000000000000     
   0.0000000000000000     
   0.0000000000000000     
   0.0000000000000000     
   0.0000000000000000     
   0.0000000000000000     
   0.0000000000000000     
   0.0000000000000000     
   0.0000000000000000     
   0.0000000000000000     
   0.0000000000000000     
   0.0000000000000000     
   0.0000000000000000     
   0.0000000000000000     
   0.0000000000000000     
   0.0000000000000000     
   0.0000000000000000     
   0.0000000000000000     
   0.0000000000000000     
   0.0000000000000000     
   0.0000000000000000     
   0.0000000000000000     
   0.0000000000000000     
   0.0000000000000000     
   0.0000000000000000     
   0.0000000000000000     
   0.0000000000000000     
   0.0000000000000000     
   0.0000000000000000     
   0.0000000000000000     
   0.0000000000000000     
   0.0000000000000000     
   0.0000000000000000     
   0.0000000000000000     
   0.0000000000000000     
   0.0000000000000000     
   0.0000000000000000     
   0.0000000000000000     
   0.0000000000000000     
   0.0000000000000000     
   0.0000000000000000     
   0.0000000000000000     
   3.1395074204529504E-005
   1.9377751212338139E-004
   1.2740917057491483E-003
   6.2301388020769401E-003
   2.4294837034237782E-002
   7.4190478950008576E-002
  0.19372736868395746     
  0.42764039547280647     
  0.81907368167508232     
   1.4090490037931198     
   2.1718087322004997     
   3.0603227973534155     
   3.9971480621506750     
   4.8417365220065474     
   5.5136384078597924     
   5.9506419441976162     
   6.0992745912456376     
   5.9683921641264090     
   5.6021006585652842     
   5.0630094353196879     
   4.4230175595310186     
   3.7403009988657372     
   3.0609874663401864     
   2.4300699398505290     
   1.8793058405166656     
   1.4148250123400241     
   1.0341139561099211     
  0.73889990640981829     
  0.51335012701866523     
  0.35097844243456583     
  0.23261743619729208     
  0.15208510128275315     
   9.5709909249117611E-002
   5.9141544391658002E-002
   3.5604969743770615E-002
   2.1190120682215343E-002
   1.2899315534825748E-002
   7.9611820313471963E-003
   5.4463640684154378E-003
   4.4631522652030372E-003
   4.8155760036541692E-003
   6.7383428103980538E-003
   1.0422008682046959E-002
   1.6487974329170881E-002
   2.5730901715094685E-002
   3.9529345551373260E-002
   5.9238379433695143E-002
   8.7299744094675169E-002
  0.12445564320868154     
  0.17395806460529900     
  0.23853846300980497     
  0.31605621731429367     
  0.40805255336484847     
  0.51503384748989922     
  0.63409261598738631     
  0.75745293607982855     
  0.87916381833243018     
  0.99004587727644067     
   1.0881626761386269     
   1.1613553612349272     
   1.2029125970330667     
   1.2092984600160823     
   1.1849771773314166     
   1.1254362859443687     
   1.0344580472975073     
  0.92558575501562901     
  0.80471262269697608     
  0.67642351691798785     
  0.55465968119507669     
  0.44166453259953214     
  0.34281018494620086     
  0.25819771407133546     
  0.18923803921819690     
  0.13581753159446835     
   9.6690786279977209E-002
   6.9387595440007735E-002
   5.4340292739762548E-002
   5.0406028757925846E-002
   5.9042605724468039E-002
   8.1831399216087078E-002
  0.12435708976451286     
  0.19193885013871748     
  0.29141569574184212     
  0.42964005387850895     
  0.61706241424775110     
  0.85330147529503042     
   1.1381960480317288     
   1.4720118448626651     
   1.8365963828736087     
   2.2145441394531971     
   2.5767691616887487     
   2.9007805629135301     
   3.1593617149703364     
   3.3321166644081952     
   3.3990626197039608     
   3.3610275649632997     
   3.2131794623476186     
   2.9809723038536959     
   2.6766277967813785     
   2.3331793248199131     
   1.9763704081141815     
   1.6213544479089483     
   1.2959778343052326     
   1.0067418415852947     
  0.75876548007904965     
  0.55929248077886384     
  0.40508960325298771     
  0.29078456314543999     
  0.21636191336685345     
  0.17647755541815441     
  0.16668785953069878     
  0.18649488449901597     
  0.23460373348608513     
  0.30869691642207797     
  0.40904727763881493     
  0.52865540210596784     
  0.66496764626843763     
  0.80399511870480389     
  0.94258948979810420     
   1.0665656175922353     
   1.1677171966220055     
   1.2358172546307331     
   1.2670475767718403     
   1.2609277333913944     
   1.2143695609265008     
   1.1333171897208705     
   1.0309467720687295     
  0.91069501201619596     
  0.78276281116252322     
  0.66062792922557623     
  0.54807966088838111     
  0.45383182095175711     
  0.38169554074222722     
  0.33738529812236040     
  0.32114088384397471     
  0.33591548910612323     
  0.38284516621684922     
  0.46193826977845226     
  0.57323428213782690     
  0.71258949350064649     
  0.87664981758901628     
   1.0543069624108545     
   1.2443616693905373     
   1.4302700563061523     
   1.5986022970480847     
   1.7369109269955398     
   1.8373231824794864     
   1.8907502223683401     
   1.8923756111039134     
   1.8420958760245865     
   1.7448283497552548     
   1.6094430319156512     
   1.4407131783421807     
   1.2581534588473715     
   1.0708102652666889     
  0.89268492798032972     
  0.72852523397758873     
  0.58782519554158696     
  0.47569341901144885     
  0.39258126036924895     
  0.33861490618994905     
  0.31348133872117528     
  0.31144392666077991     
  0.32976599096929365     
  0.36334783958088024     
  0.40433015213461032     
  0.44909353735629831     
  0.49040786317366791     
  0.52548459449248697     
  0.54675655512101029     
  0.55620965577186010     
  0.55058395427657703     
  0.53363001784070452     
  0.50658651676665711     
  0.47545542083686065     
  0.44898716265632133     
  0.43171591658442748     
  0.43358690481402207     
  0.46214706296588837     
  0.52670986577767176     
  0.63046163757914142     
  0.77673147057163239     
  0.96582404541734912     
   1.1930291585958510     
   1.4526045754498247     
   1.7283743693656446     
   2.0024050776993096     
   2.2641731513112546     
   2.4856091286018871     
   2.6516708788083156     
   2.7477474847520003     
   2.7697169792956560     
   2.7096142263634659     
   2.5778205822497373     
   2.3861534357151832     
   2.1495967137742906     
   1.8849462243125272     
   1.6108008877437547     
   1.3467624329251660     
   1.1058775755131667     
  0.89584206381022791     
  0.72133889204433010     
  0.58448802109888121     
  0.48300305661502346     
  0.41142214755421969     
  0.36678746206755414     
  0.33997741183899383     
  0.32714983120884500     
  0.32322033543612688     
  0.32235061235967344     
  0.32204910727323205     
  0.32285825386446737     
  0.32331236452104828     
  0.32725469104729465     
  0.33473654967777344     
  0.35151852307721154     
  0.38313886373524064     
  0.43134263627214114     
  0.49840763998989956     
  0.58777816991660692     
  0.69929753374847381     
  0.82699008556809173     
  0.96915831924263973     
   1.1141731152299374     
   1.2551838663445787     
   1.3805752138738621     
   1.4837463880671564     
   1.5559693135484909     
   1.5901372621173715     
   1.5851602610012219     
   1.5442409260864389     
   1.4703579655161887     
   1.3731577640773331     
   1.2641952023050949     
   1.1557052317545720     
   1.0555806922079336     
  0.97290454915839653     
  0.91201216492785397     
  0.87524374609184452     
  0.86438148999716991     
  0.87303420637823836     
  0.89733760381638694     
  0.92753901680612028     
  0.95677761381505178     
  0.97875848526225473     
  0.98863784886190620     
  0.98145487400666775     
  0.95785628356677899     
  0.92240325609420304     
  0.87813245016119512     
  0.83055499799237076     
  0.78525968108011146     
  0.74840280441810736     
  0.72672635598670998     
  0.72099052364731797     
  0.73229953725930819     
  0.75840992466928447     
  0.79467306739974464     
  0.83492692480089126     
  0.87299114566712155     
  0.90455782666726059     
  0.92232948157279848     
  0.92512989525436362     
  0.91271945224243178     
  0.88603458818967362     
  0.84805411276902110     
  0.80656658062349795     
  0.76804169127731847     
  0.73704917777746348     
  0.71666186824754119     
  0.71119446094002048     
  0.71865858549222539     
  0.74081228715488834     
  0.77210194173072544     
  0.80864226788917670     
  0.84689482559717688     
  0.88232862456883721     
  0.91343878127347766     
  0.94291688805109297     
  0.97047456031712709     
   1.0019732118579996     
   1.0451650626866353     
   1.1039770743537329     
   1.1833050519409969     
   1.2860234383415434     
   1.4126863491007904     
   1.5589224506674837     
   1.7123111657578662     
   1.8640535663142959     
   2.0017348573457610     
   2.1120648967336950     
   2.1800993227919494     
   2.2014425570941474     
   2.1719475679562619     
   2.0885900282076295     
   1.9572604987470008     
   1.7879629022256174     
   1.5905362735269974     
   1.3799391058771797     
   1.1666698741984709     
  0.96118091473126210     
  0.77363844491405032     
  0.61075103308421275     
  0.47548187397671138     
  0.36939416455457769     
  0.29420470816636030     
  0.24692550645241804     
  0.22749144264845053     
  0.23424580473817419     
  0.26579251332360604     
  0.31947591808837911     
  0.39417125507168693     
  0.48704656149203346     
  0.59438799150546429     
  0.71144010173487782     
  0.83320639748787317     
  0.95128826760906138     
   1.0585262462783604     
   1.1477864422444926     
   1.2149518731091016     
   1.2544259699043576     
   1.2639294143666457     
   1.2419684141853227     
   1.1959034162009519     
   1.1272349564279687     
   1.0451711391445682     
  0.95497857697629307     
  0.86422466053731528     
  0.77802069240929361     
  0.70067140070552469     
  0.63544036467419462     
  0.58492835106938301     
  0.54823882403858537     
  0.52617529663715290     
  0.51950466581201471     
  0.52589146119600361     
  0.54755302021146957     
  0.58188491670913223     
  0.63083198019789199     
  0.69334441693433224     
  0.76602836571158905     
  0.84658519603347349     
  0.93017743207009662     
   1.0104039672923029     
   1.0834404597556919     
   1.1429293035801047     
   1.1869110092380029     
   1.2111753091780544     
   1.2137303887033370     
   1.2002185502564324     
   1.1706439861948144     
   1.1314790768009584     
   1.0883972992899187     
   1.0474209408158559     
   1.0101340009248005     
  0.98164996071969923     
  0.96332034889868334     
  0.95487561383324626     
  0.95533080308876173     
  0.96548912514389273     
  0.88782291161930960     
