 TEMP->  0.75000000000000000     
 DENSITY->  0.44999998807907104     
 N->         864
 CUTOFF->   3.2999999523162842     
 NUM_STEPS->       10000
   0.0000000000000000     
   0.0000000000000000     
   0.0000000000000000     
   0.0000000000000000     
   0.0000000000000000     
   0.0000000000000000     
   0.0000000000000000     
   0.0000000000000000     
   0.0000000000000000     
   0.0000000000000000     
   0.0000000000000000     
   0.0000000000000000     
   0.0000000000000000     
   0.0000000000000000     
   0.0000000000000000     
   0.0000000000000000     
   0.0000000000000000     
   0.0000000000000000     
   0.0000000000000000     
   0.0000000000000000     
   0.0000000000000000     
   0.0000000000000000     
   0.0000000000000000     
   0.0000000000000000     
   0.0000000000000000     
   0.0000000000000000     
   0.0000000000000000     
   0.0000000000000000     
   0.0000000000000000     
   0.0000000000000000     
   0.0000000000000000     
   0.0000000000000000     
   0.0000000000000000     
   0.0000000000000000     
   0.0000000000000000     
   0.0000000000000000     
   0.0000000000000000     
   0.0000000000000000     
   0.0000000000000000     
   0.0000000000000000     
   0.0000000000000000     
   0.0000000000000000     
   0.0000000000000000     
   0.0000000000000000     
   0.0000000000000000     
   0.0000000000000000     
   0.0000000000000000     
   0.0000000000000000     
   0.0000000000000000     
   0.0000000000000000     
   0.0000000000000000     
   0.0000000000000000     
   0.0000000000000000     
   0.0000000000000000     
   0.0000000000000000     
   0.0000000000000000     
   0.0000000000000000     
   0.0000000000000000     
   0.0000000000000000     
   0.0000000000000000     
   0.0000000000000000     
   0.0000000000000000     
   0.0000000000000000     
   0.0000000000000000     
   0.0000000000000000     
   0.0000000000000000     
   0.0000000000000000     
   0.0000000000000000     
   0.0000000000000000     
   0.0000000000000000     
   0.0000000000000000     
   0.0000000000000000     
   0.0000000000000000     
   0.0000000000000000     
   0.0000000000000000     
   0.0000000000000000     
   0.0000000000000000     
   0.0000000000000000     
   0.0000000000000000     
   0.0000000000000000     
   0.0000000000000000     
   0.0000000000000000     
   0.0000000000000000     
   0.0000000000000000     
   0.0000000000000000     
   0.0000000000000000     
   0.0000000000000000     
   0.0000000000000000     
   1.0465025427914393E-004
   3.2743925009194976E-004
   2.3768035358320374E-003
   7.9446206603261370E-003
   2.2181358915029408E-002
   5.4116528570301761E-002
  0.11872616303545484     
  0.22239953234929855     
  0.36794664495468182     
  0.57363862383457986     
  0.82630820918143888     
   1.1190547697465960     
   1.4226081514237965     
   1.7370930314830946     
   2.0348230543761532     
   2.3021158817599128     
   2.5285642238417338     
   2.7201026472734871     
   2.8720722666521326     
   2.9717446229975963     
   3.0471670984397048     
   3.0630880527214961     
   3.0609125698594934     
   3.0283407617883289     
   2.9754034437273713     
   2.9071419946917341     
   2.8195942747649703     
   2.7406692540202147     
   2.6572782437717160     
   2.5572005398211042     
   2.4613515456498374     
   2.3718175897701270     
   2.2837132955697892     
   2.2044198630741016     
   2.1152394417665081     
   2.0368903253688608     
   1.9539750945250138     
   1.8790121176611558     
   1.8021630298247253     
   1.7418566056804423     
   1.6803873224955084     
   1.6189594399608358     
   1.5650671343310418     
   1.5138009102364234     
   1.4720287380666717     
   1.4291099802269944     
   1.3825359119026450     
   1.3368813357985960     
   1.3054171897043372     
   1.2786037274727176     
   1.2540088848723208     
   1.2221027588904265     
   1.1915082614917578     
   1.1632336563850378     
   1.1426579869033042     
   1.1231160419595498     
   1.1033285499894747     
   1.0814624072519952     
   1.0622939211840965     
   1.0448457199656920     
   1.0309288925697109     
   1.0196972503606199     
   1.0097251462980825     
  0.99648585807397727     
  0.98620908351073422     
  0.98174135982924682     
  0.97090577269348777     
  0.96569887036022140     
  0.95865119300260138     
  0.95003545809734447     
  0.94694186420848769     
  0.94121866953539957     
  0.94516849410516623     
  0.94716208201201724     
  0.94458093780575070     
  0.94479126639978206     
  0.94487973395364899     
  0.94929003872113271     
  0.95094835127192778     
  0.95321234180242875     
  0.95903940510811592     
  0.96435631885942819     
  0.96939688468215190     
  0.97492347477154728     
  0.98205170859317714     
  0.99400359870545074     
  0.99848329912753597     
   1.0058290468357403     
   1.0134340714937964     
   1.0269088566667597     
   1.0383069391592776     
   1.0503203246394812     
   1.0600358878015421     
   1.0698088102257586     
   1.0849707798070698     
   1.0961820308681620     
   1.1085463046913235     
   1.1211859937161390     
   1.1353237609111619     
   1.1510075589268036     
   1.1626946566726581     
   1.1811986743897489     
   1.1948637928540662     
   1.2090548302460917     
   1.2230763830614151     
   1.2374031692663934     
   1.2470652077897109     
   1.2624024593963998     
   1.2735788141999422     
   1.2832574477404624     
   1.2975341671360967     
   1.3108059793596885     
   1.3204817706007212     
   1.3342557805335289     
   1.3469554098897139     
   1.3530436556242456     
   1.3638142128468878     
   1.3684694456892275     
   1.3769169263464558     
   1.3837734616825523     
   1.3926046339609364     
   1.3940184286924331     
   1.4003157275062015     
   1.3990796181551675     
   1.4006472026955288     
   1.3981861044875004     
   1.3976810778315589     
   1.3933720239778840     
   1.3881996765804390     
   1.3798440806571719     
   1.3782004138688166     
   1.3696539154732101     
   1.3657503659842789     
   1.3586887973123278     
   1.3500794988111113     
   1.3433703823813423     
   1.3356910266838855     
   1.3258469797925172     
   1.3133539429348091     
   1.3072138605786785     
   1.2974259056650654     
   1.2885412990509157     
   1.2775016246081996     
   1.2685610858494902     
   1.2578223120908814     
   1.2514802457207113     
   1.2440772663979449     
   1.2329379536504534     
   1.2243132229887999     
   1.2126764326502275     
   1.2018484271094130     
   1.1963242442390174     
   1.1906595928742592     
   1.1836077392836255     
   1.1768252102588608     
   1.1701961971170369     
   1.1630471531912707     
   1.1566378187791806     
   1.1503634673963330     
   1.1454544857865370     
   1.1431528057575793     
   1.1350853362441879     
   1.1325072358620241     
   1.1277267060561491     
   1.1221216688790099     
   1.1199995460125698     
   1.1170769187223315     
   1.1179449450206056     
   1.1173814077325159     
   1.1141697692893584     
   1.1113250977014704     
   1.1113015505068391     
   1.1080846792529075     
   1.1073050415334691     
   1.1049878788722272     
   1.1036389864821117     
   1.1052166263491170     
   1.1063996972184087     
   1.1078991844985995     
   1.1075458526568358     
   1.1100554399506086     
   1.1105117190263398     
   1.1142422078709828     
   1.1136911880950826     
   1.1174159103162624     
   1.1192824582056944     
   1.1209067302052069     
   1.1262155032003081     
   1.1260684978640738     
   1.1269236230219939     
   1.1285337206287334     
   1.1303878436697208     
   1.1329640281877251     
   1.1329321770840051     
   1.1377220948480633     
   1.1437232479066668     
   1.1467280152784749     
   1.1485781817835579     
   1.1523393033575196     
   1.1573224102155939     
   1.1619301670560049     
   1.1618243316499688     
   1.1651869998070110     
   1.1643019280986826     
   1.1679992447374079     
   1.1701558126669467     
   1.1712832728019509     
   1.1751598238661543     
   1.1770499376612629     
   1.1785848312026346     
   1.1803183828104096     
   1.1811774149231051     
   1.1841079085708364     
   1.1850070369898076     
   1.1863682315200035     
   1.1859550571208475     
   1.1847442331682780     
   1.1874073212453151     
   1.1870692879260447     
   1.1883843882399925     
   1.1898715332901550     
   1.1892867429588463     
   1.1866596956318651     
   1.1857320918290704     
   1.1846506144030156     
   1.1829241315191934     
   1.1801896036759085     
   1.1789835087073250     
   1.1778758493592221     
   1.1758732751793195     
   1.1753597013376007     
   1.1735427916329773     
   1.1699909141610703     
   1.1684635315670391     
   1.1643539849547744     
   1.1624098316195770     
   1.1605515574903320     
   1.1590968082292634     
   1.1565681793480325     
   1.1548358946353712     
   1.1520261945513888     
   1.1521086425632843     
   1.1498090411811497     
   1.1472129840094714     
   1.1451181067729088     
   1.1423891256761942     
   1.1412721400598926     
   1.1364172973008848     
   1.1335691912996897     
   1.1334879513565486     
   1.1295733599105218     
   1.1271578984272332     
   1.1251888912801637     
   1.1223861708011478     
   1.1212487348553657     
   1.1182677726447210     
   1.1170722282985870     
   1.1136398374452985     
   1.1152355577839355     
   1.1138123533979392     
   1.1105497573674243     
   1.1087213827320097     
   1.1047337290516268     
   1.1036784754221740     
   1.1024501784195810     
   1.1006133420321007     
   1.0999872432178752     
   1.0997136289153739     
   1.0977718656180047     
   1.0997697279786376     
   1.0990006026395474     
   1.0978047465250946     
   1.0962961896490613     
   1.0960215286146648     
   1.0969922486369463     
   1.0959509876970723     
   1.0951726778775361     
   1.0949570707783731     
   1.0937972427872009     
   1.0945968022412296     
   1.0941299718647952     
   1.0931586735657279     
   1.0937931929299691     
   1.0952468932847155     
   1.0955569319019438     
   1.0951270272374767     
   1.0940999146109578     
   1.0941421631355799     
   1.0936319338057154     
   1.0947443556186471     
   1.0950522440202450     
   1.0946800877341014     
   1.0968910102157674     
   1.0978630653812624     
   1.0976281754758805     
   1.0978692841407878     
   1.0994460861631019     
   1.0967537295426173     
   1.0961850208611326     
   1.0979105616931071     
   1.0982836640372877     
   1.0975660273657768     
   1.0983355992148962     
   1.0992878116653932     
   1.0987875355119501     
   1.0978165521974725     
   1.0992939507441475     
   1.0993168389146724     
   1.1001873251492502     
   1.0994986300627339     
   1.1001018573760644     
   1.0999685978700213     
   1.0993065841181797     
   1.0987150504552441     
   1.0980105823611801     
   1.0977015819407696     
   1.0959635365587477     
   1.0985827119295903     
   1.0978690107042197     
   1.0962855289409599     
   1.0966192495241867     
   1.0961533591442052     
   1.0938576336044619     
   1.0927278791407891     
   1.0913625837717200     
   1.0917728252158960     
   1.0906467169823273     
   1.0901927270939809     
   1.0893553570257295     
   1.0888290180217013     
   1.0882660147327139     
   1.0846245395788994     
   1.0830934059538031     
   1.0841479116070643     
   1.0837894849134473     
   1.0806330260999164     
   1.0799911640786701     
   1.0783046302371462     
   1.0767813070824848     
   1.0774952551779438     
   1.0761333552682282     
   1.0760669822513598     
   1.0756231972617190     
   1.0748283746031739     
   1.0730570678552149     
   1.0715069841687110     
   1.0702543622260108     
   1.0701082777283257     
   1.0686116149920550     
   1.0679109373947131     
   1.0665533316615017     
   1.0658097505734307     
   1.0667129134369524     
   1.0670244571723857     
   1.0640124140369172     
   1.0631210696241029     
   1.0619268282654732     
   1.0610305511368270     
   1.0604488313892699     
   1.0591925048657178     
   1.0589408474371036     
   1.0578937497667340     
   1.0579999543265164     
   1.0573475763004270     
   1.0572306343045816     
   1.0572692366796408     
   1.0563830629971538     
   1.0544602351032475     
   1.0540082299036018     
   1.0528193676985098     
   1.0523459066009495     
   1.0520078947366267     
   1.0522395727390548     
   1.0528455558388126     
   1.0522054981150255     
   1.0519295226424328     
   1.0504536997493610     
   1.0505464432584641     
   1.0493801852335911     
   1.0477713737325645     
   1.0492650590739441     
   1.0485556863730887     
   1.0478789587469972     
   1.0470246947484836     
   1.0459718516753347     
   1.0465108532895320     
   1.0470027145590322     
   1.0460771655274248     
   1.0466999062719045     
   1.0461979922955669     
   1.0459118234668645     
   1.0440642778860829     
   1.0444129127386259     
   1.0454082861624721     
   1.0441014929607091     
   1.0439043325876263     
   1.0443268405931061     
   1.0436786822840354     
   1.0442695720793107     
   1.0434019287954150     
   1.0443264394316754     
   1.0440461540257941     
   1.0424401807483143     
   1.0428350428606123     
   1.0437293792810494     
   1.0412003185598784     
   1.0410444213308594     
   1.0400006275205627     
   1.0402792968903367     
   1.0401847015953447     
   1.0392697791835930     
   1.0393454619869424     
   1.0390784948548886     
   1.0393986916118194     
   1.0388136639227270     
   1.0393901503546648     
   1.0392098433577330     
   1.0380844338667423     
   1.0370131578109119     
   1.0359702610787025     
   1.0357588439563552     
   1.0339863679905068     
   1.0339488400794141     
   1.0344381604627497     
   1.0336243292257818     
   1.0329438925695424     
   1.0323316839551240     
   1.0315229014893306     
   1.0316836879478830     
   1.0295217181246756     
   1.0296051850111425     
   1.0301986574723816     
   1.0288414362556297     
   1.0281318472655037     
   1.0280578369552977     
   1.0277412100852685     
   1.0280605498361912     
   1.0274314984023278     
   1.0258046744782416     
   1.0250286350547684     
   1.0253503889966453     
   1.0245358531846520     
   1.0240692217027354     
   1.0242542905789260     
   1.0233129535227705     
   1.0228741344456445     
   1.0213268652702796     
   1.0197164100616434     
   1.0190381929633376     
   1.0195532163686902     
   1.0197450565613466     
   1.0193579335091616     
   1.0170982605656542     
   1.0161942529059755     
   1.0159543577922598     
   1.0153426598255570     
   1.0148780241469089     
   1.0140083671146651     
   1.0132485980326527     
   1.0128545627068322     
   1.0122790304729188     
   1.0119701188334813     
   1.0112167214631043     
   1.0123849099080586     
   1.0117485308590648     
   1.0121574297475793     
   1.0106732961479019     
   1.0100872195176083     
   1.0104259461907457     
   1.0093634543656318     
   1.0088636321928035     
   1.0089782059160093     
   1.0101513203309052     
   1.0099067434424467     
   1.0107907285411992     
   1.0090600007722432     
   1.0091848262612380     
   1.0087643408671925     
   1.0088268210180291     
   1.0082588066446687     
   1.0079578759700585     
   1.0073483121742262     
   1.0053929089127558     
   1.0062851847714114     
   1.0053685349885515     
   1.0050184765295485     
   1.0047334270666974     
   1.0052832377654672     
   1.0045165982612529     
   1.0040447699749044     
   1.0033907959413590     
   1.0043566080986939     
   1.0044440281274070     
   1.0030700395944854     
   1.0027378061666090     
   1.0022194764831800     
   1.0029853661552053     
   1.0022390141107034     
   1.0017560516548196     
   1.0022236581741100     
   1.0032674581803163     
   1.0024494860879078     
   1.0017217955188682     
   1.0019090542088285     
   1.0013586664776022     
   1.0006016418423103     
   1.0000513692065858     
  0.99849949313155029     
  0.99816800018691976     
  0.99946665633349341     
   1.0003697346008107     
  0.99968100517372094     
  0.99853500508507376     
  0.99761707269327460     
  0.99674499965684105     
  0.99629045994418897     
  0.99536243475170971     
  0.99509147914299523     
  0.99453981345485554     
  0.99509629273549194     
  0.99537667019578691     
  0.99413594730521293     
  0.99430293473955056     
  0.99363955335915799     
  0.99218222143087254     
  0.99220601849588297     
  0.99243875408065230     
  0.99173170121759513     
  0.99144712601013263     
  0.99220958150914229     
  0.99146701275499860     
  0.99050440529861705     
  0.98952411419902542     
  0.98783603968783573     
