 TEMP->   1.2500000000000000     
 DENSITY->  0.30000001192092896     
 N->         864
 CUTOFF->   3.2999999523162842     
 NUM_STEPS->       10000
   0.0000000000000000     
   0.0000000000000000     
   0.0000000000000000     
   0.0000000000000000     
   0.0000000000000000     
   0.0000000000000000     
   0.0000000000000000     
   0.0000000000000000     
   0.0000000000000000     
   0.0000000000000000     
   0.0000000000000000     
   0.0000000000000000     
   0.0000000000000000     
   0.0000000000000000     
   0.0000000000000000     
   0.0000000000000000     
   0.0000000000000000     
   0.0000000000000000     
   0.0000000000000000     
   0.0000000000000000     
   0.0000000000000000     
   0.0000000000000000     
   0.0000000000000000     
   0.0000000000000000     
   0.0000000000000000     
   0.0000000000000000     
   0.0000000000000000     
   0.0000000000000000     
   0.0000000000000000     
   0.0000000000000000     
   0.0000000000000000     
   0.0000000000000000     
   0.0000000000000000     
   0.0000000000000000     
   0.0000000000000000     
   0.0000000000000000     
   0.0000000000000000     
   0.0000000000000000     
   0.0000000000000000     
   0.0000000000000000     
   0.0000000000000000     
   0.0000000000000000     
   0.0000000000000000     
   0.0000000000000000     
   0.0000000000000000     
   0.0000000000000000     
   0.0000000000000000     
   0.0000000000000000     
   0.0000000000000000     
   0.0000000000000000     
   0.0000000000000000     
   0.0000000000000000     
   0.0000000000000000     
   0.0000000000000000     
   0.0000000000000000     
   0.0000000000000000     
   0.0000000000000000     
   0.0000000000000000     
   0.0000000000000000     
   0.0000000000000000     
   0.0000000000000000     
   0.0000000000000000     
   0.0000000000000000     
   0.0000000000000000     
   0.0000000000000000     
   0.0000000000000000     
   0.0000000000000000     
   0.0000000000000000     
   0.0000000000000000     
   0.0000000000000000     
   0.0000000000000000     
   0.0000000000000000     
   0.0000000000000000     
   0.0000000000000000     
   0.0000000000000000     
   0.0000000000000000     
   0.0000000000000000     
   0.0000000000000000     
   0.0000000000000000     
   0.0000000000000000     
   0.0000000000000000     
   0.0000000000000000     
   0.0000000000000000     
   0.0000000000000000     
   0.0000000000000000     
   0.0000000000000000     
   6.5727306609222159E-005
   4.5766406486498934E-004
   1.2479541996300481E-003
   4.2669424451722802E-003
   1.1633827062805187E-002
   2.7593237027937711E-002
   5.8317667368596234E-002
  0.11062385279165322     
  0.19015642865482735     
  0.29789573517717954     
  0.43379518961217234     
  0.59679347604148547     
  0.77291040504982889     
  0.96004307288855950     
   1.1513765695535221     
   1.3224540981900443     
   1.4864406236613352     
   1.6290733197986067     
   1.7486056975486743     
   1.8595956511275236     
   1.9345466231907718     
   1.9937022037056293     
   2.0443844670524696     
   2.0803147936493360     
   2.0837283296477476     
   2.0829372232182863     
   2.0569712882244739     
   2.0322086222190969     
   2.0109381247156439     
   1.9779724331270092     
   1.9436180389341802     
   1.8994376293919990     
   1.8599107173652745     
   1.8188653616787835     
   1.7810671279536563     
   1.7421254845132073     
   1.7106034212489529     
   1.6763833961451537     
   1.6305884967151216     
   1.5787670893481607     
   1.5459837182866543     
   1.5132477997557887     
   1.4837632904958409     
   1.4543603645218504     
   1.4157543923120628     
   1.3940763599042052     
   1.3585537941674615     
   1.3389635584077171     
   1.3134218290501947     
   1.2931762696648772     
   1.2698010815002503     
   1.2492719349605612     
   1.2274385645738450     
   1.2116066150856668     
   1.2026359732194496     
   1.1811905078938598     
   1.1593455083741417     
   1.1425600550653010     
   1.1268950058777052     
   1.1144694788256861     
   1.1015008304582556     
   1.0944991582779544     
   1.0796212897374766     
   1.0668575242998017     
   1.0586111397617366     
   1.0537108211974375     
   1.0467144227749277     
   1.0356568050018333     
   1.0298315911786387     
   1.0187693775314124     
   1.0136777157260179     
   1.0054533555855660     
  0.99620511768573949     
  0.99835249301490991     
  0.98899811501248669     
  0.98503520708255765     
  0.98460292387056025     
  0.98075466892956509     
  0.97740172406692594     
  0.97590955397619605     
  0.97268623856415881     
  0.97155600915729423     
  0.96860858869818500     
  0.96826901496885720     
  0.96863413530891251     
  0.97058025490965927     
  0.96785889194365216     
  0.96894422557910997     
  0.96603678763438727     
  0.96819804573875745     
  0.96932295240844712     
  0.96939529899343924     
  0.96906947693950463     
  0.97354445954951485     
  0.97636668773680280     
  0.97891849530845387     
  0.98180071138980352     
  0.98437591151749437     
  0.98287197611847910     
  0.98897147516215189     
  0.99105407237716558     
  0.99786742452601962     
   1.0005915840043815     
   1.0055275308506788     
   1.0047183488142755     
   1.0103701825950619     
   1.0130354593385698     
   1.0152618065031773     
   1.0257640913842219     
   1.0257662664005405     
   1.0278247623324122     
   1.0360851637287636     
   1.0404469574269060     
   1.0460363792143867     
   1.0506018764817795     
   1.0540943064729886     
   1.0619715517754091     
   1.0654707067917979     
   1.0674425901312554     
   1.0707377293408085     
   1.0756274382161359     
   1.0774750476308452     
   1.0752953377175574     
   1.0798310183823210     
   1.0834968884118334     
   1.0877530530311073     
   1.0873616151718133     
   1.0876769069635679     
   1.0934023106323605     
   1.0930022582181291     
   1.0933065527272574     
   1.0855815475986339     
   1.0873977625765989     
   1.0882542405669446     
   1.0863573989343172     
   1.0881153089318039     
   1.0828925251864294     
   1.0832364230493203     
   1.0835824631674351     
   1.0826212955401826     
   1.0825670691720704     
   1.0857786564521315     
   1.0829080697000071     
   1.0821400245253270     
   1.0811304631651724     
   1.0786962166365754     
   1.0735708368985648     
   1.0744060803404825     
   1.0747420195782584     
   1.0695069137301860     
   1.0651251545142026     
   1.0657672921790851     
   1.0632012211234794     
   1.0605582356279697     
   1.0632258031795438     
   1.0614840005867869     
   1.0534364340736757     
   1.0525704011528867     
   1.0510261642699175     
   1.0482522308854643     
   1.0482708154081721     
   1.0477601264267056     
   1.0441575926620315     
   1.0441755930165897     
   1.0451377211620287     
   1.0437861118973260     
   1.0429321819021591     
   1.0417521445238671     
   1.0393388184620329     
   1.0364971667846206     
   1.0323609815218660     
   1.0313662755049204     
   1.0314029426839377     
   1.0329484415683323     
   1.0324849591204024     
   1.0308108037594768     
   1.0305702608079512     
   1.0282832461185458     
   1.0271374395451491     
   1.0265927639262777     
   1.0230203929054429     
   1.0249167235986067     
   1.0253188124312667     
   1.0232525039044673     
   1.0235578736880560     
   1.0233706400372802     
   1.0196906906854246     
   1.0194344790512639     
   1.0200817195281744     
   1.0214702453539801     
   1.0210519096979520     
   1.0219765474146032     
   1.0201510105197948     
   1.0217193263967181     
   1.0201758768959217     
   1.0184407973916219     
   1.0217315522427961     
   1.0205251356417311     
   1.0214931861989101     
   1.0206186552190475     
   1.0209581637996061     
   1.0185759770884570     
   1.0189438308924508     
   1.0176811075340990     
   1.0182611104661337     
   1.0145922013233948     
   1.0146707695503456     
   1.0121970424135802     
   1.0128386670909026     
   1.0138828060656984     
   1.0173155734088239     
   1.0189477970354912     
   1.0192576163896359     
   1.0158357373921776     
   1.0165560838466257     
   1.0177395612597993     
   1.0175389181137546     
   1.0168963680965035     
   1.0178938181395560     
   1.0167282865471639     
   1.0177000048749341     
   1.0189464083147470     
   1.0207204693307068     
   1.0207073682323535     
   1.0212930319273534     
   1.0190929957291104     
   1.0202899561467134     
   1.0192198457829502     
   1.0207536488220694     
   1.0206535984184997     
   1.0194997692082588     
   1.0198427965453427     
   1.0177416836388185     
   1.0182477886465491     
   1.0189306477475586     
   1.0207147301969397     
   1.0207856188052133     
   1.0194692281841438     
   1.0213248996674484     
   1.0219711730741678     
   1.0189533693615291     
   1.0191165055746054     
   1.0198603366857451     
   1.0181139327435988     
   1.0186464388172727     
   1.0178673841928840     
   1.0179744816839460     
   1.0196880625882931     
   1.0216898853175691     
   1.0184221184008995     
   1.0190285792424090     
   1.0172083821414646     
   1.0183555081634899     
   1.0188869414830164     
   1.0207805619150760     
   1.0186553587037606     
   1.0172947775789447     
   1.0183616350791163     
   1.0192125084389618     
   1.0204531032506627     
   1.0198463066070627     
   1.0193919772652584     
   1.0163978227163863     
   1.0161468604777417     
   1.0146422351424553     
   1.0151672709792807     
   1.0150446849779362     
   1.0150046400108155     
   1.0117737206108901     
   1.0122359765828617     
   1.0139119972823667     
   1.0135607101432431     
   1.0127833423297381     
   1.0119565938914177     
   1.0119464710866262     
   1.0109425315069804     
   1.0100175234673601     
   1.0092204376617975     
   1.0086385127998663     
   1.0093809357071468     
   1.0101858304953544     
   1.0124913923214469     
   1.0124623332925320     
   1.0099918786688677     
   1.0113098452152978     
   1.0096846159873381     
   1.0101117066605327     
   1.0104095881784088     
   1.0111268860093976     
   1.0103246241340560     
   1.0102477736618318     
   1.0097115161403363     
   1.0102000823663955     
   1.0112504124268151     
   1.0095167176048938     
   1.0100980980565923     
   1.0094293484423487     
   1.0084307289797636     
   1.0072600100564353     
   1.0083592363770726     
   1.0088801235277209     
   1.0082780662225914     
   1.0088833762086113     
   1.0080724494325133     
   1.0087384953106779     
   1.0090292392203282     
   1.0107783548848708     
   1.0119750123522619     
   1.0098981050938252     
   1.0093151791648705     
   1.0094756510214842     
   1.0078297355915147     
   1.0083012130292681     
   1.0060587584188481     
   1.0052970164947019     
   1.0067246257498097     
   1.0062856942017200     
   1.0057477467054459     
   1.0057438322334671     
   1.0070205231817979     
   1.0060031683251325     
   1.0051469157086483     
   1.0042464574858405     
   1.0044858227371940     
   1.0032746988327597     
   1.0042485764138271     
   1.0053341792755297     
   1.0048512011191344     
   1.0058535545124960     
   1.0075610294903863     
   1.0061000942042677     
   1.0042807914448741     
   1.0051419263140819     
   1.0065053312476770     
   1.0036863867430326     
   1.0036945363169734     
   1.0038521876781679     
   1.0034131082541651     
   1.0031041581077660     
   1.0032375920328302     
   1.0036426233403484     
   1.0020856508237805     
   1.0024838168402868     
   1.0020649641001700     
   1.0003767408796966     
   1.0027352229756394     
   1.0012280052166778     
   1.0029798531097978     
   1.0033341332124028     
   1.0037332529668592     
   1.0030137873717597     
   1.0040552211095304     
   1.0054431144479874     
   1.0047880529516924     
   1.0040490509797277     
   1.0044212762159488     
   1.0032795143737259     
   1.0033385909662038     
   1.0045251013376237     
   1.0041728401559513     
   1.0044556402617009     
   1.0031738245481110     
   1.0037680338788788     
   1.0045457057854672     
   1.0045899285444537     
   1.0031652625698502     
   1.0020393884732233     
   1.0020812022368273     
   1.0031851683235535     
   1.0035151502372528     
   1.0022432128398726     
   1.0027626108030616     
   1.0046727405013638     
   1.0051144039599673     
   1.0043290028274798     
   1.0031599688232429     
   1.0035162232436776     
   1.0024754041137853     
   1.0028169327899012     
   1.0026055583313749     
   1.0030638782149288     
   1.0028033972953574     
   1.0026707124799084     
   1.0032306040501440     
   1.0028344611830411     
   1.0041205208157087     
   1.0044397937351774     
   1.0026550881382392     
   1.0040464059311063     
   1.0029824227543487     
   1.0038345880165307     
   1.0033195224865807     
   1.0031613738311440     
   1.0043005756226719     
   1.0034656889002218     
   1.0023814147411514     
   1.0013706425329267     
   1.0010636007947775     
   1.0009179002377535     
   1.0020201410474390     
   1.0015025953235042     
   1.0021629614520569     
   1.0018473671742583     
   1.0013789774754192     
   1.0006947675183431     
   1.0012870634629005     
  0.99975387801422189     
  0.99844801844856412     
   1.0005368493790028     
   1.0007140834634556     
   1.0012608206474676     
   1.0007981164906161     
   1.0008871644903132     
   1.0007945142940584     
  0.99991128627703352     
   1.0011020639193784     
   1.0010172848480234     
   1.0015331965902192     
  0.99951513085040244     
   1.0001115403628480     
   1.0000091709521697     
  0.99837252832428225     
   1.0002610224400130     
  0.99929571486587954     
  0.99868576283227339     
   1.0000170089277001     
   1.0002342352885514     
  0.99981528659011631     
  0.99820952226599924     
  0.99870036088039205     
  0.99974010445420414     
  0.99986982487482312     
  0.99964423065667252     
  0.99980611156916099     
  0.99981573831339499     
   1.0004284645553270     
  0.99976483611839728     
   1.0000161889186427     
  0.99914709865279683     
   1.0002022744807526     
   1.0000797449950114     
   1.0000848347063331     
  0.99971781756967448     
  0.99951811562705750     
  0.99923111971708578     
   1.0008228490125961     
  0.99907515603836461     
  0.99810047675617908     
  0.99825941957424325     
  0.99891549106382749     
  0.99995527847915888     
   1.0008267927125352     
  0.99991248905921015     
   1.0000678366246640     
  0.99889814211989447     
  0.99859610588610015     
  0.99922401774378133     
  0.99858274614643361     
  0.99797676253912138     
  0.99905093413941548     
   1.0000140337043237     
  0.99884825948243861     
  0.99926646807906405     
  0.99884926531400087     
  0.99910499878297199     
  0.99945255971524838     
  0.99776937347506245     
  0.99796313626141386     
  0.99944697884712330     
  0.99780394709545206     
  0.99888509710049145     
  0.99942279747125173     
  0.99918045256881760     
  0.99997071020538775     
  0.99904326743293326     
  0.99866221939927335     
  0.99878445762042734     
  0.99772362624750266     
  0.99785855018741265     
  0.99774849130972543     
  0.99775941493711107     
  0.99733306254749676     
  0.99853874490999861     
  0.99870080421974461     
  0.99786267117970551     
  0.99685639538524951     
  0.99834520997941500     
  0.99874587383853020     
  0.99837200641030421     
  0.99770571207906034     
  0.99756702861289170     
  0.99892870349776663     
  0.99843996422310510     
  0.99914966908922898     
  0.99816186338053248     
  0.99869040353775662     
  0.99822022300923252     
  0.99846618058973691     
  0.99753682546680733     
  0.99893541281951637     
  0.99855103630171760     
  0.99822511007212311     
  0.99782480885418423     
  0.99717505902168802     
  0.99627751844237211     
  0.99676856954889970     
  0.99695101896417870     
  0.99772745451697309     
  0.99864417736487865     
  0.99755871285025921     
  0.99734929442747022     
  0.99811752547290478     
  0.99864045765254261     
  0.99693264931610948     
  0.99753737299865408     
  0.99798678559887855     
  0.99753171338293711     
  0.99705240139158502     
  0.99731688508311755     
  0.99639343988590445     
  0.99658083058108315     
  0.99703542902916431     
  0.99777900491135774     
  0.99799124644960502     
  0.99815188161502255     
  0.99762766068285536     
  0.99719379298196875     
  0.99681510519446315     
  0.99828882441888256     
  0.99789915850751687     
  0.99760833940261284     
  0.99800579470507245     
  0.99738114442690828     
  0.99783813292691281     
  0.99880909519428596     
  0.99838547674092726     
  0.99683419824338348     
  0.99824349940521095     
  0.99873185646460449     
  0.99797340762936004     
  0.99782442815572592     
  0.99868814299000919     
  0.99743244776560702     
  0.99841604297735742     
  0.99955446674102111     
  0.99808804223032865     
  0.99858062380478396     
  0.99916376988850608     
  0.99920690324076589     
  0.99767426467771470     
  0.99731302260219823     
  0.99733318794148529     
  0.99759336465708615     
  0.99705186300528026     
  0.99727070220347880     
  0.99721011478280153     
  0.99707552875969674     
  0.99725391090938786     
  0.99707726970103217     
  0.99729041177484556     
  0.99683516773749403     
  0.99644249149355812     
  0.99754620986232112     
  0.99782964624735271     
  0.99742920488670972     
  0.99742349815507592     
  0.99692034930620099     
  0.99740997946455678     
  0.99631211220174254     
  0.99676858507203325     
  0.99702866735826334     
  0.99819860317128717     
  0.99804549025900413     
  0.99712054406824557     
  0.99760360797936309     
  0.99752962035909643     
  0.99782829654581873     
  0.99791956172695062     
  0.99711921264648140     
  0.99684979949601815     
  0.99678550478567551     
  0.99691979877400572     
  0.99665279991963240     
  0.99748108435735328     
  0.99733024863778197     
  0.99726504723250908     
  0.99729464130677126     
  0.99741005646948677     
  0.99719354481744271     
  0.99701530211487976     
  0.99700622623631474     
  0.99749723028851778     
  0.99791157331012181     
  0.99770844422646454     
  0.99882384908597921     
  0.99833744993242124     
  0.99882871321986921     
  0.99869384721036381     
  0.99783809146378577     
  0.99791595024516100     
  0.99699517705193552     
  0.99663921322622129     
  0.99761151860153463     
  0.99890657035206709     
  0.99844703803712131     
  0.99774442092339044     
  0.99886337970835448     
  0.99903329355504178     
  0.99944075453814252     
  0.99860330126345143     
  0.99746861440787538     
  0.99825012944317426     
  0.99797139854263006     
  0.99748765552765073     
  0.99678311974766209     
  0.99651201756544217     
  0.99717340187336856     
  0.99740990094472559     
  0.99663667075061058     
  0.99691264100156540     
  0.99791178423502425     
  0.99762112367798861     
  0.99699967860693905     
  0.99788068964356580     
  0.99807316519228784     
  0.99652691198367138     
