 TEMP->  0.50000000000000000     
 DENSITY->  0.30000001192092896     
 N->         864
 CUTOFF->   3.2999999523162842     
 NUM_STEPS->       10000
   0.0000000000000000     
   0.0000000000000000     
   0.0000000000000000     
   0.0000000000000000     
   0.0000000000000000     
   0.0000000000000000     
   0.0000000000000000     
   0.0000000000000000     
   0.0000000000000000     
   0.0000000000000000     
   0.0000000000000000     
   0.0000000000000000     
   0.0000000000000000     
   0.0000000000000000     
   0.0000000000000000     
   0.0000000000000000     
   0.0000000000000000     
   0.0000000000000000     
   0.0000000000000000     
   0.0000000000000000     
   0.0000000000000000     
   0.0000000000000000     
   0.0000000000000000     
   0.0000000000000000     
   0.0000000000000000     
   0.0000000000000000     
   0.0000000000000000     
   0.0000000000000000     
   0.0000000000000000     
   0.0000000000000000     
   0.0000000000000000     
   0.0000000000000000     
   0.0000000000000000     
   0.0000000000000000     
   0.0000000000000000     
   0.0000000000000000     
   0.0000000000000000     
   0.0000000000000000     
   0.0000000000000000     
   0.0000000000000000     
   0.0000000000000000     
   0.0000000000000000     
   0.0000000000000000     
   0.0000000000000000     
   0.0000000000000000     
   0.0000000000000000     
   0.0000000000000000     
   0.0000000000000000     
   0.0000000000000000     
   0.0000000000000000     
   0.0000000000000000     
   0.0000000000000000     
   0.0000000000000000     
   0.0000000000000000     
   0.0000000000000000     
   0.0000000000000000     
   0.0000000000000000     
   0.0000000000000000     
   0.0000000000000000     
   0.0000000000000000     
   0.0000000000000000     
   0.0000000000000000     
   0.0000000000000000     
   0.0000000000000000     
   0.0000000000000000     
   0.0000000000000000     
   0.0000000000000000     
   0.0000000000000000     
   0.0000000000000000     
   0.0000000000000000     
   0.0000000000000000     
   0.0000000000000000     
   0.0000000000000000     
   0.0000000000000000     
   0.0000000000000000     
   0.0000000000000000     
   0.0000000000000000     
   0.0000000000000000     
   0.0000000000000000     
   0.0000000000000000     
   0.0000000000000000     
   0.0000000000000000     
   0.0000000000000000     
   0.0000000000000000     
   0.0000000000000000     
   0.0000000000000000     
   0.0000000000000000     
   0.0000000000000000     
   2.3546305653397138E-005
   4.0674091653620657E-004
   1.7563326017396219E-003
   6.6303068217742813E-003
   2.0469019875955480E-002
   5.7688665668873824E-002
  0.13134175567383818     
  0.26490180758888443     
  0.47504048878732569     
  0.77017062026552618     
   1.1453218495284518     
   1.5983766521385794     
   2.1068644076160354     
   2.6324729700520608     
   3.1388253690959886     
   3.6176424040559567     
   4.0335893320938245     
   4.3673108733577743     
   4.6209050565920142     
   4.7937454546672127     
   4.9016673978944594     
   4.9305142251968359     
   4.9188329349618529     
   4.8560531003810627     
   4.7587800426222904     
   4.6331245271926011     
   4.4869185268164111     
   4.3125767483528303     
   4.1673222370691647     
   4.0069535145805126     
   3.8265335686268096     
   3.6544333194493919     
   3.4903486487401505     
   3.3389648810980543     
   3.1965573647577412     
   3.0507768403442594     
   2.9208888853536505     
   2.7870791756296120     
   2.6705988345120963     
   2.5540764627292978     
   2.4562937148163475     
   2.3650346114654388     
   2.2672204994952465     
   2.1817272991655439     
   2.0936833976888978     
   2.0309362167518850     
   1.9637679947051176     
   1.9042033293919109     
   1.8417887819785232     
   1.7849161966930103     
   1.7350195073890462     
   1.6905853042411729     
   1.6451026723890572     
   1.6025960027224726     
   1.5719207921844032     
   1.5398344063293190     
   1.5094453065165772     
   1.4809338487367547     
   1.4575057430464846     
   1.4230464121731614     
   1.4041460439683584     
   1.3796758401610005     
   1.3651746950193488     
   1.3476084574039464     
   1.3364081674124104     
   1.3212465563173901     
   1.3087000504876372     
   1.2984887863365868     
   1.2951875095406322     
   1.2915256120285195     
   1.2909726191328899     
   1.2832180703084815     
   1.2823069933825719     
   1.2841435924181388     
   1.2813054016329501     
   1.2895543330769115     
   1.2906343442877299     
   1.2963230314060248     
   1.3006470025331132     
   1.3059127850854202     
   1.3202638050258753     
   1.3313126591643714     
   1.3452857143896118     
   1.3471911768577844     
   1.3609402662873136     
   1.3754661884912913     
   1.3973916060803253     
   1.4149811500798464     
   1.4339344587259901     
   1.4575035641160456     
   1.4723199010987302     
   1.4953345721747304     
   1.5148464172630309     
   1.5375167308218791     
   1.5629689693438806     
   1.5834242463399060     
   1.5979638175490500     
   1.6232231441272835     
   1.6489690369845367     
   1.6702926267672391     
   1.6922468335466554     
   1.7188088100618661     
   1.7395513510211991     
   1.7668805403529160     
   1.7873234950756656     
   1.8078137144358382     
   1.8280166302554366     
   1.8446920660715227     
   1.8614819037956662     
   1.8798442077655813     
   1.8906286412260311     
   1.9082356601298855     
   1.9305668689751561     
   1.9454336250070638     
   1.9614139068646763     
   1.9728883906095724     
   1.9792017084919651     
   1.9944726671589414     
   2.0011702436606682     
   2.0049722025243875     
   2.0140252813946433     
   2.0118421095186618     
   2.0171024587635822     
   2.0174104385081204     
   2.0122922443296569     
   2.0065837570506408     
   2.0041032737407449     
   1.9944369118180179     
   1.9837536781718688     
   1.9722777079383103     
   1.9679058128150881     
   1.9543820065006607     
   1.9339378124766851     
   1.9225844237833563     
   1.9032741166853300     
   1.8866351087726514     
   1.8645166886675892     
   1.8465502108900118     
   1.8300654382246904     
   1.8115501031550201     
   1.7898925213957615     
   1.7771901379833599     
   1.7556733154744169     
   1.7387442697057642     
   1.7193047561331913     
   1.7010165872373464     
   1.6806631237734839     
   1.6650181227539866     
   1.6494287002219350     
   1.6326374493867655     
   1.6157169147538317     
   1.6022022954735100     
   1.5872470132501308     
   1.5745214254704707     
   1.5605474149629945     
   1.5511971973689480     
   1.5357497123272434     
   1.5232262554113145     
   1.5104776909682422     
   1.5027040468005712     
   1.4933200056192435     
   1.4829742673940021     
   1.4787990856645736     
   1.4689587668080721     
   1.4670761913188595     
   1.4611062388462237     
   1.4563396874737580     
   1.4505792360536742     
   1.4488417324247236     
   1.4463299598765309     
   1.4455514115213779     
   1.4447455364225035     
   1.4422054401984672     
   1.4391827185060631     
   1.4389636220192101     
   1.4406595247386074     
   1.4392993819607640     
   1.4383531154849953     
   1.4420311102542755     
   1.4463416600367771     
   1.4482790559558070     
   1.4530239555125599     
   1.4575264906466721     
   1.4586650824903702     
   1.4645625483249216     
   1.4681324586418900     
   1.4710013236685977     
   1.4705777622963059     
   1.4791596644078837     
   1.4828995032313974     
   1.4892217146381272     
   1.4976803682142594     
   1.4980231361518077     
   1.5015426748860312     
   1.5079898196845698     
   1.5148717321498963     
   1.5173453707514357     
   1.5228431578226982     
   1.5263153419251190     
   1.5322697923860022     
   1.5346685485760863     
   1.5383281942036391     
   1.5455863597897121     
   1.5488745845562939     
   1.5502589141298835     
   1.5556604095812840     
   1.5583552009927422     
   1.5591820394632971     
   1.5588665492020821     
   1.5604988817179604     
   1.5569455135086838     
   1.5602654841602606     
   1.5617395783364236     
   1.5593335430077142     
   1.5538966807649939     
   1.5558199497077925     
   1.5560375857836839     
   1.5554062422791293     
   1.5511535488194970     
   1.5496355134076365     
   1.5461932592691292     
   1.5489213119089273     
   1.5451817292059868     
   1.5404730138545708     
   1.5373401118205554     
   1.5336447086823770     
   1.5272174584941558     
   1.5231869165595686     
   1.5228901075139574     
   1.5181492865085535     
   1.5137039185148846     
   1.5049743724000759     
   1.5000004463221916     
   1.4960583484186487     
   1.4918028689379974     
   1.4853585709888235     
   1.4801783742524894     
   1.4774061827035880     
   1.4698572929800602     
   1.4617860118200305     
   1.4564339788369409     
   1.4530699167537897     
   1.4459131399393830     
   1.4378836271406081     
   1.4287494985853475     
   1.4261208281702966     
   1.4206647038440179     
   1.4151924873906998     
   1.4091602281287743     
   1.4044184824103314     
   1.3973769920655124     
   1.3959167641029626     
   1.3891860933733426     
   1.3843292838510517     
   1.3824526463619911     
   1.3800721250772761     
   1.3748853692769067     
   1.3721548382385447     
   1.3656910839634120     
   1.3607847318598187     
   1.3570433772884927     
   1.3524060612776967     
   1.3487797711004901     
   1.3458504607848425     
   1.3446394587611645     
   1.3399721239359310     
   1.3398128194457535     
   1.3384778859871835     
   1.3364765859188448     
   1.3343434670731178     
   1.3323271557854326     
   1.3344874055848495     
   1.3329623971756854     
   1.3282157791310849     
   1.3272277739258020     
   1.3265617741086728     
   1.3271536487814577     
   1.3274615024994056     
   1.3280084775868819     
   1.3275307518307302     
   1.3263899222877464     
   1.3250348617216656     
   1.3253535465834947     
   1.3265524708580054     
   1.3265183738285073     
   1.3260597722352687     
   1.3265641457647772     
   1.3236415077549011     
   1.3214063846592423     
   1.3248450251766037     
   1.3252711554670706     
   1.3267086340178993     
   1.3263739816060620     
   1.3264955511160577     
   1.3280338610358984     
   1.3262327084931218     
   1.3252368965725121     
   1.3242761620253789     
   1.3251335209761466     
   1.3243214924079429     
   1.3235593117770168     
   1.3230537084773146     
   1.3243181596127214     
   1.3211217794062180     
   1.3191669678285411     
   1.3206927226557474     
   1.3187393284286146     
   1.3156054490423510     
   1.3150072903363410     
   1.3145416638533378     
   1.3119602153039049     
   1.3094905639741390     
   1.3067639794263617     
   1.3059500412106448     
   1.3049956209276616     
   1.3056963069150200     
   1.3041134830403522     
   1.3012472923281095     
   1.2997800069588759     
   1.3009061447823618     
   1.2971790883627956     
   1.2937045625170884     
   1.2935470302032646     
   1.2912737751476893     
   1.2870275355820273     
   1.2840982961230978     
   1.2821115120204716     
   1.2809928025321708     
   1.2754917898284697     
   1.2734881126281781     
   1.2700674810315968     
   1.2699454230251126     
   1.2661020060962089     
   1.2632384884968451     
   1.2595265756534295     
   1.2593676635514768     
   1.2565964397852694     
   1.2555635384348953     
   1.2497033016858718     
   1.2472541730602031     
   1.2442718904825443     
   1.2431806550467981     
   1.2414466073311254     
   1.2385755442702648     
   1.2321040428679630     
   1.2316993595520078     
   1.2300473449182232     
   1.2254356489804723     
   1.2237954169758236     
   1.2215500314439662     
   1.2201391318869352     
   1.2176797723048598     
   1.2144419251826946     
   1.2107222786335048     
   1.2090010752615203     
   1.2070327256004099     
   1.2050832095428581     
   1.2029764027903624     
   1.2019333861724817     
   1.2014666213064593     
   1.1973764288650914     
   1.1955012912344516     
   1.1938563419967105     
   1.1920782175276774     
   1.1897000743494572     
   1.1903624890753510     
   1.1873704004253334     
   1.1856176341885512     
   1.1826738115928352     
   1.1815133331077055     
   1.1787539246778422     
   1.1785708964912665     
   1.1789465178313410     
   1.1778958314153529     
   1.1771897858761389     
   1.1736025155995802     
   1.1703329285841078     
   1.1714778168291933     
   1.1713434207572688     
   1.1721808074585778     
   1.1706531000630107     
   1.1709728269879942     
   1.1695511632241846     
   1.1681240999870661     
   1.1667035840084448     
   1.1654601154021038     
   1.1640267231387396     
   1.1629093672852500     
   1.1614724597075177     
   1.1609834488377808     
   1.1598762243716916     
   1.1591245304601590     
   1.1579621992816660     
   1.1563100435041191     
   1.1564006846579011     
   1.1549065859015397     
   1.1531418173094194     
   1.1521620913796820     
   1.1519944028285485     
   1.1515925775877669     
   1.1493502170864491     
   1.1479434302671345     
   1.1471517766200692     
   1.1455366355920320     
   1.1436473697736702     
   1.1434910121696005     
   1.1422113789966573     
   1.1399873132957912     
   1.1384666339106337     
   1.1399304094225802     
   1.1386909895945525     
   1.1360679011185448     
   1.1348638050157167     
   1.1321995833366749     
   1.1327144019584625     
   1.1293822348855440     
   1.1273285729799047     
   1.1268907728772481     
   1.1255226919836938     
   1.1225257325113205     
   1.1218696880881580     
   1.1198558253666810     
   1.1195993687346095     
   1.1178934562913081     
   1.1173777606275650     
   1.1166491765193329     
   1.1160792085132618     
   1.1131419942248411     
   1.1105311459454348     
   1.1090601284771948     
   1.1077719136400330     
   1.1046271541246506     
   1.1035187346600681     
   1.1010628271051170     
   1.0997673496787135     
   1.0998902633658192     
   1.0978409424418838     
   1.0955830865191065     
   1.0928263855054947     
   1.0919537003195272     
   1.0894319833883874     
   1.0874961850236888     
   1.0874839721459582     
   1.0866685647305316     
   1.0844047179431762     
   1.0834821590085757     
   1.0821171511106396     
   1.0812013110785568     
   1.0790503154850857     
   1.0758266916378931     
   1.0757408985004477     
   1.0739813036092933     
   1.0751659347015166     
   1.0724891304422495     
   1.0706142897017885     
   1.0702378999960938     
   1.0685055798648668     
   1.0655925470941521     
   1.0643724067496345     
   1.0644993767878981     
   1.0621455291765145     
   1.0607948530110594     
   1.0588179368698440     
   1.0578831959648480     
   1.0581084483647341     
   1.0558147572526486     
   1.0530146869184431     
   1.0517572840762646     
   1.0505322824620957     
   1.0503375902655485     
   1.0504921015848534     
   1.0488278214205276     
   1.0477778585140172     
   1.0473614232652069     
   1.0463415607523885     
   1.0445204526908454     
   1.0450786858720316     
   1.0434886433136004     
   1.0415562115481216     
   1.0421684430810505     
   1.0417555498741027     
   1.0419348514239102     
   1.0408442371028106     
   1.0385681698958076     
   1.0369404648599243     
   1.0348570662038330     
   1.0363238890197428     
   1.0347113681692759     
   1.0349687912624970     
   1.0339113640517099     
   1.0315392980622329     
   1.0316195680437577     
   1.0318644599221580     
   1.0314380050325036     
   1.0285833780314659     
   1.0270709389160062     
   1.0264601626541283     
   1.0250124595607135     
   1.0243278190904437     
   1.0236768048990899     
   1.0236105747063140     
   1.0213890729114308     
   1.0188500546250132     
   1.0191733060835908     
   1.0194328875800949     
   1.0180130272395547     
   1.0177271661506606     
   1.0176120458907070     
   1.0172775693752254     
   1.0151004496723319     
   1.0142464297324574     
   1.0137861993576320     
   1.0126154218934094     
   1.0114002644753153     
   1.0093660931556734     
   1.0072630421381039     
   1.0069263423196984     
   1.0058792986718998     
   1.0063409284712412     
   1.0045308902584211     
   1.0025850236830707     
   1.0008692423488037     
   1.0010456921937965     
  0.99837616238365134     
  0.99856580200993672     
  0.99714224988718347     
  0.99556687179089509     
  0.99598180394289992     
  0.99496645109165727     
  0.99363694197759878     
  0.99302030103253869     
  0.99273595283182658     
  0.99181744909086456     
  0.99007452076072566     
  0.98745420465146139     
  0.98807034343285416     
  0.98699972198546826     
  0.98478108136615627     
  0.98352459530917014     
  0.98183381616450316     
  0.98212243724542536     
  0.98191607542567338     
  0.98116268063539969     
  0.97921817277864509     
  0.97975500853795183     
  0.97820404034953545     
  0.97558055886984374     
  0.97430183043531560     
  0.97454884377636886     
  0.97451315942244765     
  0.97194058688206975     
  0.97203512092726507     
  0.97097919128941890     
  0.97067680067244455     
  0.96960243497736520     
  0.96798582295883406     
  0.96831091300836825     
  0.96656237604965534     
  0.96686220921994126     
  0.96666526616932313     
  0.96539728897315247     
  0.96424299018424231     
  0.96331276664150611     
  0.96297852427788722     
  0.96083451649143836     
  0.96048144031925442     
  0.96089221058151320     
  0.96086165085466668     
  0.96017513015152667     
  0.96007874779984992     
  0.95737000089901203     
  0.95703416323202373     
  0.95615924194084589     
  0.95523339421381659     
  0.95534172296011455     
  0.95398415797748259     
  0.95356041370435818     
  0.95265160208908550     
  0.95262019872166204     
  0.95106634430807324     
  0.95071812172005588     
  0.94983148892342895     
  0.94964396165349152     
  0.95024174241594450     
  0.94938755375644535     
  0.94900179890147085     
  0.94916869466211518     
  0.94968664733775721     
  0.94883548432523024     
  0.94744266497755147     
  0.94692389562314316     
  0.94574822535331582     
  0.94522318689226759     
  0.94606152079139716     
  0.94460829381158928     
  0.94339663377325655     
  0.94270626572497462     
  0.94177964754724253     
  0.94042775842424620     
  0.93973784601368515     
  0.93977406143057296     
  0.93842848472021478     
  0.93851068001378912     
  0.93888030486842444     
  0.93876945713789761     
  0.93786363359062663     
  0.93702336612254700     
  0.93629893477276127     
  0.93558138717628170     
  0.93417204470474347     
  0.93367032018694707     
  0.93427135277741835     
  0.93494044188939018     
  0.93395909575743519     
  0.93193506839286444     
  0.93102424433326503     
  0.93038645453785018     
  0.92936171109027654     
  0.92955103835731956     
  0.92893019200531934     
  0.92866980112428232     
  0.92829544764594851     
  0.92717121054170415     
  0.92489175416846547     
