 TEMP->   1.2500000000000000     
 DENSITY->  0.44999998807907104     
 N->         864
 CUTOFF->   3.2999999523162842     
 NUM_STEPS->       10000
   0.0000000000000000     
   0.0000000000000000     
   0.0000000000000000     
   0.0000000000000000     
   0.0000000000000000     
   0.0000000000000000     
   0.0000000000000000     
   0.0000000000000000     
   0.0000000000000000     
   0.0000000000000000     
   0.0000000000000000     
   0.0000000000000000     
   0.0000000000000000     
   0.0000000000000000     
   0.0000000000000000     
   0.0000000000000000     
   0.0000000000000000     
   0.0000000000000000     
   0.0000000000000000     
   0.0000000000000000     
   0.0000000000000000     
   0.0000000000000000     
   0.0000000000000000     
   0.0000000000000000     
   0.0000000000000000     
   0.0000000000000000     
   0.0000000000000000     
   0.0000000000000000     
   0.0000000000000000     
   0.0000000000000000     
   0.0000000000000000     
   0.0000000000000000     
   0.0000000000000000     
   0.0000000000000000     
   0.0000000000000000     
   0.0000000000000000     
   0.0000000000000000     
   0.0000000000000000     
   0.0000000000000000     
   0.0000000000000000     
   0.0000000000000000     
   0.0000000000000000     
   0.0000000000000000     
   0.0000000000000000     
   0.0000000000000000     
   0.0000000000000000     
   0.0000000000000000     
   0.0000000000000000     
   0.0000000000000000     
   0.0000000000000000     
   0.0000000000000000     
   0.0000000000000000     
   0.0000000000000000     
   0.0000000000000000     
   0.0000000000000000     
   0.0000000000000000     
   0.0000000000000000     
   0.0000000000000000     
   0.0000000000000000     
   0.0000000000000000     
   0.0000000000000000     
   0.0000000000000000     
   0.0000000000000000     
   0.0000000000000000     
   0.0000000000000000     
   0.0000000000000000     
   0.0000000000000000     
   0.0000000000000000     
   0.0000000000000000     
   0.0000000000000000     
   0.0000000000000000     
   0.0000000000000000     
   0.0000000000000000     
   0.0000000000000000     
   0.0000000000000000     
   0.0000000000000000     
   0.0000000000000000     
   0.0000000000000000     
   0.0000000000000000     
   0.0000000000000000     
   0.0000000000000000     
   0.0000000000000000     
   0.0000000000000000     
   0.0000000000000000     
   0.0000000000000000     
   0.0000000000000000     
   5.4772759135141509E-006
   1.2846711443505505E-004
   8.0057444523545102E-004
   3.6478778955556274E-003
   1.1378634190488533E-002
   2.7823304888042983E-002
   5.8870888020865139E-002
  0.11294903320970640     
  0.19326789185091978     
  0.30829384186492376     
  0.44783191172920295     
  0.61079595241944129     
  0.78588871007777361     
  0.97915119101389614     
   1.1632612324673730     
   1.3335050690187507     
   1.4938034044402675     
   1.6417615143325974     
   1.7505779498638057     
   1.8446723489119352     
   1.9237539833333479     
   1.9739013675741681     
   2.0084022247476754     
   2.0339125334391142     
   2.0358210505225474     
   2.0270196017818223     
   2.0082443237512146     
   1.9790825781129329     
   1.9474527790123912     
   1.9083776086398117     
   1.8706261220437537     
   1.8283002658088772     
   1.7839086466110625     
   1.7417766823722050     
   1.6854095452234608     
   1.6477473111774352     
   1.5987437441434964     
   1.5597327079712693     
   1.5251030651058051     
   1.4817576621034036     
   1.4437101051405445     
   1.4066692159893224     
   1.3726049211624465     
   1.3406917366949698     
   1.3073225132495561     
   1.2796868271510242     
   1.2497687296975382     
   1.2242103141072322     
   1.2020869439968367     
   1.1734675655393745     
   1.1475475269368729     
   1.1253197216263457     
   1.1093056091885738     
   1.0948506238969076     
   1.0734872383400345     
   1.0553938296359355     
   1.0432993185223738     
   1.0298043176727603     
   1.0182676438800535     
   1.0037536696825473     
  0.99456174699897015     
  0.98182073222760313     
  0.97012324078707568     
  0.96213557390865379     
  0.94826858744728082     
  0.94365505918224613     
  0.93079293136908325     
  0.92270702043391029     
  0.91625577490282517     
  0.90800215173506815     
  0.90530373780777607     
  0.90457468664789220     
  0.89507414753322079     
  0.88963200193104386     
  0.89017536270774544     
  0.88966604285968975     
  0.88734804649114152     
  0.88534043597551171     
  0.88167420927910989     
  0.88363060281639072     
  0.88312895770669708     
  0.88248131964095589     
  0.88344675044873577     
  0.88657897586538292     
  0.88399869600090875     
  0.88413522058009852     
  0.88117504990050544     
  0.88268698025796044     
  0.88325857243487360     
  0.88453159635938283     
  0.88624536575472768     
  0.88859550626643702     
  0.89699342197716658     
  0.90020424365435670     
  0.90463750218476457     
  0.91181610446488692     
  0.91276401603585611     
  0.91968491076838277     
  0.92493614073468267     
  0.93101070243921003     
  0.93480013726168143     
  0.93704196372384996     
  0.94792061532607874     
  0.95405807578189250     
  0.96011188210816645     
  0.96786275243412156     
  0.97652812760435237     
  0.98099540021496456     
  0.98478966569957971     
  0.99104576317572213     
  0.99975392956412823     
   1.0068495378814084     
   1.0147045089470177     
   1.0227842607612818     
   1.0295058530706627     
   1.0356614166866083     
   1.0417514152179330     
   1.0462004221905652     
   1.0512144537251231     
   1.0581903664907373     
   1.0635972686139115     
   1.0646515526210030     
   1.0662956911263994     
   1.0707574126264108     
   1.0711546931103708     
   1.0751722779482200     
   1.0763705902300682     
   1.0759034521711701     
   1.0790385980395225     
   1.0800599560175665     
   1.0824127687218934     
   1.0820725905732720     
   1.0813773873860970     
   1.0811211415193751     
   1.0795497327218166     
   1.0791186395909094     
   1.0807775124771901     
   1.0782737109054104     
   1.0743176429954437     
   1.0728432769936391     
   1.0719745073953701     
   1.0703470755025009     
   1.0662957391949626     
   1.0626103533834776     
   1.0601157064739213     
   1.0559267664741330     
   1.0514710502470592     
   1.0506765323797589     
   1.0469589577233525     
   1.0436522350305362     
   1.0410247931808019     
   1.0372536389169384     
   1.0353613432639694     
   1.0367402779767807     
   1.0350385860849705     
   1.0322663020666871     
   1.0262952047008616     
   1.0219796812615647     
   1.0207831976070083     
   1.0177499188963925     
   1.0148731269933937     
   1.0113638903199127     
   1.0096726875596476     
   1.0106199773122226     
   1.0090891425428781     
   1.0062075148983971     
   1.0067292621673269     
   1.0036025295134057     
   1.0020521814534407     
   1.0010986170471168     
  0.99991453059041924     
  0.99880637267767258     
  0.99669859551309326     
  0.99373304019568309     
  0.99196905912655287     
  0.99152203205428613     
  0.99103338508221750     
  0.99198739962343896     
  0.99107744676693010     
  0.98903966955706268     
  0.98625494291079274     
  0.98562156056149164     
  0.98826907234045436     
  0.98583564208989394     
  0.98566830260399008     
  0.98559231907372369     
  0.98569565761363853     
  0.98415709331427459     
  0.98517701707818772     
  0.98725070533521964     
  0.98802610887404463     
  0.98667957442945209     
  0.98768291485950954     
  0.98619412856718025     
  0.98833972032435380     
  0.98876570886098114     
  0.98716946556857688     
  0.99093174884971380     
  0.99245430715122884     
  0.99352098198179639     
  0.99368634502930353     
  0.99461719079034583     
  0.99671023401273495     
  0.99838539748793964     
  0.99851574799285725     
  0.99726891924929417     
  0.99875187862245107     
  0.99793263723904635     
  0.99924296338143215     
   1.0006080003894120     
   1.0018414827483095     
   1.0015781326957676     
   1.0023523174189799     
   1.0046527263073572     
   1.0077554092511574     
   1.0082174422931121     
   1.0090365129395158     
   1.0097027875963738     
   1.0113869829959492     
   1.0100569391089114     
   1.0118824545593494     
   1.0121715077949636     
   1.0115786364104693     
   1.0118715894276149     
   1.0144590419410113     
   1.0131363370722783     
   1.0143356885841874     
   1.0141097466853690     
   1.0146716381565417     
   1.0133508473810771     
   1.0148747490326910     
   1.0147124605965128     
   1.0131517410262514     
   1.0129155068552060     
   1.0110083583578864     
   1.0118502187183549     
   1.0132048017270034     
   1.0140420415632623     
   1.0120627062789604     
   1.0118566123333150     
   1.0143997251865349     
   1.0147738436436009     
   1.0142526502783842     
   1.0130441591044834     
   1.0126815116469374     
   1.0125136383579949     
   1.0104459743654151     
   1.0100459400477475     
   1.0098377336026056     
   1.0112120612121480     
   1.0094685811810968     
   1.0064554010513309     
   1.0062403041419190     
   1.0069489615931422     
   1.0044697327210133     
   1.0051607146055883     
   1.0048416612971465     
   1.0062671215600569     
   1.0055720232113476     
   1.0056903555476615     
   1.0057103574952786     
   1.0044438495837822     
   1.0049414355131157     
   1.0062425731342612     
   1.0049965418084703     
   1.0038459013238832     
   1.0037729471701189     
   1.0012677017994855     
   1.0011465091095846     
   1.0011625949655132     
   1.0007338722534660     
   1.0005158488859840     
   1.0002716079994487     
   1.0005837960299400     
  0.99935622127176527     
  0.99897613458439449     
  0.99851610157969317     
  0.99930494888228782     
  0.99869006092544299     
  0.99969438156419821     
  0.99847369132213060     
  0.99916955069808133     
   1.0001519042540539     
  0.99931218082484896     
  0.99746798302082162     
  0.99866749725602055     
  0.99802363312679088     
  0.99766346920211624     
  0.99727625908070339     
  0.99713508353419977     
  0.99611717790557641     
  0.99667890526345781     
  0.99811103288333169     
  0.99655084079628498     
  0.99752215120556065     
  0.99876497798891983     
  0.99922292170090132     
  0.99952625114846583     
   1.0003060627224489     
  0.99891801861685725     
  0.99897480898081670     
  0.99897758792245406     
  0.99908331492377922     
  0.99914858484249380     
  0.99821160666627784     
  0.99900994159348633     
  0.99980129109848082     
  0.99942170487967652     
  0.99811909049904901     
  0.99985685911052047     
   1.0012263169279316     
   1.0008310464067882     
   1.0001331852359596     
   1.0022109583909968     
   1.0012334750108336     
   1.0018513694811144     
   1.0009855816912405     
  0.99967077470342636     
  0.99956850317574220     
   1.0007688161364512     
   1.0009025844634380     
   1.0010449529875096     
   1.0002885770284644     
   1.0013522803472554     
   1.0025985368707910     
   1.0026489900085713     
   1.0014296856075788     
   1.0016768433460352     
   1.0020671544443798     
   1.0033842926756023     
   1.0045605372936313     
   1.0033950549798278     
   1.0024363128619047     
   1.0029347594611251     
   1.0019750335358408     
   1.0014377879690013     
   1.0027276323044216     
   1.0034896086263567     
   1.0041648289434282     
   1.0026262629026947     
   1.0037261629920951     
   1.0025545033340892     
   1.0021285480214479     
   1.0029466818246964     
   1.0020242364663905     
   1.0022201273148532     
   1.0010762414370677     
   1.0017104676948236     
  0.99984661278463061     
   1.0002039284582878     
  0.99975227561757674     
   1.0008399698430301     
   1.0003226854497467     
  0.99937795164189391     
   1.0009950874593425     
   1.0016336417517462     
   1.0010104493547698     
   1.0010402634641371     
   1.0021930267402210     
   1.0018983035333691     
  0.99948539924621682     
   1.0006240601503646     
   1.0012424628185159     
   1.0003483575451293     
  0.99897656127789602     
  0.99979279142679334     
   1.0001825457995719     
   1.0008574509669494     
  0.99901201192872469     
  0.99993232721759051     
  0.99962770582255889     
  0.99958169613521475     
  0.99933884255288230     
  0.99805873709113724     
  0.99854263381780994     
  0.99739585910053985     
  0.99860372460835722     
  0.99914424697242699     
   1.0006887725501938     
   1.0001729566839970     
   1.0000173240852721     
   1.0005729851659795     
  0.99879692338819237     
  0.99841423218677261     
  0.99876739935165848     
  0.99708318328810941     
  0.99864384273155005     
  0.99911127723376858     
  0.99942283507674701     
  0.99885924541650462     
  0.99926482055362587     
  0.99925633649141266     
  0.99888264312181207     
  0.99889462146678776     
  0.99899849258925044     
  0.99915970308859359     
  0.99921980948554046     
  0.99894111501542071     
  0.99882206229056525     
  0.99891858539306722     
  0.99824555871393761     
  0.99779502627701311     
  0.99775833953594040     
  0.99830370330727780     
  0.99985922675171535     
  0.99910188862810856     
  0.99856733687989963     
  0.99869915256146791     
  0.99893821521634041     
  0.99976228593960104     
  0.99923331748626143     
  0.99857037237341573     
  0.99866430899324665     
  0.99856634217439255     
  0.99809095278676163     
  0.99815827149236913     
  0.99716348278812028     
  0.99867506415920748     
  0.99865246247348571     
  0.99890641914204126     
  0.99987888206038611     
  0.99943424301145078     
  0.99995582776949510     
  0.99916048370019872     
  0.99976515084681972     
  0.99905498588932129     
  0.99838830641164988     
  0.99841258041842196     
  0.99865407558396291     
  0.99866071548183233     
  0.99878717051544452     
  0.99884688661030652     
  0.99838300721981621     
  0.99769389110633222     
  0.99855594490991839     
  0.99997969674446285     
  0.99929789440014483     
  0.99922413066796323     
  0.99836736873461240     
  0.99814892141807521     
  0.99799648487419623     
  0.99944414730420428     
  0.99879769215188552     
  0.99911723136593866     
  0.99946148659112477     
  0.99907651162620070     
  0.99911532924318358     
  0.99831270999979715     
  0.99785854214056513     
  0.99904803944564347     
  0.99944532968797717     
  0.99936548477364306     
   1.0003228984882140     
  0.99907699711806952     
  0.99850527523642940     
  0.99934929829452956     
  0.99983469818529458     
  0.99877212128668325     
   1.0002019105763842     
   1.0005716717829416     
   1.0010499029229485     
   1.0005222436056078     
   1.0007566540809145     
   1.0007312333416878     
   1.0001968673310100     
  0.99912755872756964     
  0.99931136462055836     
  0.99940130619662715     
  0.99984931070544081     
   1.0004445954188819     
  0.99882938510796959     
  0.99937915267241084     
  0.99872795821869942     
  0.99887768341115368     
  0.99845552384459668     
  0.99886467408157986     
  0.99848642322966108     
  0.99888940876540910     
  0.99809467677694585     
  0.99835453280819342     
  0.99825656025706866     
  0.99842221605681092     
  0.99838131940568142     
  0.99752332217292849     
  0.99809977665563132     
  0.99743478521369033     
  0.99851801761885028     
  0.99837424795824914     
  0.99740292548687148     
  0.99846163709769031     
  0.99743182363635707     
  0.99836522685232076     
  0.99828132370301370     
  0.99840195624591355     
  0.99846864621782827     
  0.99867756203368252     
  0.99921094937292010     
  0.99939850560878896     
  0.99842517762951666     
  0.99864097199018897     
  0.99811891889374127     
  0.99853074234747641     
  0.99979712207643923     
   1.0001065442557369     
  0.99976652910002839     
  0.99878669894802985     
  0.99815846964986665     
  0.99711879281293903     
  0.99741221131407232     
  0.99857414932114119     
  0.99871164836418846     
  0.99861843990259325     
  0.99856283858804817     
  0.99803954583918386     
  0.99931839700652403     
  0.99897374081363455     
  0.99825285313300882     
  0.99837922911773380     
  0.99868300976312963     
  0.99862421032607096     
  0.99903108763730541     
  0.99920078774358689     
  0.99898500303059823     
  0.99877992627624390     
  0.99830055550024244     
  0.99871231176251729     
  0.99909705125793424     
  0.99908101176143593     
  0.99921140244961448     
  0.99887796904240811     
  0.99888142026548155     
  0.99851020518656042     
  0.99907303206380205     
  0.99869254019414355     
  0.99922652065142636     
  0.99803562571901128     
