 TEMP->   2.5000000000000000     
 DENSITY->   1.0000000000000000     
 N->         864
 CUTOFF->   3.2999999523162842     
 NUM_STEPS->       10000
   0.0000000000000000     
   0.0000000000000000     
   0.0000000000000000     
   0.0000000000000000     
   0.0000000000000000     
   0.0000000000000000     
   0.0000000000000000     
   0.0000000000000000     
   0.0000000000000000     
   0.0000000000000000     
   0.0000000000000000     
   0.0000000000000000     
   0.0000000000000000     
   0.0000000000000000     
   0.0000000000000000     
   0.0000000000000000     
   0.0000000000000000     
   0.0000000000000000     
   0.0000000000000000     
   0.0000000000000000     
   0.0000000000000000     
   0.0000000000000000     
   0.0000000000000000     
   0.0000000000000000     
   0.0000000000000000     
   0.0000000000000000     
   0.0000000000000000     
   0.0000000000000000     
   0.0000000000000000     
   0.0000000000000000     
   0.0000000000000000     
   0.0000000000000000     
   0.0000000000000000     
   0.0000000000000000     
   0.0000000000000000     
   0.0000000000000000     
   0.0000000000000000     
   0.0000000000000000     
   0.0000000000000000     
   0.0000000000000000     
   0.0000000000000000     
   0.0000000000000000     
   0.0000000000000000     
   0.0000000000000000     
   0.0000000000000000     
   0.0000000000000000     
   0.0000000000000000     
   0.0000000000000000     
   0.0000000000000000     
   0.0000000000000000     
   0.0000000000000000     
   0.0000000000000000     
   0.0000000000000000     
   0.0000000000000000     
   0.0000000000000000     
   0.0000000000000000     
   0.0000000000000000     
   0.0000000000000000     
   0.0000000000000000     
   0.0000000000000000     
   0.0000000000000000     
   0.0000000000000000     
   0.0000000000000000     
   0.0000000000000000     
   0.0000000000000000     
   0.0000000000000000     
   0.0000000000000000     
   0.0000000000000000     
   0.0000000000000000     
   0.0000000000000000     
   0.0000000000000000     
   0.0000000000000000     
   0.0000000000000000     
   0.0000000000000000     
   0.0000000000000000     
   0.0000000000000000     
   0.0000000000000000     
   0.0000000000000000     
   0.0000000000000000     
   0.0000000000000000     
   0.0000000000000000     
   4.4423635914224014E-005
   2.6824808695568583E-004
   1.4547858708468390E-003
   5.7054727293654045E-003
   1.7452500702056863E-002
   4.4442341721138111E-002
  0.10136536812078442     
  0.19632910433944267     
  0.34051583449807937     
  0.53118705454437853     
  0.77528114664904801     
   1.0484097325961550     
   1.3368040890182231     
   1.6189668686211929     
   1.8883278161196635     
   2.1220568640279636     
   2.3173213271231003     
   2.4669862582603974     
   2.5697126617889068     
   2.6319065673231608     
   2.6479729523890194     
   2.6391189891781814     
   2.6018702816952852     
   2.5429476179291854     
   2.4647974957780887     
   2.3812686408568164     
   2.2885735693718980     
   2.1867612360823396     
   2.0853685197816354     
   1.9851613419014054     
   1.8843569082558631     
   1.7881810906993552     
   1.7001722423100041     
   1.6121411552020699     
   1.5311693150226102     
   1.4551400083872690     
   1.3792674244489074     
   1.3145135285874914     
   1.2489922042238613     
   1.1927499167996907     
   1.1394279167649843     
   1.0892847601611748     
   1.0430690712473920     
  0.99838921520554980     
  0.96005126405996666     
  0.92261968010539108     
  0.89310885223348058     
  0.86286897796923190     
  0.83324959398150955     
  0.80997880208034245     
  0.78691153571787231     
  0.76515479676418885     
  0.74619017635563467     
  0.72732567431103468     
  0.71208770591749881     
  0.69797474488146238     
  0.68458960231027777     
  0.67215716645968193     
  0.66255788761650902     
  0.65361406120462395     
  0.64681696353194962     
  0.64218542479225016     
  0.63839170894636998     
  0.63688100520227808     
  0.63369187574829622     
  0.63192908121834346     
  0.63234519941571321     
  0.63366627529419706     
  0.63639811536162283     
  0.64000800068673980     
  0.64345216953392181     
  0.64945536402905724     
  0.65566440959572903     
  0.66293513627922496     
  0.67312198212322660     
  0.68481886471354581     
  0.69429856861735506     
  0.70488151685134615     
  0.71806817446280269     
  0.73394017037499648     
  0.74814409193046305     
  0.76504754390991858     
  0.78029408330906691     
  0.79716379460769127     
  0.81383397097398580     
  0.83234111527457166     
  0.85128694726471599     
  0.87049868862400626     
  0.89149072875510615     
  0.91007940503062323     
  0.93101306033111753     
  0.95091811433542028     
  0.96893446172799413     
  0.98935760861398436     
   1.0079364005062423     
   1.0285708960276490     
   1.0472752265261174     
   1.0652388754320041     
   1.0835865872762609     
   1.1003636007666264     
   1.1167212198491971     
   1.1341690699590006     
   1.1478462486535066     
   1.1620945430358049     
   1.1782062144425898     
   1.1911074297655484     
   1.2020572085363275     
   1.2128405547220409     
   1.2235718234154573     
   1.2306651346979189     
   1.2383857750436611     
   1.2434060276728214     
   1.2483206525872308     
   1.2499814237338518     
   1.2500804595577188     
   1.2491603611287543     
   1.2453059615202622     
   1.2398485331599345     
   1.2338352999561730     
   1.2285021201700674     
   1.2202105164498265     
   1.2112960489261602     
   1.1993823709038813     
   1.1888634272043286     
   1.1753909070895425     
   1.1622894701439561     
   1.1488658266447376     
   1.1353312693780295     
   1.1200672047706710     
   1.1049829916399911     
   1.0914389856921760     
   1.0759260351360849     
   1.0617515908538901     
   1.0483183657881698     
   1.0319501854634885     
   1.0185852964635638     
   1.0061116389670117     
  0.99337814055925844     
  0.98151075293840906     
  0.97018332816933894     
  0.95797538830824858     
  0.94595207222027855     
  0.93692943328713341     
  0.92827518538183096     
  0.92078611149508627     
  0.91149476805599150     
  0.90502716098123426     
  0.89795096322698087     
  0.89238819038709960     
  0.88501632166025734     
  0.88124378034685236     
  0.87742376786503651     
  0.87199250364585335     
  0.87158557894698130     
  0.86921912828983283     
  0.86781401671672764     
  0.86737143581258336     
  0.86577424048343610     
  0.86712362369115104     
  0.86852684913295630     
  0.87102561856937055     
  0.87302658474924222     
  0.87515323365235143     
  0.87869211444403184     
  0.88182312288707843     
  0.88483413758430463     
  0.89019286752916393     
  0.89657798222133556     
  0.90246023656713004     
  0.90994240545863592     
  0.91516314703430468     
  0.92213331571292578     
  0.92949098575596012     
  0.93728618721059620     
  0.94349259210737291     
  0.95128574475742034     
  0.95873269592961274     
  0.96680257979790984     
  0.97378431908252938     
  0.98372107911299866     
  0.99102427664232606     
  0.99806607076283305     
   1.0049893584768583     
   1.0115911322741675     
   1.0184086318003152     
   1.0239405163712709     
   1.0313113419927382     
   1.0375659335091583     
   1.0442809357364655     
   1.0486683794149609     
   1.0520620344844189     
   1.0563927561214528     
   1.0612272841417802     
   1.0668771082857986     
   1.0686723176181034     
   1.0720424328118494     
   1.0753669562633059     
   1.0758637356131238     
   1.0785947814986934     
   1.0799725547619803     
   1.0804599159075914     
   1.0811356278323612     
   1.0805790012138023     
   1.0805726362069454     
   1.0803710604670291     
   1.0791632245981009     
   1.0783262150955206     
   1.0769359924857467     
   1.0742229014445470     
   1.0721520486372658     
   1.0695078313043502     
   1.0659540149727016     
   1.0623507143982982     
   1.0577316837603488     
   1.0544882709800436     
   1.0516420774510384     
   1.0472883239983639     
   1.0427498143877221     
   1.0384098604643748     
   1.0344102179230956     
   1.0303613786458865     
   1.0255305749198109     
   1.0219460435005299     
   1.0167743168930632     
   1.0117625075978245     
   1.0084137351758538     
   1.0031659292805131     
  0.99913836941693834     
  0.99415090465712375     
  0.98980692862560338     
  0.98732216966466180     
  0.98387142320760834     
  0.97932937645519580     
  0.97632418961304912     
  0.97292846988721260     
  0.96950437227852304     
  0.96631095346345364     
  0.96447959105919367     
  0.96106326304398138     
  0.95958081831107689     
  0.95847162934295438     
  0.95597057469211433     
  0.95501873802254189     
  0.95308599237803004     
  0.95296101157979451     
  0.95139209275064496     
  0.95181925820757196     
  0.95233946674986014     
  0.95294777568734435     
  0.95288448345955223     
  0.95333659810357363     
  0.95344242960383951     
  0.95383013746087708     
  0.95541899332451985     
  0.95774302513438914     
  0.95826996025916567     
  0.95923316923381197     
  0.96334287178542877     
  0.96515360996237054     
  0.96781757303684091     
  0.97009699943767436     
  0.97242358316958799     
  0.97543236593599580     
  0.97836983138150024     
  0.97998442297745569     
  0.98308355682798987     
  0.98597918545029128     
  0.99000862277540558     
  0.99283794115860635     
  0.99545947383171796     
  0.99795066074877081     
   1.0003125518903404     
   1.0034163237036069     
   1.0061258098607182     
   1.0090100496823979     
   1.0111877868093893     
   1.0131624907520411     
   1.0150259883916568     
   1.0182836283637848     
   1.0195499896591891     
   1.0225238366618594     
   1.0235745433553591     
   1.0253288896921218     
   1.0262215844297711     
   1.0289321323057488     
   1.0287691252451610     
   1.0298968507996729     
   1.0304170158092671     
   1.0315429564500578     
   1.0309465349001117     
   1.0307670438030916     
   1.0312408942045721     
   1.0312951291793140     
   1.0313294776349957     
   1.0315901482449850     
   1.0305465466103423     
   1.0302811605913440     
   1.0294658424895164     
   1.0278187368911786     
   1.0273515631137018     
   1.0265217554016788     
   1.0252621563484055     
   1.0240634127847306     
   1.0225387969244502     
   1.0206349729384463     
   1.0198414456400717     
   1.0180283873804483     
   1.0172768928324580     
   1.0150522003230453     
   1.0128469625471330     
   1.0111723382125613     
   1.0104886173211911     
   1.0089743514918839     
   1.0064889635051002     
   1.0039578903517914     
   1.0013895422793915     
   1.0010581127688267     
   1.0001761018513979     
  0.99811231842735304     
  0.99680019516148000     
  0.99523454052552973     
  0.99424744457591530     
  0.99191732312967917     
  0.99132842518570163     
  0.98990677699971874     
  0.98790217429951144     
  0.98789581405593785     
  0.98691242892449504     
  0.98583238522382466     
  0.98499431905980162     
  0.98450365523859873     
  0.98382787593239340     
  0.98362320175663975     
  0.98318599600817980     
  0.98274448333042841     
  0.98216755270276324     
  0.98123868073139764     
  0.98179499958997007     
  0.98256059943779395     
  0.98269579760807457     
  0.98209742294645519     
  0.98207793272944366     
  0.98270771421058734     
  0.98406827688467213     
  0.98485719365858782     
  0.98508863658880619     
  0.98534639293300363     
  0.98587696918565215     
  0.98750772622700378     
  0.98817841808941742     
  0.98894956583039195     
  0.98967157372177805     
  0.99023410396765954     
  0.99184770202889450     
  0.99319053001480084     
  0.99482058431452414     
  0.99577539511720947     
  0.99703965503457093     
  0.99745395754734156     
  0.99881900125170631     
   1.0003522904072624     
   1.0006908105039216     
   1.0012762958122114     
   1.0034607901139132     
   1.0037791117937640     
   1.0045903369928706     
   1.0055337599534604     
   1.0066629658920885     
   1.0076398329815737     
   1.0093138974790317     
   1.0097020502712639     
   1.0105161802874512     
   1.0116673416709026     
   1.0122564175295092     
   1.0124489872191647     
   1.0124081179090580     
   1.0125432273613941     
   1.0138462204576866     
   1.0136495402823475     
   1.0127859755724431     
   1.0130910608841710     
   1.0127841528805865     
   1.0132679497713486     
   1.0127083969915360     
   1.0127889874867708     
   1.0127691594301078     
   1.0131661895480009     
   1.0132844252572595     
   1.0124054789692902     
   1.0121357448345303     
   1.0110528597557440     
   1.0100816644198674     
   1.0102063694516881     
   1.0097848689940516     
   1.0087183353493647     
   1.0059961026275084     
