 TEMP->   1.0000000000000000     
 DENSITY->  0.75000000000000000     
 N->         864
 CUTOFF->   3.2999999523162842     
 NUM_STEPS->       10000
   0.0000000000000000     
   0.0000000000000000     
   0.0000000000000000     
   0.0000000000000000     
   0.0000000000000000     
   0.0000000000000000     
   0.0000000000000000     
   0.0000000000000000     
   0.0000000000000000     
   0.0000000000000000     
   0.0000000000000000     
   0.0000000000000000     
   0.0000000000000000     
   0.0000000000000000     
   0.0000000000000000     
   0.0000000000000000     
   0.0000000000000000     
   0.0000000000000000     
   0.0000000000000000     
   0.0000000000000000     
   0.0000000000000000     
   0.0000000000000000     
   0.0000000000000000     
   0.0000000000000000     
   0.0000000000000000     
   0.0000000000000000     
   0.0000000000000000     
   0.0000000000000000     
   0.0000000000000000     
   0.0000000000000000     
   0.0000000000000000     
   0.0000000000000000     
   0.0000000000000000     
   0.0000000000000000     
   0.0000000000000000     
   0.0000000000000000     
   0.0000000000000000     
   0.0000000000000000     
   0.0000000000000000     
   0.0000000000000000     
   0.0000000000000000     
   0.0000000000000000     
   0.0000000000000000     
   0.0000000000000000     
   0.0000000000000000     
   0.0000000000000000     
   0.0000000000000000     
   0.0000000000000000     
   0.0000000000000000     
   0.0000000000000000     
   0.0000000000000000     
   0.0000000000000000     
   0.0000000000000000     
   0.0000000000000000     
   0.0000000000000000     
   0.0000000000000000     
   0.0000000000000000     
   0.0000000000000000     
   0.0000000000000000     
   0.0000000000000000     
   0.0000000000000000     
   0.0000000000000000     
   0.0000000000000000     
   0.0000000000000000     
   0.0000000000000000     
   0.0000000000000000     
   0.0000000000000000     
   0.0000000000000000     
   0.0000000000000000     
   0.0000000000000000     
   0.0000000000000000     
   0.0000000000000000     
   0.0000000000000000     
   0.0000000000000000     
   0.0000000000000000     
   0.0000000000000000     
   0.0000000000000000     
   0.0000000000000000     
   0.0000000000000000     
   0.0000000000000000     
   0.0000000000000000     
   0.0000000000000000     
   0.0000000000000000     
   0.0000000000000000     
   0.0000000000000000     
   0.0000000000000000     
   0.0000000000000000     
   2.2481744430571769E-005
   2.9197420170413638E-004
   1.6177545021296787E-003
   5.6532896076769337E-003
   1.6235808446157789E-002
   4.1211057449612752E-002
   8.9615731346284005E-002
  0.17218712108335474     
  0.29626189035152956     
  0.46418655062171982     
  0.67348787938388899     
  0.91404751693334740     
   1.1752844114255618     
   1.4395305636576994     
   1.6866965038393029     
   1.9180569078945306     
   2.1102301786432220     
   2.2685506309193211     
   2.3864754732372031     
   2.4712937646812057     
   2.5141976784867373     
   2.5305059011223512     
   2.5194676240452059     
   2.4805492283321446     
   2.4304475628659250     
   2.3538705604069063     
   2.2786620558311057     
   2.1975121721606863     
   2.1234952095673840     
   2.0406078832513859     
   1.9603241512894740     
   1.8776573315397100     
   1.7913948280427334     
   1.7189952537006996     
   1.6426935484947882     
   1.5725046220852190     
   1.5071599382049905     
   1.4426864753341677     
   1.3825772346292342     
   1.3284526672373558     
   1.2727303615312739     
   1.2235472584415530     
   1.1789822198156705     
   1.1396308572563243     
   1.0967567753212493     
   1.0607679765948543     
   1.0272742654635325     
  0.99333310884403148     
  0.96310551365589769     
  0.93999378807326162     
  0.91124492922319467     
  0.88917842479589460     
  0.86676675932695446     
  0.84621744008150668     
  0.83153948341761119     
  0.81376303290847807     
  0.79899201674621323     
  0.78361783578135591     
  0.77044662853063250     
  0.75905593948116679     
  0.75086459177939879     
  0.74038902813376817     
  0.73072521979706695     
  0.72308237144026688     
  0.71632797650112912     
  0.70695162486438645     
  0.70116638518349572     
  0.70133675524193406     
  0.69523849205409749     
  0.69656326934946244     
  0.69407132258954596     
  0.69174028183386904     
  0.69136539337137826     
  0.69401403167089171     
  0.69864662173543901     
  0.70139025175562575     
  0.70573755603117561     
  0.71168776756484176     
  0.71546444399414655     
  0.72347928319437738     
  0.72942580721759143     
  0.73482380624563881     
  0.74344353949121567     
  0.75180939652191903     
  0.76158882280102580     
  0.77490030427072243     
  0.78621083228783228     
  0.79503323128090975     
  0.80638871861070183     
  0.81785567930405001     
  0.83156197446014746     
  0.84380320064126546     
  0.85664345235267159     
  0.87210594613418480     
  0.88631147488626494     
  0.90140773669628083     
  0.91573687176509788     
  0.93246193195658500     
  0.94796516934503161     
  0.96295026483123014     
  0.97730660995071672     
  0.99258033032313331     
   1.0082757997634257     
   1.0188888776050458     
   1.0328138051145201     
   1.0465915602219544     
   1.0608989237848738     
   1.0766118058116756     
   1.0880059892984526     
   1.0979890514821731     
   1.1139738586878849     
   1.1279790442963720     
   1.1382266601206292     
   1.1469914921989668     
   1.1559966558420391     
   1.1669127859279353     
   1.1729157547807632     
   1.1791591360091218     
   1.1839237829098397     
   1.1883922809306395     
   1.1942275555080648     
   1.1986622625693657     
   1.1998145313137463     
   1.1982393629176109     
   1.1973378420974148     
   1.1920090055690296     
   1.1882085711560761     
   1.1835826226294697     
   1.1792606756370443     
   1.1758744100751031     
   1.1695630767412013     
   1.1624112797889778     
   1.1531168042088789     
   1.1438567611254427     
   1.1343251307595648     
   1.1256046896083518     
   1.1175813253164733     
   1.1062529497285998     
   1.0941715335752447     
   1.0846003225966194     
   1.0771981513027551     
   1.0638207067991934     
   1.0542218614916363     
   1.0440475578300423     
   1.0332550234756916     
   1.0223316594375000     
   1.0142419057306444     
   1.0046625681685788     
  0.99483614195100500     
  0.98681110491978663     
  0.97868077886608207     
  0.96959791439415588     
  0.96287175032220407     
  0.95564850078979147     
  0.95014115780858865     
  0.94291695265997300     
  0.93991052179543899     
  0.93362111759204536     
  0.92868019346684572     
  0.92409287477755597     
  0.92084500340030895     
  0.91888364503213227     
  0.91690354254185880     
  0.91096986634842980     
  0.90942741000431426     
  0.90888815554052016     
  0.90794759597070118     
  0.90589011039303613     
  0.90722966354747681     
  0.90664762874282967     
  0.90615924836230244     
  0.90642624521738213     
  0.90884582886012000     
  0.90961523220473606     
  0.91227657378242355     
  0.91454808525541831     
  0.91564828848744395     
  0.91687023130940626     
  0.92056465823437672     
  0.92338368748332134     
  0.92693799274063315     
  0.93110111065742873     
  0.93396432047510736     
  0.93945735196154267     
  0.94267161446606529     
  0.94537769492263135     
  0.95165279813751313     
  0.95520281423147624     
  0.96004572599038762     
  0.96551288276514524     
  0.96901801625543837     
  0.97457303957515895     
  0.98033299511885597     
  0.98596587165853133     
  0.98904268319259114     
  0.99498176784508274     
  0.99818514502581102     
   1.0008559903974494     
   1.0065438595634897     
   1.0123266840113110     
   1.0170454315031676     
   1.0208334496807028     
   1.0266708807913960     
   1.0283199343453402     
   1.0328585887111108     
   1.0363153807139656     
   1.0387197801683457     
   1.0406534634704572     
   1.0431339359724798     
   1.0451388895258480     
   1.0462904395994697     
   1.0501727442043125     
   1.0517090746026414     
   1.0513339740665149     
   1.0512101242225917     
   1.0524490991378694     
   1.0533737213208691     
   1.0538704893793840     
   1.0519403807669641     
   1.0518928738594224     
   1.0534420286587916     
   1.0542390310443566     
   1.0524739710638717     
   1.0506401143313582     
   1.0484984023578556     
   1.0469003785941733     
   1.0461515268552726     
   1.0454919485401388     
   1.0447302748408547     
   1.0425998822157161     
   1.0384370580189817     
   1.0366122944375955     
   1.0343973553738923     
   1.0338640732060917     
   1.0303777266970626     
   1.0284667869495163     
   1.0252373756988724     
   1.0231735782953411     
   1.0191783091315427     
   1.0158738014392681     
   1.0135257334375165     
   1.0097051247257389     
   1.0079645525306906     
   1.0066578477919592     
   1.0017442277736983     
  0.99850861875674013     
  0.99579582678634448     
  0.99788974409624087     
  0.99390030826805142     
  0.99049131450366634     
  0.98880025592164078     
  0.98715134854227138     
  0.98441153767667411     
  0.98157188556491670     
  0.98170800688134463     
  0.97916178055103853     
  0.97801874762610930     
  0.97627099267206352     
  0.97402134438842092     
  0.97387447795920945     
  0.97290761347591792     
  0.97309063390188910     
  0.97363609868899326     
  0.97357984913319950     
  0.97341553556931648     
  0.97088229206860965     
  0.96999020716022488     
  0.96992782554968549     
  0.97024129019099625     
  0.97172799012563593     
  0.97235520843728807     
  0.97304296873012130     
  0.97507145192717593     
  0.97489284608782245     
  0.97564172370522662     
  0.97533364520736532     
  0.97593573659462707     
  0.97746062661962674     
  0.97783162247851407     
  0.98016604182763301     
  0.98083401211081178     
  0.98254759719336426     
  0.98438876017822052     
  0.98609114414382848     
  0.98805457905970162     
  0.98805661729125116     
  0.98966487533127823     
  0.99199771582659713     
  0.99302299457303811     
  0.99470946278108396     
  0.99564668666903799     
  0.99622715256311922     
  0.99937262134402471     
   1.0007542274334498     
   1.0013353615172669     
   1.0042503712071509     
   1.0059075802756605     
   1.0087142223645422     
   1.0084219866935884     
   1.0098697003659749     
   1.0110357226744036     
   1.0131121677278827     
   1.0149922302092973     
   1.0140131797039533     
   1.0139530246121427     
   1.0137717806284778     
   1.0153778824381734     
   1.0156725309430163     
   1.0169003996986008     
   1.0180615275845453     
   1.0189489617777170     
   1.0186521168228497     
   1.0191893059881132     
   1.0190567556724059     
   1.0176591726910953     
   1.0183787027658400     
   1.0170652371754150     
   1.0175532922898682     
   1.0189603079613863     
   1.0179315278040013     
   1.0175190863304959     
   1.0170215592329177     
   1.0162079351826074     
   1.0154298497377656     
   1.0146465899068347     
   1.0146675185209315     
   1.0131318287792739     
   1.0121302460548358     
   1.0113424831444275     
   1.0108204965167817     
   1.0103181398141172     
   1.0096701836055106     
   1.0103509015874719     
   1.0081513684056511     
   1.0077340058839830     
   1.0060754592469356     
   1.0051188926556045     
   1.0047706670476093     
   1.0036338053528004     
   1.0035279636360952     
   1.0019446175237949     
   1.0022620846553021     
   1.0002535586605648     
  0.99884168611617674     
  0.99984522679975185     
  0.99925517408832676     
  0.99904853963906226     
  0.99627255876617127     
  0.99662712408094611     
  0.99600509629981404     
  0.99568691339448634     
  0.99432760090818284     
  0.99396493562737864     
  0.99346541983500403     
  0.99262340592711984     
  0.99125429849007018     
  0.99094493089326696     
  0.99141920749121637     
  0.98971381345982901     
  0.98978169475209177     
  0.99011965998848150     
  0.98956010236555092     
  0.99096165106410872     
  0.99179046739262988     
  0.99156003815075489     
  0.99151073932353095     
  0.99106951399780607     
  0.99085397486265503     
  0.99097612414375180     
  0.99136002905807674     
  0.99186433485965320     
  0.99230592141615270     
  0.99122401861354292     
  0.99292053795136570     
  0.99439944635276811     
  0.99469675196320706     
  0.99469494595101815     
  0.99517330658806957     
  0.99459813462018731     
  0.99619789235761969     
  0.99723089745694538     
  0.99763265844641436     
  0.99634053072615791     
  0.99651626217753653     
  0.99771782285858601     
  0.99906054872317396     
  0.99940879935842242     
  0.99929397327917524     
  0.99923761193322291     
  0.99991953044403370     
   1.0013159040749700     
   1.0009153540117230     
   1.0007892065440069     
   1.0016425062377714     
   1.0022045449170651     
   1.0031467651812842     
   1.0036499897141129     
   1.0047033472249964     
   1.0055179424585468     
   1.0055608150611317     
   1.0055412787641247     
   1.0056714396502984     
   1.0072082330296146     
   1.0073295661828152     
   1.0078872065414914     
   1.0072414555112876     
   1.0072448945994745     
   1.0073848708601749     
   1.0078057545471035     
   1.0070828241929255     
   1.0073913787138995     
   1.0072482335541320     
   1.0068301882077251     
   1.0061030407351044     
   1.0070658861604382     
   1.0068848451257466     
   1.0059126068700319     
   1.0061078923645019     
   1.0069706354056027     
   1.0061527706417797     
   1.0064554176944498     
   1.0069794648550470     
   1.0060270262967044     
   1.0054214407407067     
   1.0058447530860073     
   1.0044534605226760     
   1.0049020022023449     
   1.0043184973646500     
   1.0043744006538891     
   1.0039423931177396     
   1.0044268788916153     
   1.0036400614647278     
   1.0030848271025596     
   1.0023467366400003     
   1.0019569210175157     
   1.0021725110716766     
   1.0016013150077328     
  0.99944161211375715     
