 TEMP->   2.0000000000000000     
 DENSITY->  0.60000002384185791     
 N->         864
 CUTOFF->   3.2999999523162842     
 NUM_STEPS->       10000
   0.0000000000000000     
   0.0000000000000000     
   0.0000000000000000     
   0.0000000000000000     
   0.0000000000000000     
   0.0000000000000000     
   0.0000000000000000     
   0.0000000000000000     
   0.0000000000000000     
   0.0000000000000000     
   0.0000000000000000     
   0.0000000000000000     
   0.0000000000000000     
   0.0000000000000000     
   0.0000000000000000     
   0.0000000000000000     
   0.0000000000000000     
   0.0000000000000000     
   0.0000000000000000     
   0.0000000000000000     
   0.0000000000000000     
   0.0000000000000000     
   0.0000000000000000     
   0.0000000000000000     
   0.0000000000000000     
   0.0000000000000000     
   0.0000000000000000     
   0.0000000000000000     
   0.0000000000000000     
   0.0000000000000000     
   0.0000000000000000     
   0.0000000000000000     
   0.0000000000000000     
   0.0000000000000000     
   0.0000000000000000     
   0.0000000000000000     
   0.0000000000000000     
   0.0000000000000000     
   0.0000000000000000     
   0.0000000000000000     
   0.0000000000000000     
   0.0000000000000000     
   0.0000000000000000     
   0.0000000000000000     
   0.0000000000000000     
   0.0000000000000000     
   0.0000000000000000     
   0.0000000000000000     
   0.0000000000000000     
   0.0000000000000000     
   0.0000000000000000     
   0.0000000000000000     
   0.0000000000000000     
   0.0000000000000000     
   0.0000000000000000     
   0.0000000000000000     
   0.0000000000000000     
   0.0000000000000000     
   0.0000000000000000     
   0.0000000000000000     
   0.0000000000000000     
   0.0000000000000000     
   0.0000000000000000     
   0.0000000000000000     
   0.0000000000000000     
   0.0000000000000000     
   0.0000000000000000     
   0.0000000000000000     
   0.0000000000000000     
   0.0000000000000000     
   0.0000000000000000     
   0.0000000000000000     
   0.0000000000000000     
   0.0000000000000000     
   0.0000000000000000     
   0.0000000000000000     
   0.0000000000000000     
   0.0000000000000000     
   0.0000000000000000     
   0.0000000000000000     
   0.0000000000000000     
   0.0000000000000000     
   0.0000000000000000     
   1.7633767430773866E-005
   1.4636039315686584E-004
   7.5262539788273797E-004
   2.6290922643688848E-003
   8.1335736440041034E-003
   2.1560567209960631E-002
   4.6318581165174975E-002
   9.0391083430556657E-002
  0.15746428011778549     
  0.25401989004362291     
  0.37293711267849716     
  0.52270989912668886     
  0.68125551629016867     
  0.85871154961637663     
   1.0287748754627022     
   1.1948123950279244     
   1.3510948060169439     
   1.4869984513299528     
   1.6143716329404059     
   1.7064112271663945     
   1.7870173205200999     
   1.8455199693844822     
   1.8876060681373095     
   1.9124200050038227     
   1.9254715863326646     
   1.9247455060136001     
   1.9050035652038368     
   1.8864507107721655     
   1.8669856725445162     
   1.8262558645785421     
   1.7941286286167948     
   1.7630277993649719     
   1.7206110482386792     
   1.6814432079871937     
   1.6413746415152879     
   1.5984296539604199     
   1.5601257900037577     
   1.5219027120807238     
   1.4831536261847715     
   1.4387148353456067     
   1.4031688824512545     
   1.3700659485752484     
   1.3386826624805319     
   1.3025540056396316     
   1.2708157216824696     
   1.2397753472786130     
   1.2108122972482702     
   1.1893759825830001     
   1.1623826378437154     
   1.1416452865067177     
   1.1220587674716258     
   1.0978631105074135     
   1.0792322570838859     
   1.0599585418683777     
   1.0423632521105537     
   1.0235341862952629     
   1.0078731700676957     
  0.99069983043042020     
  0.97838600486912708     
  0.96405309284040319     
  0.95021882321675544     
  0.93910125230522057     
  0.92629943454007380     
  0.92146761206340144     
  0.91002421385807486     
  0.90019826127647040     
  0.89266387787106594     
  0.88558613179587975     
  0.87841464241899481     
  0.87057734832884248     
  0.86403005455610415     
  0.86160400317068020     
  0.85714247648266906     
  0.85367426445602634     
  0.84803778326413692     
  0.84563418203550722     
  0.84487560253487159     
  0.84264316540709883     
  0.84457868725704743     
  0.84160606473713651     
  0.84280043572209817     
  0.84233729394198054     
  0.84036606162224303     
  0.84383738224980609     
  0.84367904184358122     
  0.84496762273182202     
  0.84485339026133188     
  0.84646740762814054     
  0.85310187529658044     
  0.85603571011103541     
  0.85814087660420635     
  0.86230587326113672     
  0.86791519459261179     
  0.87239223582769831     
  0.87863351005215129     
  0.88407956195501924     
  0.88896751513307226     
  0.89734891770805481     
  0.90426425026658674     
  0.91001385489751441     
  0.91710369451294194     
  0.92620894275780241     
  0.93202357978630268     
  0.94010310460466684     
  0.95057882557551387     
  0.95184667325066319     
  0.95911115419397541     
  0.96830710176219859     
  0.97689456699559341     
  0.98662870065899511     
  0.99459947404335458     
   1.0041217537676650     
   1.0097522142466298     
   1.0182882455603302     
   1.0256678600768290     
   1.0314714002927585     
   1.0357141446216482     
   1.0426417171477917     
   1.0463923741060825     
   1.0514394451553666     
   1.0568862577069618     
   1.0603868483811192     
   1.0641464331213848     
   1.0676358701310573     
   1.0727706147061988     
   1.0743754745146228     
   1.0751774617987375     
   1.0771907205674562     
   1.0800379855538709     
   1.0780050480150694     
   1.0781346866264332     
   1.0793440442466520     
   1.0790324633360211     
   1.0796228924661075     
   1.0762844191886742     
   1.0738012184698857     
   1.0716916920025907     
   1.0697076693464176     
   1.0667471619923032     
   1.0642174898886687     
   1.0624163605135066     
   1.0583991810308446     
   1.0547226106811891     
   1.0522696230982711     
   1.0488253594883616     
   1.0450436160075309     
   1.0423995157259167     
   1.0381506914298244     
   1.0362509880029265     
   1.0323923225155354     
   1.0293429582194027     
   1.0259362483169581     
   1.0225119183179334     
   1.0206061820210255     
   1.0173519077581223     
   1.0127183079915318     
   1.0095738056909449     
   1.0076262015711313     
   1.0046216095696221     
   1.0001315965168667     
  0.99613956328771991     
  0.99651157822500325     
  0.99399011765080703     
  0.99277622595790627     
  0.98889507812396737     
  0.98732080138681633     
  0.98648552080108420     
  0.98575111107016633     
  0.98363119090291862     
  0.98257255177877667     
  0.97838574711795845     
  0.97773788415068363     
  0.97761116784763435     
  0.97795378027293567     
  0.97682827338912026     
  0.97678608588034843     
  0.97648685943249314     
  0.97503605795838089     
  0.97409889990613496     
  0.97564165169735129     
  0.97517939156667321     
  0.97716446365691867     
  0.97747691450408003     
  0.97657525477668350     
  0.97472203141124514     
  0.97358725152149617     
  0.97777596906605002     
  0.97642665769017478     
  0.97591338226506030     
  0.97816789339259780     
  0.97846131098171962     
  0.97927314780692842     
  0.98068970670137401     
  0.98183866874442427     
  0.98340225197269127     
  0.98428364853626327     
  0.98290150539951260     
  0.98385012824653917     
  0.98452387906603411     
  0.98733796411597041     
  0.98868172011663791     
  0.98947297997084604     
  0.98858894667548958     
  0.98949953416968062     
  0.98960714557791851     
  0.99417746058463596     
  0.99496876066828133     
  0.99728230584358613     
  0.99918624755808039     
   1.0012754794755052     
   1.0007654362437162     
   1.0037154790417140     
   1.0036512118322580     
   1.0061976894819933     
   1.0068484404975979     
   1.0074668657204668     
   1.0084781248580452     
   1.0066502291793509     
   1.0102012957119064     
   1.0095522733477873     
   1.0088354654376515     
   1.0102229091709440     
   1.0103454779595447     
   1.0111654099977481     
   1.0120115096590965     
   1.0136402336327215     
   1.0121630914214033     
   1.0119164478881051     
   1.0132080708313103     
   1.0136079323325780     
   1.0126338610059002     
   1.0124182934898887     
   1.0127606878600866     
   1.0125550808278476     
   1.0129969739174578     
   1.0120350267561824     
   1.0117484615244792     
   1.0125116120799083     
   1.0111578760024906     
   1.0088359442448374     
   1.0108748689198439     
   1.0086285759810820     
   1.0096178972606153     
   1.0097120648445079     
   1.0081318711187925     
   1.0093344054840336     
   1.0087400497626122     
   1.0089518458616593     
   1.0080314871397991     
   1.0066999695937053     
   1.0046787021337795     
   1.0051804176592722     
   1.0048923493624957     
   1.0030532742784777     
   1.0025745480598938     
   1.0017870090834107     
   1.0028601806209347     
   1.0019278931961324     
   1.0009582113817914     
   1.0006731821603136     
  0.99912827773386215     
  0.99819589248829432     
  0.99894823181174897     
  0.99987879612925012     
   1.0001559619995297     
   1.0001816673699693     
  0.99878207420798226     
  0.99870068581695814     
  0.99903219696396839     
  0.99808997902989516     
  0.99897266877098367     
  0.99782248350091540     
  0.99787597030671782     
  0.99691263837577271     
  0.99683332382557699     
  0.99588368238940728     
  0.99716164398533191     
  0.99675881409615563     
  0.99742545841618024     
  0.99575110623674401     
  0.99609339235236694     
  0.99687014580927036     
  0.99764604557756198     
  0.99731079504414810     
  0.99731261959291362     
  0.99727212072563443     
  0.99755176510735100     
  0.99768085936899942     
  0.99838496013571376     
  0.99804638320002470     
  0.99719541873805229     
  0.99669498990441219     
  0.99720877105402073     
  0.99862263299245146     
  0.99784894173347338     
  0.99647967994656494     
  0.99759197838028324     
  0.99870261128296434     
  0.99863334179616969     
  0.99932299607491848     
  0.99895424658141119     
  0.99940160879600959     
   1.0003243827675732     
   1.0002158131837562     
   1.0001939084668545     
  0.99999504007059814     
   1.0001730080739861     
   1.0002205429321418     
   1.0003303447973408     
   1.0005279968685963     
   1.0007045680703439     
   1.0008639259728040     
   1.0030450240237796     
   1.0021435892619588     
   1.0024027724467475     
   1.0016671608927743     
   1.0018694372058714     
   1.0026556522667533     
   1.0048362100572010     
   1.0030713603929184     
   1.0029610688246646     
   1.0025736039729969     
   1.0025011441982303     
   1.0040820540562905     
   1.0044829674765960     
   1.0047360434100248     
   1.0042554211143260     
   1.0027439063857710     
   1.0018879419366751     
   1.0024051270484939     
   1.0024750569459475     
   1.0026823829120461     
   1.0028867842664568     
   1.0033902199263651     
   1.0024664531139214     
   1.0025261589075645     
   1.0038513683791768     
   1.0040795914143017     
   1.0019969946232281     
   1.0016807160098129     
   1.0010698775320324     
   1.0013082264550750     
   1.0016716407975290     
   1.0016009099702095     
   1.0023550823069995     
   1.0018893781234037     
   1.0019001751740626     
   1.0017264166214861     
   1.0017513416266346     
   1.0017337768410355     
   1.0011085512454851     
   1.0011228608758385     
   1.0007111169260887     
   1.0009271066427399     
   1.0012835432991545     
   1.0007508102123042     
   1.0009399163052279     
   1.0000170346479271     
   1.0014362560707786     
   1.0012468402943531     
   1.0006607777945706     
   1.0002846847484259     
   1.0001092497052946     
  0.99974989807463843     
   1.0004087537513557     
   1.0007217442038356     
   1.0000566689556354     
  0.99972188016188701     
   1.0009284473473439     
   1.0015090360730563     
   1.0010490825557754     
   1.0012088642351602     
   1.0011851562185492     
   1.0008626621628294     
   1.0004237205095861     
   1.0005013470027306     
   1.0007152706235531     
   1.0010179130937400     
   1.0010835493808510     
   1.0006817417689624     
   1.0015334095130706     
   1.0003179357695622     
  0.99892137856410834     
  0.99977908174733476     
   1.0002708339326922     
   1.0003414980855010     
   1.0004772249738800     
  0.99931855873059894     
   1.0001281423235522     
   1.0014431641188279     
   1.0005842849201509     
   1.0012883599734808     
   1.0003044805120702     
   1.0013806804876608     
   1.0001690910760044     
   1.0012168526256511     
   1.0003722584968744     
   1.0003566041531815     
   1.0016116774682515     
   1.0004556939948859     
   1.0010745137708708     
   1.0008515139376517     
   1.0013832645021994     
   1.0007510661199333     
   1.0014220135879264     
   1.0011811935275052     
   1.0014474780056271     
   1.0020520433218225     
   1.0016667365755485     
   1.0021933671741505     
   1.0019382755313422     
   1.0005725473733520     
   1.0001895360213184     
   1.0010037170084931     
   1.0004913775937452     
   1.0007367598214187     
   1.0004423046540103     
   1.0008800146925554     
   1.0014558695674745     
   1.0007877082455110     
   1.0016230381589319     
   1.0025333732544792     
   1.0033358115326501     
   1.0017031883386132     
   1.0010233080478723     
   1.0006957339247933     
   1.0001620835515959     
   1.0005711753410076     
   1.0009331239887154     
   1.0009898512360069     
   1.0002329476445615     
   1.0013085082481181     
   1.0010950822408202     
   1.0014124824963146     
   1.0016043797437715     
   1.0021506892282228     
   1.0015864456716363     
   1.0009931552182867     
   1.0009358044894321     
   1.0009995698767882     
   1.0016283273709332     
   1.0010384522665778     
   1.0016649265936239     
   1.0018273572692167     
   1.0006221221689595     
   1.0011742556670162     
   1.0015864892408446     
   1.0022899394498457     
   1.0008882412207152     
   1.0025350924788257     
   1.0020123576744173     
   1.0020704988985412     
   1.0014779929839928     
   1.0004747975090142     
   1.0012352242255660     
   1.0008194909345240     
   1.0017185129911579     
   1.0017550779474236     
   1.0014515143966760     
   1.0009267750400819     
   1.0006651797671855     
   1.0021255164994587     
   1.0016969767081918     
   1.0016347356064679     
   1.0006342868422460     
   1.0007568602450942     
   1.0008591901323001     
   1.0002669193164535     
   1.0004085603290922     
   1.0011615748313634     
  0.99998093607788940     
  0.99952375320403730     
  0.99959926400109023     
  0.99989684511362009     
  0.99954730455325658     
  0.99882797567426651     
  0.99887473708026475     
  0.99988066146376686     
   1.0002205915832310     
  0.99980883410141475     
   1.0000060464879179     
  0.99885175974137907     
