 TEMP->   3.0000000000000000     
 DENSITY->  0.30000001192092896     
 N->         864
 CUTOFF->   3.2999999523162842     
 NUM_STEPS->       10000
   0.0000000000000000     
   0.0000000000000000     
   0.0000000000000000     
   0.0000000000000000     
   0.0000000000000000     
   0.0000000000000000     
   0.0000000000000000     
   0.0000000000000000     
   0.0000000000000000     
   0.0000000000000000     
   0.0000000000000000     
   0.0000000000000000     
   0.0000000000000000     
   0.0000000000000000     
   0.0000000000000000     
   0.0000000000000000     
   0.0000000000000000     
   0.0000000000000000     
   0.0000000000000000     
   0.0000000000000000     
   0.0000000000000000     
   0.0000000000000000     
   0.0000000000000000     
   0.0000000000000000     
   0.0000000000000000     
   0.0000000000000000     
   0.0000000000000000     
   0.0000000000000000     
   0.0000000000000000     
   0.0000000000000000     
   0.0000000000000000     
   0.0000000000000000     
   0.0000000000000000     
   0.0000000000000000     
   0.0000000000000000     
   0.0000000000000000     
   0.0000000000000000     
   0.0000000000000000     
   0.0000000000000000     
   0.0000000000000000     
   0.0000000000000000     
   0.0000000000000000     
   0.0000000000000000     
   0.0000000000000000     
   0.0000000000000000     
   0.0000000000000000     
   0.0000000000000000     
   0.0000000000000000     
   0.0000000000000000     
   0.0000000000000000     
   0.0000000000000000     
   0.0000000000000000     
   0.0000000000000000     
   0.0000000000000000     
   0.0000000000000000     
   0.0000000000000000     
   0.0000000000000000     
   0.0000000000000000     
   0.0000000000000000     
   0.0000000000000000     
   0.0000000000000000     
   0.0000000000000000     
   0.0000000000000000     
   0.0000000000000000     
   0.0000000000000000     
   0.0000000000000000     
   0.0000000000000000     
   0.0000000000000000     
   0.0000000000000000     
   0.0000000000000000     
   0.0000000000000000     
   0.0000000000000000     
   0.0000000000000000     
   0.0000000000000000     
   0.0000000000000000     
   0.0000000000000000     
   0.0000000000000000     
   0.0000000000000000     
   0.0000000000000000     
   0.0000000000000000     
   0.0000000000000000     
   3.7019695124156165E-005
   1.3547882641235605E-004
   5.9073120893092480E-004
   2.2728908113772116E-003
   6.7189686358470162E-003
   1.6136053772564045E-002
   3.3449622705746418E-002
   6.4571818870166067E-002
  0.11131654706335239     
  0.17287116445840586     
  0.24945519818710904     
  0.34545153165169940     
  0.45176328797689758     
  0.56759876646154750     
  0.68342253318897117     
  0.80029611229228426     
  0.91561187015336709     
   1.0213578855421264     
   1.1217702248699806     
   1.2045163711582449     
   1.2788890370475645     
   1.3317540911934667     
   1.3895548551648922     
   1.4170728719505044     
   1.4514272911043979     
   1.4729742570780913     
   1.4872481914475923     
   1.4926541319957833     
   1.4961952531444500     
   1.4931062902405574     
   1.4848235954795026     
   1.4870604773177025     
   1.4790006493515508     
   1.4545969888844368     
   1.4435960172738644     
   1.4312575756463177     
   1.4146667652819722     
   1.3994366525524173     
   1.3868794034791536     
   1.3644049375449150     
   1.3472766332626929     
   1.3330100850972744     
   1.3155971568929414     
   1.3002391080021793     
   1.2786991223169051     
   1.2713202457678272     
   1.2582931809273592     
   1.2349392953043212     
   1.2199837014161565     
   1.2049426679899893     
   1.1895870844918364     
   1.1702631894416671     
   1.1571566803145399     
   1.1493825753342750     
   1.1372814181459292     
   1.1305835128340689     
   1.1223466997325755     
   1.1102103317238452     
   1.0970196815551818     
   1.0985215820611385     
   1.0856501506869531     
   1.0721708006124067     
   1.0637726921761685     
   1.0576380273785069     
   1.0539810650033725     
   1.0480450997303397     
   1.0409068247585964     
   1.0349746048852073     
   1.0286150980582174     
   1.0258989045218625     
   1.0183355434387564     
   1.0170062426938957     
   1.0097026388276835     
   1.0050492927630641     
  0.99547425689736391     
  0.99207234919140008     
  0.98944700841769206     
  0.98215948123352514     
  0.98148852043110801     
  0.97726194168383884     
  0.97631699676038208     
  0.97117041467723741     
  0.97018340164466621     
  0.96995045745447761     
  0.96998669410299743     
  0.96458800390233368     
  0.95808524291107977     
  0.95876581081038048     
  0.95851635731029750     
  0.95148852150217911     
  0.95043829745998587     
  0.95153206283444502     
  0.94929459190598309     
  0.95131960329393750     
  0.95282579935548317     
  0.95057833708896677     
  0.95529821781664803     
  0.95139660637452583     
  0.95359720199249531     
  0.95643606212190124     
  0.95814880745763398     
  0.95880691650676420     
  0.96050197413148053     
  0.96106384612107587     
  0.96049306125286293     
  0.96531922520387026     
  0.96696302067114492     
  0.97074430094056119     
  0.97084000055527342     
  0.96988246625433361     
  0.97172151993800959     
  0.97653248672986581     
  0.98073756915990040     
  0.98490226597551012     
  0.98489195239588834     
  0.98437550035797650     
  0.98969112667798709     
  0.99022408940929352     
  0.99286057604832556     
  0.99586784842656795     
  0.99696041227256593     
  0.99835615864730598     
   1.0023067965360766     
   1.0064486425937285     
   1.0037097201271243     
   1.0039159630065897     
   1.0037418064995915     
   1.0035318670247291     
   1.0041975930960958     
   1.0073567270137329     
   1.0094686178973815     
   1.0095318027291851     
   1.0128280300345953     
   1.0121951797709898     
   1.0156882098285660     
   1.0139469627141142     
   1.0136553392694387     
   1.0163138273566379     
   1.0136634423525812     
   1.0158478139452631     
   1.0139858567574380     
   1.0162735788301787     
   1.0177328488328807     
   1.0190953556049007     
   1.0187931181732617     
   1.0174667133120214     
   1.0173060215632033     
   1.0158764483668694     
   1.0136814702549448     
   1.0114793170565366     
   1.0124753052565938     
   1.0153716424611090     
   1.0141426459437963     
   1.0145800764980020     
   1.0164721114873911     
   1.0130742480236987     
   1.0162778751556880     
   1.0137131064188905     
   1.0159183251710535     
   1.0128175241562445     
   1.0111824317186813     
   1.0091969313006106     
   1.0093010737331554     
   1.0088391367013478     
   1.0110235253767241     
   1.0086301608556849     
   1.0067200774923848     
   1.0049742572902580     
   1.0082347145646595     
   1.0051854820863719     
   1.0034978503128467     
   1.0013454467565290     
   1.0048272348777558     
   1.0027756465184789     
   1.0002271770183879     
   1.0013309511510582     
   1.0006342682268772     
   1.0008420104968498     
   1.0000418829385735     
   1.0026523858863949     
  0.99989256566628626     
   1.0001190960398485     
   1.0010243476050154     
   1.0006422373022563     
  0.99942468762923042     
  0.99751860655470126     
  0.99646354307153662     
  0.99688446735198732     
  0.99621626805217722     
  0.99904584392007145     
  0.99728251256927491     
  0.99413641696819743     
  0.99506359233320396     
  0.99673165043182865     
  0.99648405605420698     
  0.99505689520511698     
  0.99761185978018785     
  0.99535624862224248     
  0.99441280177303426     
  0.99596470115851654     
  0.99626472375899566     
  0.99579376222936777     
  0.99587752280345110     
  0.99575170494445686     
  0.99587999571879982     
  0.99377814745561766     
  0.99495675932481398     
  0.99688176431630182     
  0.99940854221450504     
  0.99802422540844227     
  0.99939026159714250     
  0.99974575933554244     
  0.99897137557132554     
  0.99888046934761987     
  0.99834762252771236     
  0.99905160219684352     
  0.99952978838280104     
   1.0005766242381393     
   1.0015796777857129     
   1.0000556298966987     
   1.0005929995869893     
   1.0008837558108696     
   1.0020479164463161     
   1.0011862203859683     
  0.99922685659188681     
   1.0013720245649469     
   1.0012590685917122     
   1.0021574174012828     
   1.0012976001576075     
   1.0027005451706690     
   1.0011734025829957     
  0.99909884454247100     
  0.99844705121240185     
  0.99914319210542735     
   1.0002174415163108     
   1.0004211303129664     
   1.0030111957657024     
   1.0013240614380789     
   1.0009156474466161     
   1.0009398729721637     
   1.0005792609326889     
   1.0012328954649499     
   1.0017436191923117     
  0.99995925435415012     
   1.0016968545004541     
   1.0018345670843911     
   1.0020952082398782     
   1.0019666808894014     
   1.0016530873433858     
   1.0026345460865087     
   1.0017421741347474     
   1.0039784397722040     
   1.0037938153283714     
   1.0041708785048071     
   1.0034917764640774     
   1.0038068161560671     
   1.0034642191145851     
   1.0040411189801151     
   1.0033111241078116     
   1.0037213529557218     
   1.0025255924282088     
   1.0014330444894968     
   1.0013026555020805     
   1.0011864267448150     
   1.0004599611628739     
   1.0005403178364494     
  0.99810771441317903     
  0.99930197207088534     
   1.0019745135043707     
   1.0012386837508818     
  0.99940536004366554     
   1.0000295750284744     
   1.0010975893672023     
  0.99968204514512160     
   1.0010911874832413     
   1.0016242831363118     
   1.0025710525366058     
   1.0002367845380817     
  0.99946404251353271     
  0.99816083899087871     
  0.99868990569190963     
  0.99854301265176004     
  0.99866827609587860     
  0.99760976068805640     
  0.99831029332385413     
  0.99947162255264843     
   1.0005855175704093     
  0.99988489432768080     
   1.0000781496016753     
  0.99814369002837688     
  0.99917357754254965     
  0.99865223003690806     
  0.99894000461908028     
   1.0009150681313093     
   1.0016817244894467     
   1.0004841559933404     
  0.99953194811716717     
  0.99981376991691984     
  0.99870773657890355     
  0.99804151098286509     
  0.99847009356750960     
  0.99849694158049562     
  0.99819393776513610     
  0.99758576466117344     
  0.99881371115606787     
  0.99898763705886362     
  0.99994560918957287     
  0.99969812410832892     
   1.0000530678512567     
   1.0002183257127060     
  0.99974437565390550     
  0.99881893881099404     
   1.0000842440239701     
   1.0014886140903263     
   1.0018595325960888     
   1.0003159503806187     
   1.0004524271714799     
   1.0015550933162021     
   1.0004645230216827     
  0.99970385492437785     
   1.0004091870815370     
  0.99902640721126124     
  0.99853912207298667     
  0.99849453686895395     
  0.99818364838057572     
  0.99989682254496848     
  0.99947586861257909     
  0.99869302798464754     
  0.99980263939251024     
  0.99819003551583718     
  0.99937338065932213     
  0.99906638685038829     
  0.99961678093190187     
  0.99832975936251911     
  0.99936659014108509     
   1.0010077843607406     
   1.0007452210750039     
   1.0004839123252345     
   1.0009686005513005     
   1.0011588907570632     
   1.0010814431919919     
   1.0005902449864459     
   1.0014813524800208     
   1.0002532509330042     
   1.0015843794212345     
   1.0005027476601438     
   1.0020940600461032     
   1.0009266585906551     
   1.0008139678845893     
   1.0009465965996265     
   1.0008925914961788     
   1.0008655191207279     
   1.0008113608349050     
   1.0016103111317418     
   1.0000823155619649     
   1.0001751917700727     
  0.99916030320594640     
  0.99943810317464643     
   1.0005750410899805     
   1.0015795320588208     
   1.0003163610326915     
   1.0018827475223664     
   1.0006398378456332     
   1.0003036637939871     
   1.0006000274841027     
   1.0022561737116509     
   1.0007963087756031     
   1.0011987965897453     
   1.0004693822607067     
  0.99946184099090585     
  0.99915754105895005     
  0.99975825768552784     
   1.0010948150525036     
  0.99956883836087518     
  0.99953306483397641     
  0.99999775306345196     
  0.99936595528174077     
   1.0003013306583173     
  0.99960264028865842     
  0.99944324671012386     
   1.0002185189292463     
  0.99972388647592603     
   1.0020167111171436     
   1.0022220284712984     
   1.0012600022049252     
  0.99999362385656154     
   1.0011883396733650     
  0.99928072738643148     
  0.99956863497788484     
   1.0003124308479117     
  0.99845105577729121     
  0.99915280620751845     
  0.99826122894328984     
  0.99935542067169381     
   1.0003135886967618     
  0.99982267189551932     
  0.99913593291037994     
  0.99981977756969309     
  0.99969675104624844     
   1.0005451142157755     
   1.0001339834200720     
  0.99957243198630186     
  0.99845921247594371     
  0.99791179239214201     
  0.99999475888104827     
   1.0001855037073630     
   1.0002058968543932     
   1.0005134742342414     
  0.99971136157146701     
   1.0004152382018885     
  0.99960932564005023     
   1.0004589487994200     
  0.99991328276717040     
   1.0004559004059002     
   1.0004471777005355     
   1.0002735526487310     
   1.0012600876227444     
  0.99993872452232113     
  0.99931151336824842     
  0.99880304624549454     
  0.99908555504421737     
   1.0002350689160295     
  0.99919804326576733     
  0.99951078336404442     
   1.0000814688167763     
   1.0008653452391441     
   1.0002941407459129     
   1.0001060145712259     
   1.0003002620750665     
  0.99948304724107151     
   1.0005936045572801     
   1.0002726187531270     
   1.0001260553233435     
   1.0005459828277365     
   1.0000994407478450     
  0.99989679988219404     
  0.99931731067253904     
  0.99968630412993498     
   1.0002247725313347     
   1.0000033898416947     
   1.0007731709039618     
  0.99969300607026623     
   1.0001379909472492     
  0.99971244891778588     
   1.0005404174773971     
  0.99995200885264202     
  0.99981552820265629     
   1.0003102968077624     
  0.99974197839905909     
   1.0003481836020671     
  0.99997503522612941     
   1.0004435647486747     
   1.0019400034281938     
   1.0018696326506669     
   1.0004997039880776     
   1.0013157455789259     
   1.0011061730598185     
   1.0015511765656213     
   1.0002771412474258     
   1.0006812808252408     
   1.0016435521496638     
   1.0016279718315055     
   1.0004773622143226     
   1.0015909826542020     
   1.0018084292565670     
   1.0020589503156785     
   1.0017993369548965     
   1.0016585740686064     
   1.0004248346397868     
   1.0005573994498245     
   1.0016735936995056     
   1.0008608088409434     
   1.0013032611366190     
   1.0024735679486119     
   1.0013894013417557     
   1.0008299876307327     
   1.0005031115012974     
   1.0006260315576510     
   1.0012799474075362     
   1.0003942122603382     
   1.0006435992095184     
   1.0017786095310022     
   1.0012471046287377     
   1.0003451911800578     
  0.99990743478867605     
  0.99984868003233129     
   1.0003082810598918     
   1.0004227479784045     
   1.0008160693087338     
   1.0006212050944416     
   1.0009013366397850     
  0.99955102449525868     
  0.99965815777347522     
  0.99969776967652024     
   1.0000755589352854     
   1.0003324395884827     
  0.99874327261426887     
  0.99819749575503114     
  0.99896258705689378     
  0.99898022053777213     
  0.99899582384348340     
   1.0001459229258829     
  0.99909216019635405     
  0.99995571052366317     
  0.99895406233719675     
  0.99944888190811954     
  0.99860375799801826     
  0.99943844936110371     
  0.99998754427784320     
   1.0001597845181474     
   1.0006206767032466     
  0.99996116268205981     
  0.99945206676829412     
  0.99975318019494708     
   1.0004678771476359     
  0.99936033183138440     
  0.99807292781942236     
  0.99941805329222011     
  0.99971229716733478     
  0.99913967247248381     
   1.0009877212365457     
   1.0011250580361102     
   1.0008676146064674     
   1.0006349925466922     
  0.99960854474363869     
  0.99949288334872832     
  0.99897629692052414     
   1.0004703953462146     
   1.0007534076472491     
   1.0004543949054008     
  0.99973112636738926     
   1.0008878777217884     
   1.0000656462201851     
   1.0010397547722163     
   1.0000633221693565     
  0.99982517062521326     
  0.99963458245021697     
  0.99997785255270011     
   1.0014552939763348     
   1.0014377880795735     
   1.0008376551699683     
   1.0009737184840075     
   1.0005692801438784     
   1.0001807390556248     
   1.0006410030618325     
  0.99976525735777311     
  0.99992524374091285     
   1.0010896195644265     
  0.99966903030285859     
   1.0001434851316942     
   1.0001658196750385     
   1.0004666734630658     
   1.0015580865549802     
   1.0013570015099136     
   1.0008196318320755     
   1.0008255804305397     
   1.0003384464614615     
  0.99963080967278661     
   1.0003322223362092     
   1.0004859821879930     
   1.0008331963854893     
   1.0008617218758284     
   1.0003794546429903     
   1.0009583954792409     
   1.0003339148619748     
   1.0005852439113709     
  0.99987352039089661     
  0.99940071073903103     
  0.99944878065054787     
   1.0005925867900107     
  0.99990878492181079     
   1.0008577731767965     
   1.0007346793961052     
   1.0004387584120882     
   1.0000319673983651     
  0.99943815878384568     
  0.99975482905363688     
   1.0003873466451287     
  0.99994673560977843     
   1.0005059352934615     
   1.0008096521387919     
   1.0011208435282966     
   1.0008444367156244     
   1.0001419326753467     
   1.0016629945614182     
   1.0011547216980239     
   1.0008820290762916     
   1.0007656407649865     
   1.0013807274451576     
   1.0009397322302598     
   1.0006307978850140     
   1.0005466779692147     
   1.0007614036329473     
   1.0013678504160264     
   1.0004847884800112     
   1.0012748972898129     
   1.0010270210633152     
   1.0014252251475009     
   1.0008815741513717     
  0.99995898721378940     
  0.99997063841224321     
   1.0007478542602937     
   1.0003005172308692     
   1.0003688509423165     
  0.99996223197767098     
   1.0004001529457194     
   1.0005177227453665     
   1.0006919881989709     
   1.0007286247458789     
   1.0004518016063599     
   1.0013128430240461     
   1.0018973412338810     
   1.0009481487490635     
   1.0010058539585314     
   1.0016327500198308     
   1.0010264105198017     
   1.0014564407827962     
   1.0009868502933836     
   1.0008472763965464     
   1.0014203778766526     
   1.0008934690874685     
   1.0010499836545284     
   1.0013760805791982     
   1.0002929757999122     
   1.0016074156242145     
   1.0017139276756664     
   1.0010887983692851     
   1.0019619189070279     
   1.0010296503591498     
   1.0017035362143722     
   1.0000660892429014     
