 TEMP->   2.0000000000000000     
 DENSITY->  0.44999998807907104     
 N->         864
 CUTOFF->   3.2999999523162842     
 NUM_STEPS->       10000
   0.0000000000000000     
   0.0000000000000000     
   0.0000000000000000     
   0.0000000000000000     
   0.0000000000000000     
   0.0000000000000000     
   0.0000000000000000     
   0.0000000000000000     
   0.0000000000000000     
   0.0000000000000000     
   0.0000000000000000     
   0.0000000000000000     
   0.0000000000000000     
   0.0000000000000000     
   0.0000000000000000     
   0.0000000000000000     
   0.0000000000000000     
   0.0000000000000000     
   0.0000000000000000     
   0.0000000000000000     
   0.0000000000000000     
   0.0000000000000000     
   0.0000000000000000     
   0.0000000000000000     
   0.0000000000000000     
   0.0000000000000000     
   0.0000000000000000     
   0.0000000000000000     
   0.0000000000000000     
   0.0000000000000000     
   0.0000000000000000     
   0.0000000000000000     
   0.0000000000000000     
   0.0000000000000000     
   0.0000000000000000     
   0.0000000000000000     
   0.0000000000000000     
   0.0000000000000000     
   0.0000000000000000     
   0.0000000000000000     
   0.0000000000000000     
   0.0000000000000000     
   0.0000000000000000     
   0.0000000000000000     
   0.0000000000000000     
   0.0000000000000000     
   0.0000000000000000     
   0.0000000000000000     
   0.0000000000000000     
   0.0000000000000000     
   0.0000000000000000     
   0.0000000000000000     
   0.0000000000000000     
   0.0000000000000000     
   0.0000000000000000     
   0.0000000000000000     
   0.0000000000000000     
   0.0000000000000000     
   0.0000000000000000     
   0.0000000000000000     
   0.0000000000000000     
   0.0000000000000000     
   0.0000000000000000     
   0.0000000000000000     
   0.0000000000000000     
   0.0000000000000000     
   0.0000000000000000     
   0.0000000000000000     
   0.0000000000000000     
   0.0000000000000000     
   0.0000000000000000     
   0.0000000000000000     
   0.0000000000000000     
   0.0000000000000000     
   0.0000000000000000     
   0.0000000000000000     
   0.0000000000000000     
   0.0000000000000000     
   0.0000000000000000     
   0.0000000000000000     
   0.0000000000000000     
   0.0000000000000000     
   0.0000000000000000     
   1.1755845732408120E-005
   1.3201134374699749E-004
   5.1015952136439983E-004
   1.9060920179029244E-003
   6.7766402864491539E-003
   1.7183571752635435E-002
   3.6315059330510296E-002
   7.3956118441257920E-002
  0.13171035619679319     
  0.20828731888986587     
  0.30713848916051889     
  0.42697546321436042     
  0.56540159533369339     
  0.71701779909865859     
  0.86526265123021162     
   1.0118560550510909     
   1.1545926051586217     
   1.2884855798684265     
   1.3970575926827431     
   1.4865167869020528     
   1.5631003506051169     
   1.6274911121089717     
   1.6854891449466489     
   1.7167330120362554     
   1.7404779725958814     
   1.7498380665781568     
   1.7507471634195917     
   1.7437380182966942     
   1.7317495703287107     
   1.7117725561482380     
   1.6924853035725262     
   1.6709975728769833     
   1.6372048920998306     
   1.6066614241065091     
   1.5703411545249619     
   1.5411037957342277     
   1.5133213129656284     
   1.4899254189639810     
   1.4592600211399616     
   1.4325612629918574     
   1.4058310915254479     
   1.3779047783866401     
   1.3462266359385755     
   1.3269473251242463     
   1.2950888263315459     
   1.2765440702468291     
   1.2519932800672846     
   1.2296834014355400     
   1.2161475687004859     
   1.1929904516938787     
   1.1772774231065775     
   1.1557745860078286     
   1.1379901927146228     
   1.1195452046935452     
   1.0990346599003353     
   1.0894278699746127     
   1.0734099290459513     
   1.0612259070225902     
   1.0480988908944517     
   1.0372628419704579     
   1.0259254508332996     
   1.0151056816357811     
   1.0048241926230064     
  0.99147789085426086     
  0.98127445790026591     
  0.97627832861690200     
  0.96563599568320790     
  0.96266924551398070     
  0.95012767125411723     
  0.94544569013964419     
  0.93982369153934331     
  0.93572690760188915     
  0.93197776367536012     
  0.92841505614260222     
  0.92444942155856236     
  0.92154878737982893     
  0.91839024413424020     
  0.91304316352084824     
  0.91141246781236274     
  0.90687678991961251     
  0.90749173045964715     
  0.90584236384747840     
  0.90502082900179714     
  0.90189474770401690     
  0.90062785403259560     
  0.89991777932630290     
  0.89985782567614070     
  0.89890700697066817     
  0.89830725633038222     
  0.90287529339296557     
  0.90455439777060165     
  0.90647229098223259     
  0.90577305377433637     
  0.90867286500938615     
  0.91386163986851232     
  0.91407719798805986     
  0.91717451803352268     
  0.91824786435681971     
  0.92168652760485681     
  0.92290924273710828     
  0.92749988168974051     
  0.93212966979309886     
  0.93747898239590410     
  0.94311036728865061     
  0.94570909276003667     
  0.95174293168067758     
  0.95382412081696477     
  0.95889902076292965     
  0.96681227402492487     
  0.96885504874803008     
  0.97572405603714563     
  0.97867539549410232     
  0.98131493186475971     
  0.98777729490826882     
  0.99382764478883923     
  0.99637479646649518     
   1.0010019708679241     
   1.0082920130231436     
   1.0131799081394521     
   1.0174365964454783     
   1.0195390978362850     
   1.0243222762347879     
   1.0278201325614267     
   1.0301096143884803     
   1.0302894394676703     
   1.0308549127084412     
   1.0311665799780438     
   1.0361150297647133     
   1.0379189713889565     
   1.0379786672388984     
   1.0389869946307506     
   1.0374935366324471     
   1.0392454991336142     
   1.0401453577761526     
   1.0435308827228627     
   1.0442151715961656     
   1.0438306309193142     
   1.0433704796709498     
   1.0403250214412298     
   1.0420213842620036     
   1.0397668070225594     
   1.0397031805789489     
   1.0365992632750893     
   1.0344984731506215     
   1.0342228260717707     
   1.0295647049424397     
   1.0308711657929606     
   1.0304686309566959     
   1.0290205644773625     
   1.0271126855921244     
   1.0242991810117403     
   1.0255653602549302     
   1.0226534949472967     
   1.0213821938352379     
   1.0232071152044186     
   1.0216953372384092     
   1.0200394724960085     
   1.0171067608302373     
   1.0148698541912153     
   1.0127724673243699     
   1.0085131813342567     
   1.0099480805665140     
   1.0077515458908382     
   1.0080508574588578     
   1.0082147600574134     
   1.0059336408534347     
   1.0052603636133641     
   1.0043084319450322     
   1.0011012636226817     
   1.0006753968494131     
  0.99932650990073113     
  0.99694222062950311     
  0.99903757948197436     
  0.99639947542673268     
  0.99423322322854679     
  0.99605707961534562     
  0.99580953635311753     
  0.99272698215761146     
  0.99483083721458987     
  0.99591691969622786     
  0.99487903170221170     
  0.99390332067852383     
  0.99314137813450365     
  0.99280083173229505     
  0.99203383572812998     
  0.99156790909094661     
  0.99312644605493572     
  0.99201026703695527     
  0.99338879064868812     
  0.99063023444482090     
  0.99273135066035567     
  0.99345667479792110     
  0.98982734722036447     
  0.99204863976319424     
  0.99185889698904006     
  0.99361398123491995     
  0.99248782610915676     
  0.99244523428245723     
  0.99160036143287345     
  0.99369788391124514     
  0.99471831590549620     
  0.99370443198381697     
  0.99352751822135077     
  0.99469439926775538     
  0.99456215513853341     
  0.99258010497573024     
  0.99365882319773280     
  0.99481671235235924     
  0.99659803615915465     
  0.99688948554336299     
  0.99688931310350748     
  0.99727110999730917     
  0.99885550785387367     
  0.99953299234077619     
   1.0002177074427032     
  0.99968416258528847     
  0.99885856036489051     
   1.0011692056705599     
   1.0014277956515756     
   1.0034314959978949     
   1.0013014113223975     
   1.0029598115709113     
   1.0021103457332659     
   1.0015311041678276     
   1.0023992400318107     
   1.0038026383139982     
   1.0025319682200708     
   1.0043956296011209     
   1.0065855643870385     
   1.0037585970869316     
   1.0050127744700594     
   1.0047233651679439     
   1.0028030863916684     
   1.0033813754282705     
   1.0047455861585826     
   1.0051570477035747     
   1.0052662635314267     
   1.0034374944821751     
   1.0042510451700548     
   1.0040682575653774     
   1.0038309403554144     
   1.0027936343354857     
   1.0034872591956951     
   1.0036945622639646     
   1.0042443821373843     
   1.0056089769814176     
   1.0032453351720958     
   1.0027873157506602     
   1.0022072868077743     
   1.0024164090209500     
   1.0025110445731742     
   1.0018284477422112     
   1.0026875624944283     
   1.0034478463281353     
   1.0027031494917906     
   1.0017719639769744     
   1.0022210326027170     
   1.0025945310152282     
   1.0019920411385101     
   1.0022857288058966     
   1.0029476806899482     
   1.0031958946259216     
   1.0017157250231552     
   1.0028482006933102     
   1.0015547011877100     
   1.0018704315057538     
   1.0023651108088558     
   1.0023344460074683     
   1.0027572601606167     
   1.0016841893973005     
   1.0024437585595563     
   1.0015274057984838     
   1.0010299652214598     
   1.0006555141278364     
   1.0023240504309183     
   1.0018513076275295     
   1.0022447765470233     
   1.0025178727619648     
  0.99940200747977170     
   1.0005049295944011     
   1.0001399038612491     
   1.0008409669378828     
  0.99963149238419213     
   1.0009401575914065     
  0.99985473291745575     
  0.99947677359075315     
   1.0005689945334315     
   1.0008878995209232     
  0.99934305207833773     
   1.0010994597579397     
   1.0005968178887743     
  0.99942866860002233     
   1.0000486035696876     
   1.0000583595369046     
   1.0002173241478836     
   1.0008283664505433     
   1.0006945979919852     
  0.99982460900780534     
   1.0009731585735537     
   1.0002965965353601     
  0.99972381720543479     
   1.0012349832779524     
   1.0000511602858559     
  0.99920306443479234     
   1.0000395637970239     
   1.0012281154187899     
  0.99993116783407265     
   1.0015207733000659     
   1.0012725339823259     
   1.0025391892530084     
   1.0012045328490027     
   1.0007466122397737     
   1.0009218954048387     
  0.99920603419102560     
  0.99887668074119718     
  0.99971846420549482     
   1.0010125604139630     
   1.0005579316290181     
   1.0011199515614260     
   1.0012061695216348     
  0.99983162083252763     
  0.99971352666348645     
  0.99932273440040831     
  0.99891723450984204     
  0.99957699857963422     
   1.0009222021942785     
   1.0003018786069555     
   1.0014703140416257     
   1.0011452993277692     
   1.0004713384324748     
  0.99869920265218859     
  0.99985571859836475     
   1.0009596338868927     
  0.99950626292538458     
   1.0004737273153244     
   1.0009539568187218     
   1.0005013923579533     
   1.0005315446735650     
   1.0001097884883503     
  0.99990672207725750     
   1.0005922032752372     
   1.0001250485199038     
  0.99822539185137593     
  0.99920486788045304     
  0.99914349828816662     
   1.0006002941346372     
   1.0015446151155154     
  0.99997324222797790     
   1.0007143705465540     
   1.0013553634176207     
   1.0019534103763961     
   1.0011043669461743     
   1.0014667172607992     
   1.0021514343231985     
   1.0013159405020120     
   1.0012645352278902     
   1.0021327358306042     
   1.0011336381986542     
   1.0008538255551152     
   1.0010156818674838     
   1.0012759160394324     
   1.0014106336845434     
   1.0010349640870289     
   1.0018286602270530     
   1.0012320739078790     
   1.0010405585068587     
   1.0010489408355199     
   1.0017892856828550     
   1.0015034362522117     
   1.0001407140573413     
   1.0003568843465209     
   1.0003527602009610     
   1.0000427431842498     
   1.0007923242913477     
   1.0004894290096762     
  0.99982777142716350     
  0.99986076259827261     
  0.99970817304075332     
   1.0000418460937106     
   1.0002575314764597     
   1.0003819264730740     
   1.0006329290376612     
   1.0005472424033868     
   1.0011818871674059     
   1.0008386924458967     
   1.0019288695064952     
   1.0018693657255182     
   1.0019159108946507     
   1.0023071768792535     
   1.0011728371239423     
   1.0014804426127519     
   1.0017610924786560     
   1.0008842532992814     
   1.0011560726299271     
   1.0009079876766371     
   1.0010613303781253     
   1.0013975507496935     
   1.0018619996807370     
   1.0014523872292949     
   1.0008294852885071     
   1.0020807214701175     
   1.0013663032253382     
   1.0017317612555887     
   1.0028990576330246     
   1.0025120540812145     
   1.0011501751623146     
   1.0013442376547528     
   1.0018970143411197     
   1.0012867904787075     
   1.0014149917566606     
   1.0016308593256833     
   1.0006327806847604     
   1.0011715951988738     
  0.99999905912191700     
  0.99983623959170320     
   1.0005392550391901     
   1.0000697932873022     
  0.99976018422913659     
   1.0008992571922075     
   1.0007432225409265     
  0.99939735323810197     
   1.0003267278862575     
   1.0008075825059950     
   1.0005378463607248     
  0.99985957074243192     
  0.99981397495584245     
   1.0009496608612369     
   1.0012276253030092     
   1.0008392839744964     
   1.0007570032178092     
  0.99956970638596632     
   1.0005346698471589     
   1.0004647760388619     
  0.99938169144336741     
  0.99954026481729885     
  0.99987981686229066     
   1.0002631059369917     
   1.0008906598471068     
  0.99953154078873230     
   1.0001395895026404     
   1.0007674050921074     
   1.0001429709097565     
  0.99911756723122691     
  0.99889078577276691     
  0.99982251670741185     
   1.0004639117341823     
   1.0010772549431954     
   1.0010794891524628     
   1.0002936844769095     
   1.0009904597652943     
   1.0005551878213321     
   1.0000897678690817     
   1.0002478110631328     
  0.99976967759572366     
   1.0004431454179055     
   1.0003592195504856     
   1.0005529010542207     
   1.0008680639393781     
   1.0001959975555512     
   1.0000008242557084     
   1.0005374329771026     
  0.99972515667041328     
  0.99958667496024789     
  0.99867668801701781     
  0.99936273053164626     
  0.99987149103034778     
  0.99961584120861102     
   1.0000977416550967     
  0.99937602458362029     
  0.99942387077686434     
   1.0000603953211424     
  0.99999899405357440     
  0.99958160015142739     
  0.99988632473468275     
  0.99948332063777856     
   1.0010519212132805     
   1.0013645862199239     
   1.0004970734727430     
   1.0004763732152309     
  0.99995652581593808     
   1.0001488265061098     
  0.99984272056336509     
   1.0002435203716207     
   1.0017903243561987     
   1.0014841571011193     
   1.0013863409551982     
   1.0004825453748267     
   1.0014391044777813     
   1.0012256984106997     
   1.0017727854859231     
   1.0023550782640436     
   1.0025865273391552     
   1.0015484271765664     
   1.0015088213462680     
   1.0023944472908071     
   1.0018612851500415     
   1.0017026790532699     
   1.0013197010711092     
   1.0018039996242811     
   1.0025307845041302     
   1.0019156648051222     
   1.0015321996735482     
   1.0009673799267012     
   1.0008605888065405     
   1.0006468488956810     
   1.0007482784034745     
   1.0010915067655417     
   1.0013488657071961     
   1.0010950818683686     
   1.0013680056869634     
   1.0018771545835492     
   1.0011499360727403     
  0.99992004093719944     
  0.99927280385564032     
  0.99923844490236213     
  0.99902162748256951     
  0.99964143682435780     
   1.0007797133166947     
   1.0002589338080075     
   1.0012486901982671     
   1.0008940113328686     
   1.0007924631334957     
   1.0000389124477329     
   1.0014088603501909     
   1.0018409145986666     
   1.0012694725165192     
   1.0017946073229316     
   1.0016271046495773     
   1.0025999834938335     
   1.0017625254009745     
   1.0006145468446170     
   1.0007516717580180     
   1.0004819307898876     
   1.0001605812429304     
   1.0002138520411670     
  0.99969021697637617     
  0.99990765778949309     
   1.0011045843192139     
   1.0003987865777511     
