 TEMP->   1.2500000000000000     
 DENSITY->   1.0000000000000000     
 N->         864
 CUTOFF->   3.2999999523162842     
 NUM_STEPS->       10000
   0.0000000000000000     
   0.0000000000000000     
   0.0000000000000000     
   0.0000000000000000     
   0.0000000000000000     
   0.0000000000000000     
   0.0000000000000000     
   0.0000000000000000     
   0.0000000000000000     
   0.0000000000000000     
   0.0000000000000000     
   0.0000000000000000     
   0.0000000000000000     
   0.0000000000000000     
   0.0000000000000000     
   0.0000000000000000     
   0.0000000000000000     
   0.0000000000000000     
   0.0000000000000000     
   0.0000000000000000     
   0.0000000000000000     
   0.0000000000000000     
   0.0000000000000000     
   0.0000000000000000     
   0.0000000000000000     
   0.0000000000000000     
   0.0000000000000000     
   0.0000000000000000     
   0.0000000000000000     
   0.0000000000000000     
   0.0000000000000000     
   0.0000000000000000     
   0.0000000000000000     
   0.0000000000000000     
   0.0000000000000000     
   0.0000000000000000     
   0.0000000000000000     
   0.0000000000000000     
   0.0000000000000000     
   0.0000000000000000     
   0.0000000000000000     
   0.0000000000000000     
   0.0000000000000000     
   0.0000000000000000     
   0.0000000000000000     
   0.0000000000000000     
   0.0000000000000000     
   0.0000000000000000     
   0.0000000000000000     
   0.0000000000000000     
   0.0000000000000000     
   0.0000000000000000     
   0.0000000000000000     
   0.0000000000000000     
   0.0000000000000000     
   0.0000000000000000     
   0.0000000000000000     
   0.0000000000000000     
   0.0000000000000000     
   0.0000000000000000     
   0.0000000000000000     
   0.0000000000000000     
   0.0000000000000000     
   0.0000000000000000     
   0.0000000000000000     
   0.0000000000000000     
   0.0000000000000000     
   0.0000000000000000     
   0.0000000000000000     
   0.0000000000000000     
   0.0000000000000000     
   0.0000000000000000     
   0.0000000000000000     
   0.0000000000000000     
   0.0000000000000000     
   0.0000000000000000     
   0.0000000000000000     
   0.0000000000000000     
   0.0000000000000000     
   0.0000000000000000     
   0.0000000000000000     
   0.0000000000000000     
   0.0000000000000000     
   0.0000000000000000     
   0.0000000000000000     
   7.5683003911781711E-006
   3.9436385532594401E-005
   3.8058381643182209E-004
   1.6906248130933060E-003
   6.2484616491175742E-003
   1.7930355209478794E-002
   4.7449649476124046E-002
  0.10254699164645531     
  0.19815677728920567     
  0.34627140093516240     
  0.54836920880644990     
  0.80318423934066030     
   1.1026491931917732     
   1.4328435380380333     
   1.7837916931729738     
   2.1282007524632274     
   2.4386798505128655     
   2.7169455624945984     
   2.9523610197175043     
   3.1253857520366188     
   3.2543516159918822     
   3.3260088815758464     
   3.3515780645464726     
   3.3280969176480495     
   3.2723092554896969     
   3.1759847691726679     
   3.0584938454625359     
   2.9330857830777521     
   2.7800580698576929     
   2.6145146019879255     
   2.4552828686353005     
   2.2841217876234539     
   2.1155684712995271     
   1.9568837394789738     
   1.7985300224041472     
   1.6472917763086807     
   1.5041914146444952     
   1.3671399495730534     
   1.2374148300326606     
   1.1174266022517763     
   1.0076661404177161     
  0.90659117695459346     
  0.81935764521199639     
  0.74273384743042159     
  0.67057922898875399     
  0.60789885222097251     
  0.55063970738626966     
  0.50268068064566984     
  0.46158508573884593     
  0.42875709397055484     
  0.40126092859458196     
  0.37978129290475859     
  0.36707263308533833     
  0.35740223298774537     
  0.35202835944488625     
  0.35462578167501685     
  0.36065918280599235     
  0.36807460210044957     
  0.38080072648089014     
  0.39548374207014469     
  0.41125647628298839     
  0.42983960153966261     
  0.44810985488130850     
  0.46856524781296971     
  0.49360208930285643     
  0.51431517391532788     
  0.53446588396786576     
  0.55146594547831840     
  0.56916095484454710     
  0.58567246135775353     
  0.59703670333869818     
  0.60520680054731169     
  0.61197330507504799     
  0.61719122817018468     
  0.61787602065694580     
  0.61863405261754467     
  0.61761204381037560     
  0.61319011145613911     
  0.60903471732569081     
  0.60337269875624533     
  0.60015113816265442     
  0.59522226702759151     
  0.59617016886687468     
  0.59805465634809707     
  0.60241321437747153     
  0.61171145554423523     
  0.62769987365603630     
  0.65154586838563033     
  0.67916954049709544     
  0.71704063021362396     
  0.76089868310176811     
  0.80723307242586673     
  0.86367151702355438     
  0.92534555855890444     
  0.99223501253127178     
   1.0649537664721536     
   1.1414696195070360     
   1.2171272447990498     
   1.2904162162584671     
   1.3636673349912787     
   1.4310963622243442     
   1.4991525552628515     
   1.5570023618678592     
   1.6107012898143489     
   1.6483308600387139     
   1.6785600803469898     
   1.6986701436816909     
   1.7098152969649070     
   1.7089941456010826     
   1.6975778405887054     
   1.6772597609477229     
   1.6455101136801416     
   1.6107216634765860     
   1.5683169617084423     
   1.5230280895688120     
   1.4728385745562702     
   1.4177612287034580     
   1.3663314229247627     
   1.3109598767721893     
   1.2589291504866345     
   1.2094135258793879     
   1.1631323798661570     
   1.1200305785562805     
   1.0786631687490440     
   1.0449237130200879     
   1.0116594729559705     
  0.98164851387009011     
  0.95802225733089785     
  0.93763353690154427     
  0.91908358500336007     
  0.90573953347534020     
  0.88994209754357589     
  0.87758359293694488     
  0.86937525841937269     
  0.85974673408665436     
  0.85346338984115688     
  0.84712101105103066     
  0.84001490511346910     
  0.83532732717176161     
  0.83222438467924598     
  0.82813672423929507     
  0.82598345991899724     
  0.82388870669328418     
  0.82195714293173472     
  0.82327230052970424     
  0.82433866775428521     
  0.82939277370533737     
  0.83347056360392191     
  0.84068120083193221     
  0.84994887637716643     
  0.85985515505952459     
  0.87299657661491514     
  0.88736577139225847     
  0.90177665083287895     
  0.91848915552181321     
  0.93311521587591928     
  0.94848179517388898     
  0.96325290789021822     
  0.98063909716091857     
  0.99467760035399633     
   1.0069559468260265     
   1.0165105796474556     
   1.0236891924196863     
   1.0284098370050927     
   1.0289734175242509     
   1.0288739424136522     
   1.0228708359644538     
   1.0135604997341732     
   1.0026269901414466     
  0.98911593762484273     
  0.97281585732724507     
  0.95486583114986945     
  0.93503535802558557     
  0.91223861828552877     
  0.88859926155802960     
  0.86606711991945440     
  0.84252584213632120     
  0.81832746807837298     
  0.79956298689975469     
  0.77923602851745510     
  0.76188496441975617     
  0.74705929386077119     
  0.73547634436538034     
  0.72631600446042177     
  0.71984507694906008     
  0.71915026677722371     
  0.72227955186459292     
  0.73060183076005136     
  0.74119327414627512     
  0.75662377089756150     
  0.77938568908803663     
  0.80404901176150123     
  0.83485632239545338     
  0.86782216963193159     
  0.90372985320603283     
  0.94504970183991588     
  0.98871608529955546     
   1.0324219096908722     
   1.0788438397954376     
   1.1258359640618256     
   1.1737729659305747     
   1.2201568314058313     
   1.2635717518391203     
   1.3054149906483588     
   1.3435773364227874     
   1.3763331819239761     
   1.4051274336492365     
   1.4273153847529298     
   1.4474719718134963     
   1.4562469278418282     
   1.4602674641566340     
   1.4577353644724673     
   1.4484736920106107     
   1.4312603077747927     
   1.4106001467463163     
   1.3832255258316839     
   1.3532206319376914     
   1.3164479429189697     
   1.2764227808729407     
   1.2349644138265103     
   1.1903877562266498     
   1.1447705678246383     
   1.0992698977963946     
   1.0563649427059691     
   1.0131849281019427     
  0.97252469534166586     
  0.93446047647278252     
  0.89997761944261623     
  0.86950576947880931     
  0.84256974569238496     
  0.82072964338872190     
  0.80319821037449790     
  0.78984934884842317     
  0.78004021512517407     
  0.77560326253692391     
  0.77676019994127432     
  0.78059744654931096     
  0.78745808075335899     
  0.79862113008991265     
  0.81116586408734248     
  0.82598144597979495     
  0.84368981806276289     
  0.86118952946453597     
  0.88229512404390720     
  0.90063782055035568     
  0.91973089897027449     
  0.93914863909313173     
  0.95702036987113759     
  0.97370311515283725     
  0.98848226726636579     
   1.0008813821002729     
   1.0114661643577754     
   1.0205294835181988     
   1.0277180318782531     
   1.0323924065977097     
   1.0360851641859488     
   1.0364921803849840     
   1.0340392497624369     
   1.0304894262819255     
   1.0268059215520380     
   1.0212522412371794     
   1.0150766832712153     
   1.0063632077723057     
  0.99860630335803668     
  0.98823762764589684     
  0.97786412191989669     
  0.96873363236509058     
  0.95924026302837806     
  0.94949199095700698     
  0.94056690401225695     
  0.93126813821680221     
  0.92296611679180562     
  0.91531427530883969     
  0.90855654811283126     
  0.90116338601576962     
  0.89532021995949729     
  0.88874770863686836     
  0.88495905087435578     
  0.88118573354919960     
  0.87741823664788854     
  0.87469890731634936     
  0.87204063628159323     
  0.87043595682399633     
  0.87074166163671796     
  0.87039563976139334     
  0.87124603703215919     
  0.87260450493523645     
  0.87537565803338124     
  0.88005856393784621     
  0.88582671486703424     
  0.89232566722995188     
  0.90000579361645561     
  0.90899469572870106     
  0.92041406296368011     
  0.93368540669184275     
  0.94684559319639461     
  0.96239180866216745     
  0.98003062893970894     
  0.99863101917245334     
   1.0191804622960576     
   1.0404658892408474     
   1.0639422088601584     
   1.0875641421748277     
   1.1108059134144723     
   1.1354599921046697     
   1.1600819088305068     
   1.1846473669591129     
   1.2082335457132745     
   1.2295124813318719     
   1.2497470291026007     
   1.2690803548907124     
   1.2849942967613595     
   1.2988131709698483     
   1.3095157231621837     
   1.3166434494271804     
   1.3208281083478242     
   1.3201030676098890     
   1.3161527241551620     
   1.3070554330390187     
   1.2958343470477816     
   1.2807808391051014     
   1.2630097291496283     
   1.2409205166643917     
   1.2171139713674020     
   1.1910236796269558     
   1.1617386894985571     
   1.1313790164738824     
   1.1012116130382201     
   1.0709517347757596     
   1.0391784481253150     
   1.0102972852659333     
  0.98229767770268295     
  0.95609786483098858     
  0.93318794953531825     
  0.91122217949395190     
  0.88963665972091399     
  0.87302430955485377     
  0.85893466662690787     
  0.84654370776293730     
  0.83819754763102927     
  0.83045028730736425     
  0.82574282894274187     
  0.82328213840848641     
  0.82060558968643915     
  0.81994137525221844     
  0.82079825325078570     
  0.82297633635715706     
  0.82450854042753874     
  0.82663936339689215     
  0.82787001553983297     
  0.82983493021151888     
  0.83221096094345692     
  0.83256438602358784     
  0.83312566766657781     
  0.83396614489149490     
  0.83465972827237112     
  0.83510383930106791     
  0.83673448705626463     
  0.83689822143051606     
  0.83841785217551457     
  0.84037816710165614     
  0.84176101274625303     
  0.84458305756228980     
  0.84932643754227066     
  0.85469563886243449     
  0.86097279725368059     
  0.86744168208002292     
  0.87479615853919357     
  0.88271254603349825     
  0.89261853398792923     
  0.90287656984390796     
  0.91406936535155481     
  0.92468350827061008     
  0.93696335594212921     
  0.94971829074262115     
  0.96255330425529617     
  0.97513085619858575     
  0.98751573957187899     
   1.0004912747443360     
   1.0133550990394391     
   1.0262691454741824     
   1.0376790670545031     
   1.0507523115577038     
   1.0632242514322827     
   1.0757366304599616     
   1.0862220411609804     
   1.0978627894067763     
   1.1098246627639552     
   1.1210477715130001     
   1.1323616210621388     
   1.1434545749190725     
   1.1268018654219554     
