 TEMP->  0.75000000000000000     
 DENSITY->  0.30000001192092896     
 N->         864
 CUTOFF->   3.2999999523162842     
 NUM_STEPS->       10000
   0.0000000000000000     
   0.0000000000000000     
   0.0000000000000000     
   0.0000000000000000     
   0.0000000000000000     
   0.0000000000000000     
   0.0000000000000000     
   0.0000000000000000     
   0.0000000000000000     
   0.0000000000000000     
   0.0000000000000000     
   0.0000000000000000     
   0.0000000000000000     
   0.0000000000000000     
   0.0000000000000000     
   0.0000000000000000     
   0.0000000000000000     
   0.0000000000000000     
   0.0000000000000000     
   0.0000000000000000     
   0.0000000000000000     
   0.0000000000000000     
   0.0000000000000000     
   0.0000000000000000     
   0.0000000000000000     
   0.0000000000000000     
   0.0000000000000000     
   0.0000000000000000     
   0.0000000000000000     
   0.0000000000000000     
   0.0000000000000000     
   0.0000000000000000     
   0.0000000000000000     
   0.0000000000000000     
   0.0000000000000000     
   0.0000000000000000     
   0.0000000000000000     
   0.0000000000000000     
   0.0000000000000000     
   0.0000000000000000     
   0.0000000000000000     
   0.0000000000000000     
   0.0000000000000000     
   0.0000000000000000     
   0.0000000000000000     
   0.0000000000000000     
   0.0000000000000000     
   0.0000000000000000     
   0.0000000000000000     
   0.0000000000000000     
   0.0000000000000000     
   0.0000000000000000     
   0.0000000000000000     
   0.0000000000000000     
   0.0000000000000000     
   0.0000000000000000     
   0.0000000000000000     
   0.0000000000000000     
   0.0000000000000000     
   0.0000000000000000     
   0.0000000000000000     
   0.0000000000000000     
   0.0000000000000000     
   0.0000000000000000     
   0.0000000000000000     
   0.0000000000000000     
   0.0000000000000000     
   0.0000000000000000     
   0.0000000000000000     
   0.0000000000000000     
   0.0000000000000000     
   0.0000000000000000     
   0.0000000000000000     
   0.0000000000000000     
   0.0000000000000000     
   0.0000000000000000     
   0.0000000000000000     
   0.0000000000000000     
   0.0000000000000000     
   0.0000000000000000     
   0.0000000000000000     
   0.0000000000000000     
   0.0000000000000000     
   0.0000000000000000     
   0.0000000000000000     
   0.0000000000000000     
   2.4647739978458316E-005
   2.4087582361315233E-005
   2.1191675088057420E-004
   1.2816176049348395E-003
   4.3833258094698249E-003
   1.2996282474574175E-002
   3.5010717394008802E-002
   7.9937195431954863E-002
  0.16096937183841886     
  0.28594512565439156     
  0.47333733782906873     
  0.71961441148765326     
   1.0050743492556529     
   1.3332896686328271     
   1.6763048101906215     
   2.0266853105029616     
   2.3641113075581570     
   2.6537438476054533     
   2.9025531690490531     
   3.1204537953314597     
   3.2876821405918024     
   3.4114138395613320     
   3.4842034103707062     
   3.5176987026545130     
   3.5315888221663787     
   3.5037519157366814     
   3.4545093240007412     
   3.3977512691476233     
   3.3237595353567548     
   3.2385383991671199     
   3.1373064962998081     
   3.0302965536984114     
   2.9279470069343949     
   2.8341076973220405     
   2.7422135806979471     
   2.6409303781005669     
   2.5467825409784259     
   2.4590333998646607     
   2.3757624227626177     
   2.2962238571796467     
   2.2248363605874109     
   2.1513547285311803     
   2.0734749677705406     
   2.0104656337071454     
   1.9517320655807648     
   1.8910121036682161     
   1.8285519903315790     
   1.7893847611586238     
   1.7406109961443397     
   1.6970142804701949     
   1.6503464788726561     
   1.6074757843336078     
   1.5710506026933042     
   1.5397244070526805     
   1.4966712321901594     
   1.4745968545781210     
   1.4536888081715349     
   1.4298359992220189     
   1.4003723368074164     
   1.3776990502051960     
   1.3504252901041316     
   1.3346658248292482     
   1.3177044199308945     
   1.3069096125540276     
   1.2932664005963446     
   1.2791612588575467     
   1.2592208227601989     
   1.2493012319890466     
   1.2425143423633236     
   1.2351091773213267     
   1.2216368983730626     
   1.2121828008698539     
   1.2082526295393174     
   1.2036246625225733     
   1.1978413864351376     
   1.1967965054919911     
   1.1931234231695405     
   1.1869162271976668     
   1.1899877235566572     
   1.1899965871116780     
   1.1866064734563482     
   1.1945028873428569     
   1.1962417724276926     
   1.2016416824022611     
   1.2021490213271837     
   1.2019003008471960     
   1.2089042882240615     
   1.2105987777971652     
   1.2152296064359540     
   1.2226204990575693     
   1.2311535960199043     
   1.2389217353281696     
   1.2476197703695062     
   1.2566657785986599     
   1.2664956896941395     
   1.2809989562172608     
   1.2875860680644429     
   1.2955221241530914     
   1.3088020276199162     
   1.3230752035401401     
   1.3326907521000684     
   1.3457893919708441     
   1.3580859809376373     
   1.3729743213218770     
   1.3816725808564077     
   1.3970965193824472     
   1.4107177944901930     
   1.4213944400819465     
   1.4326956129980137     
   1.4475262019155095     
   1.4574329023677948     
   1.4684836408492652     
   1.4832665918684256     
   1.4982284086588833     
   1.5073595043957122     
   1.5195154024792572     
   1.5273855756795334     
   1.5328533603460184     
   1.5442652077668308     
   1.5528208842585414     
   1.5642714254829848     
   1.5759579025255015     
   1.5790254372389532     
   1.5827050575395527     
   1.5875435914990941     
   1.5885274462449113     
   1.5948978663347435     
   1.5931037259824514     
   1.5939631721484986     
   1.5868050878008202     
   1.5844691013888355     
   1.5811784628433792     
   1.5746110152702375     
   1.5717910899757535     
   1.5625534466763047     
   1.5546247831287916     
   1.5497963466107327     
   1.5410673584368306     
   1.5311208673619441     
   1.5268798202543801     
   1.5166768856981627     
   1.5044346157988606     
   1.4944803173342589     
   1.4915701484864818     
   1.4827555542420390     
   1.4749010074568989     
   1.4633543039056427     
   1.4534188736503317     
   1.4444791201262870     
   1.4394780577392641     
   1.4284121038030628     
   1.4173612099230213     
   1.4113352806564403     
   1.4049895520324536     
   1.3921448987508553     
   1.3806480505829946     
   1.3768844849013011     
   1.3684974544753166     
   1.3608943806823435     
   1.3554675886017251     
   1.3502467699826051     
   1.3462420590440969     
   1.3444231321092488     
   1.3374875269645317     
   1.3295997794327961     
   1.3242576839019606     
   1.3174021269538687     
   1.3147821966366779     
   1.3107390321760557     
   1.3056829058184358     
   1.3012608150191609     
   1.2951740610408591     
   1.2922582540479695     
   1.2906898585230711     
   1.2928342206990286     
   1.2916196670629516     
   1.2902914951544522     
   1.2897076635568367     
   1.2886590480996285     
   1.2836364456342848     
   1.2838244778348029     
   1.2832118098688039     
   1.2794824282996053     
   1.2827785312243851     
   1.2804679065521001     
   1.2841501708534133     
   1.2829366323717151     
   1.2832654558690826     
   1.2839299130333270     
   1.2837563893681960     
   1.2866595423918252     
   1.2855831329728451     
   1.2911497372509897     
   1.2888087866910107     
   1.2900381357492954     
   1.2925060678441174     
   1.2913704122193519     
   1.2897933265526271     
   1.2908586141371483     
   1.2969447003265031     
   1.3006774690013476     
   1.3025814896580357     
   1.3028399600703602     
   1.3057336648229714     
   1.3036921723555794     
   1.3045540271531837     
   1.3073675217231184     
   1.3078737983130322     
   1.3081665735909251     
   1.3097391019753633     
   1.3107019821341601     
   1.3153111863833826     
   1.3171917408760270     
   1.3193406810330290     
   1.3215537477894546     
   1.3221341425004580     
   1.3202514642578560     
   1.3198043813346532     
   1.3201700634971429     
   1.3188520645828403     
   1.3202937586030152     
   1.3185987828315022     
   1.3215350520358653     
   1.3203211560084660     
   1.3182474176169556     
   1.3180014391682220     
   1.3116054213119610     
   1.3125233737341990     
   1.3103695676892682     
   1.3097828220968686     
   1.3088778429693431     
   1.3046317010668003     
   1.3031411872435819     
   1.2998744575300860     
   1.2967619037236309     
   1.2952258362467783     
   1.2956343397817831     
   1.2954021433182330     
   1.2903465012942625     
   1.2844952552885802     
   1.2822966691761233     
   1.2805428388900642     
   1.2770906821438059     
   1.2765557735582675     
   1.2760849871777638     
   1.2724528226414495     
   1.2701756948985590     
   1.2677564889867301     
   1.2654121412273678     
   1.2635619706857026     
   1.2599936818129454     
   1.2569575963754871     
   1.2546612282092857     
   1.2510191015552459     
   1.2508487081567659     
   1.2464145110296352     
   1.2431221935111221     
   1.2436602030275052     
   1.2413817250732586     
   1.2371899282897656     
   1.2363262132055908     
   1.2336533869524886     
   1.2281158821315157     
   1.2275438646875483     
   1.2244453940035558     
   1.2230111455579682     
   1.2205879350617315     
   1.2187603956927646     
   1.2181388370029234     
   1.2146448422302194     
   1.2166404167003146     
   1.2129849013023430     
   1.2110903193364464     
   1.2105407857572510     
   1.2090776043273268     
   1.2088271189450754     
   1.2064240230116148     
   1.2067804806577036     
   1.2070297356032416     
   1.2043679050728362     
   1.2056895768452267     
   1.2031355943505095     
   1.2017178637006531     
   1.2019448705811910     
   1.2019356200435656     
   1.2013531659550656     
   1.2010188075607937     
   1.1992650859348633     
   1.1991903679567042     
   1.1984733644200976     
   1.1981078611886384     
   1.1953848870716239     
   1.1958526819022459     
   1.1968815881365011     
   1.1945025171842805     
   1.1936452830464710     
   1.1920726862482602     
   1.1913575191289296     
   1.1910777413436697     
   1.1880319489927320     
   1.1867967334082774     
   1.1904707825805321     
   1.1900004840246001     
   1.1896214263004115     
   1.1858052363727869     
   1.1862072972868229     
   1.1873424476535102     
   1.1879108221256978     
   1.1879624608893287     
   1.1882774209717992     
   1.1873349446992711     
   1.1860223527610392     
   1.1867708610348733     
   1.1850246039643915     
   1.1851596634897392     
   1.1832594601092181     
   1.1822665808555273     
   1.1812131160000099     
   1.1805647509202573     
   1.1780002365428883     
   1.1801329805337681     
   1.1783235687116460     
   1.1755039084750332     
   1.1763910946750318     
   1.1754221807739238     
   1.1733059454335892     
   1.1707007186250626     
   1.1700307922050672     
   1.1707369455900292     
   1.1667132574782675     
   1.1669536528684934     
   1.1646659017086891     
   1.1631686748774750     
   1.1614653239186810     
   1.1614570667167312     
   1.1607261393365031     
   1.1616741493174967     
   1.1576660004386221     
   1.1555650927632419     
   1.1556591091916288     
   1.1556472797360153     
   1.1541499544542775     
   1.1534126607986588     
   1.1520095571160420     
   1.1515719351903166     
   1.1500239117292008     
   1.1474623892358049     
   1.1470015645858480     
   1.1450164180807529     
   1.1422027682085416     
   1.1414651747325708     
   1.1392523975482964     
   1.1400016601951437     
   1.1361132148105788     
   1.1342758602304110     
   1.1333650006252389     
   1.1303721119162762     
   1.1318604966694275     
   1.1321666498959557     
   1.1307690378900868     
   1.1316497455417387     
   1.1277884972751224     
   1.1264475099987239     
   1.1244765716799889     
   1.1251578398462516     
   1.1236104117967620     
   1.1232365457382929     
   1.1219672984299591     
   1.1223252660768710     
   1.1190045155157540     
   1.1179059255561894     
   1.1181079219045196     
   1.1153332451561504     
   1.1152716491433743     
   1.1132998590374652     
   1.1149518054578351     
   1.1146949727876829     
   1.1128224028586493     
   1.1103527263580633     
   1.1109459474940109     
   1.1120755628175809     
   1.1094458602160069     
   1.1077269218725558     
   1.1070915320700150     
   1.1052890971690223     
   1.1028703630626731     
   1.1023538335168570     
   1.1009955519585017     
   1.1013576610580877     
   1.1020117725535450     
   1.1021381750648023     
   1.0996634087242028     
   1.0986317939038037     
   1.0985499739594702     
   1.0971503973804781     
   1.0965203097319576     
   1.0963871900315800     
   1.0967401603590512     
   1.0957686031670639     
   1.0947407074341884     
   1.0925767144535183     
   1.0927231122536798     
   1.0915814210857386     
   1.0914097117854002     
   1.0903347601824456     
   1.0898628666520991     
   1.0890697715062270     
   1.0870322703152839     
   1.0860634617712142     
   1.0864283904569125     
   1.0858426810353139     
   1.0854655031740941     
   1.0835075660525981     
   1.0829708503601381     
   1.0826108764959055     
   1.0806864586751030     
   1.0801640011540379     
   1.0802661766279074     
   1.0801015871453687     
   1.0781676510701144     
   1.0766491102397107     
   1.0748470221219395     
   1.0749144286943244     
   1.0749877076916492     
   1.0770038594871691     
   1.0764081761161113     
   1.0757609572523348     
   1.0732261818121414     
   1.0721276938075821     
   1.0707696297669242     
   1.0715206669751278     
   1.0699599356277265     
   1.0686787971738776     
   1.0667788820159665     
   1.0646201838784779     
   1.0637061524649936     
   1.0648232697120419     
   1.0634380341564129     
   1.0640575770418423     
   1.0619856079729826     
   1.0622273700122005     
   1.0619818085001462     
   1.0600223880433994     
   1.0587382602678310     
   1.0580322791972274     
   1.0560312815727095     
   1.0538080357341348     
   1.0539899202991792     
   1.0551539504800227     
   1.0544919956697456     
   1.0531175059631042     
   1.0524736437513538     
   1.0519746298919406     
   1.0501790805301792     
   1.0503966356520684     
   1.0496158826647599     
   1.0488061713216477     
   1.0471285369404342     
   1.0473153975849618     
   1.0460506493861106     
   1.0455846967897720     
   1.0452369825032863     
   1.0457734874568527     
   1.0445088124094004     
   1.0419268822430101     
   1.0413138660868411     
   1.0435081575676284     
   1.0422566112900917     
   1.0404800735528250     
   1.0396526407317874     
   1.0376737334052970     
   1.0364104001473362     
   1.0358969764074812     
   1.0352773047473831     
   1.0341541356485424     
   1.0339454814620661     
   1.0346231600979003     
   1.0334243997556545     
   1.0318583982672234     
   1.0312302810387159     
   1.0309365308954197     
   1.0297441810054873     
   1.0314674285245813     
   1.0300033158189026     
   1.0303446205112197     
   1.0294062113834870     
   1.0282973874732211     
   1.0273496478848514     
   1.0272605332600715     
   1.0264761132222324     
   1.0252259474575154     
   1.0237224346808314     
   1.0248030831673787     
   1.0243239179471688     
   1.0234092579870473     
   1.0234741705606782     
   1.0221692700110345     
   1.0212172080748927     
   1.0202660319394654     
   1.0203961659679572     
   1.0196402215076577     
   1.0179048284257066     
   1.0172538144517427     
   1.0173542294490971     
   1.0166798218747843     
   1.0172584974826020     
   1.0162560389861566     
   1.0148156359162948     
   1.0151513783667074     
   1.0148998075045341     
   1.0131568431621023     
   1.0128273468784332     
   1.0141494662505730     
   1.0114634119710320     
   1.0112753137793788     
   1.0098071961626232     
   1.0098700657127140     
   1.0100788801342055     
   1.0083635047645025     
   1.0073853258860936     
   1.0068576611632101     
   1.0060711584863133     
   1.0050999322209284     
   1.0068183471425070     
   1.0048598483427928     
   1.0033643105509140     
   1.0047949818974564     
   1.0040113084701803     
   1.0028655142652116     
   1.0023673605463872     
   1.0024060823295060     
   1.0010009069221659     
   1.0008554206618003     
   1.0009926971686680     
   1.0007228168246951     
   1.0004480567279710     
  0.99870216983966431     
  0.99851437664245191     
  0.99696362703618147     
  0.99629190177953564     
  0.99716286726567993     
  0.99662891041751811     
  0.99554254587944246     
  0.99469353661822346     
  0.99481247436769737     
  0.99360353288827852     
  0.99270212325669571     
  0.99281839416662720     
  0.99281188402265830     
  0.99138764016928216     
  0.99126327183041618     
  0.99216701120043049     
  0.98941176836439193     
  0.98864345260095876     
  0.98912408750253666     
  0.98920539594213086     
  0.98884672013782060     
  0.98843650471306743     
  0.98879541346940802     
  0.98836261584138019     
  0.98871301781593424     
  0.98828719972988432     
  0.98826332717324405     
  0.98839681490424913     
  0.98608955217286054     
  0.98688724366829284     
  0.98574872124827717     
  0.98419351633449415     
  0.98557617339633208     
  0.98431293716704493     
  0.98465372592838407     
  0.98486246973048264     
  0.98414958729202395     
  0.98228713727269268     
  0.98242236615584344     
  0.98104854239666983     
  0.98166375086797530     
  0.98169073659644057     
  0.98171854319948715     
  0.97969860202662151     
  0.97892406633846651     
  0.97939895379568875     
  0.97822115436122892     
  0.97843641466255926     
  0.97712509869489128     
  0.97699188007515558     
  0.97665586418024686     
  0.97571079846966913     
  0.97522523637122849     
  0.97543383862365529     
  0.97457793890365174     
  0.97487729279834734     
  0.97428719540697784     
  0.97317883048774190     
  0.97299192316306515     
  0.97314539519828547     
  0.97370158513063332     
  0.97238261893189271     
  0.97142761087950025     
  0.97240637057018398     
  0.97173177944589673     
  0.97060750948469865     
  0.97075720003211785     
  0.97000701099831499     
  0.96933909328707701     
  0.96889634377972889     
  0.96878975524933408     
  0.96856011339674319     
  0.96742172628190581     
  0.96642554324404883     
  0.96588157901695726     
  0.96557279419781716     
  0.96619431020627233     
  0.96565109868005194     
  0.96417861998018450     
  0.96544173747164297     
  0.96472775392817955     
  0.96471633852608818     
  0.96443827248091318     
  0.96503629216675546     
  0.96386208226632342     
  0.96362130773606736     
  0.96477389569067884     
  0.96366355446544227     
  0.96280223293462497     
  0.96133659744843258     
