 TEMP->   3.0000000000000000     
 DENSITY->  0.94999998807907104     
 N->         864
 CUTOFF->   3.2999999523162842     
 NUM_STEPS->       10000
   0.0000000000000000     
   0.0000000000000000     
   0.0000000000000000     
   0.0000000000000000     
   0.0000000000000000     
   0.0000000000000000     
   0.0000000000000000     
   0.0000000000000000     
   0.0000000000000000     
   0.0000000000000000     
   0.0000000000000000     
   0.0000000000000000     
   0.0000000000000000     
   0.0000000000000000     
   0.0000000000000000     
   0.0000000000000000     
   0.0000000000000000     
   0.0000000000000000     
   0.0000000000000000     
   0.0000000000000000     
   0.0000000000000000     
   0.0000000000000000     
   0.0000000000000000     
   0.0000000000000000     
   0.0000000000000000     
   0.0000000000000000     
   0.0000000000000000     
   0.0000000000000000     
   0.0000000000000000     
   0.0000000000000000     
   0.0000000000000000     
   0.0000000000000000     
   0.0000000000000000     
   0.0000000000000000     
   0.0000000000000000     
   0.0000000000000000     
   0.0000000000000000     
   0.0000000000000000     
   0.0000000000000000     
   0.0000000000000000     
   0.0000000000000000     
   0.0000000000000000     
   0.0000000000000000     
   0.0000000000000000     
   0.0000000000000000     
   0.0000000000000000     
   0.0000000000000000     
   0.0000000000000000     
   0.0000000000000000     
   0.0000000000000000     
   0.0000000000000000     
   0.0000000000000000     
   0.0000000000000000     
   0.0000000000000000     
   0.0000000000000000     
   0.0000000000000000     
   0.0000000000000000     
   0.0000000000000000     
   0.0000000000000000     
   0.0000000000000000     
   0.0000000000000000     
   0.0000000000000000     
   0.0000000000000000     
   0.0000000000000000     
   0.0000000000000000     
   0.0000000000000000     
   0.0000000000000000     
   0.0000000000000000     
   0.0000000000000000     
   0.0000000000000000     
   0.0000000000000000     
   0.0000000000000000     
   0.0000000000000000     
   0.0000000000000000     
   0.0000000000000000     
   0.0000000000000000     
   0.0000000000000000     
   0.0000000000000000     
   0.0000000000000000     
   6.1430135665421982E-006
   4.4935050531158138E-005
   2.5426686664704244E-004
   1.1722484329850251E-003
   4.2460258007283131E-003
   1.4028848325249242E-002
   3.5648023061771367E-002
   7.9350159885770322E-002
  0.15365849921930783     
  0.26936479364156091     
  0.42723551097446333     
  0.62218263436151600     
  0.85200200690173777     
   1.0985092920056156     
   1.3467807488335992     
   1.5917395589615317     
   1.8118163704564443     
   1.9962431215371890     
   2.1533082416682041     
   2.2699197414323824     
   2.3507566997015945     
   2.4031009324743953     
   2.4176316043964277     
   2.4179569923695001     
   2.3858205535953507     
   2.3449940233164690     
   2.2873513796009481     
   2.2174736379329931     
   2.1487448580580772     
   2.0681596130637137     
   1.9922170159346406     
   1.9135783366088377     
   1.8339798888114771     
   1.7549977402176919     
   1.6781555169098594     
   1.6102586541693160     
   1.5396958423248008     
   1.4714997661318987     
   1.4096569765308795     
   1.3516574541802007     
   1.2966023019042696     
   1.2460152588253330     
   1.1975318052587651     
   1.1460178895506554     
   1.1043122432684407     
   1.0670746032786362     
   1.0300764854444855     
  0.99015428616278800     
  0.96042858201011316     
  0.93111669572037914     
  0.90298110318013991     
  0.87836633540379827     
  0.85587712984613473     
  0.83365461076505265     
  0.81137308278845732     
  0.79546076452162495     
  0.78017547885692529     
  0.76496873629250162     
  0.75352197724740644     
  0.73931816776824133     
  0.72999957021842332     
  0.72169254991594645     
  0.71200404498170911     
  0.70533087079306178     
  0.70149459267170666     
  0.69488605226078237     
  0.68931110759773329     
  0.68752162289545538     
  0.68655320276173359     
  0.68680550087037018     
  0.68671951091061467     
  0.68876323618363255     
  0.69251347220835247     
  0.69300123558360738     
  0.69758230980973002     
  0.70168782075564629     
  0.70767277065914980     
  0.71382125772075555     
  0.72133000330533026     
  0.73092975614816991     
  0.74041060505450684     
  0.74923743490548134     
  0.75853383280034870     
  0.77006031919092111     
  0.78314064869621791     
  0.79636205210742739     
  0.80875905118528379     
  0.82387019068685441     
  0.84075174386995721     
  0.85290169339432498     
  0.86985598099878925     
  0.88657937774862250     
  0.90360845588951377     
  0.92064806151974488     
  0.93740746057840085     
  0.95429262855419783     
  0.97256413054078128     
  0.98806824254415293     
   1.0025417457273171     
   1.0187250770841769     
   1.0362121102297053     
   1.0528294915559162     
   1.0691625355415273     
   1.0837825838256887     
   1.1001521173561792     
   1.1138434259039780     
   1.1255233844485451     
   1.1381653231708921     
   1.1487889934745954     
   1.1612380979254762     
   1.1693342882550128     
   1.1792820802595281     
   1.1886655923973384     
   1.1930619981534918     
   1.1982172897131662     
   1.2016550633891110     
   1.2037257414400453     
   1.2058469834190428     
   1.2034850504362287     
   1.2020632141799132     
   1.1988329418423844     
   1.1915503085488011     
   1.1893147471750354     
   1.1845721534220435     
   1.1780584858079182     
   1.1699813014055611     
   1.1599365716033292     
   1.1541524046017597     
   1.1420530207876816     
   1.1308358729549790     
   1.1193729835593684     
   1.1086380120808099     
   1.0984083603109185     
   1.0876514965560242     
   1.0753593010673421     
   1.0642472046944720     
   1.0541176455034493     
   1.0440801095144876     
   1.0308488107354028     
   1.0206182337412195     
   1.0115663742307590     
   1.0018565875165699     
  0.99152912874246424     
  0.98313139881060796     
  0.97347674593321576     
  0.96499275208516622     
  0.95848591760134927     
  0.95024245687051556     
  0.94292312642857490     
  0.93768253376353328     
  0.93141699703707004     
  0.92619619985948998     
  0.92003307673517043     
  0.91688340253597633     
  0.91215479562684343     
  0.90744543952476930     
  0.90471586828571804     
  0.90159314552523073     
  0.90120967889932846     
  0.89820380013875090     
  0.90029480685889562     
  0.89971190062316009     
  0.89962767122078313     
  0.90005198272157605     
  0.90167822783689822     
  0.90173844561392880     
  0.90424305608077427     
  0.90642439239858408     
  0.90974084228886842     
  0.91181182646496384     
  0.91598031409188208     
  0.91871809372092272     
  0.92353212449587241     
  0.92782225617580871     
  0.93189132309707956     
  0.93584483397692830     
  0.94184792890205249     
  0.94628511648418479     
  0.95060577866665175     
  0.95539905145583037     
  0.96146572173591283     
  0.96751452951424299     
  0.97294493490987510     
  0.97863541841321755     
  0.98473673052585076     
  0.99011639041501165     
  0.99515615704971139     
   1.0000777800071767     
   1.0045552174918584     
   1.0099936232705493     
   1.0162424432092421     
   1.0221100943919710     
   1.0254820763489727     
   1.0301321061414572     
   1.0331585198997308     
   1.0360885803652979     
   1.0399428582437296     
   1.0439345225684609     
   1.0459031531571970     
   1.0500199025844887     
   1.0524604319262263     
   1.0534889359907584     
   1.0550666877769015     
   1.0581364693389648     
   1.0586095821579069     
   1.0586268313542551     
   1.0598401147385155     
   1.0590311646751496     
   1.0591679153206459     
   1.0596540004666919     
   1.0591922537010925     
   1.0593089109978853     
   1.0571379794180318     
   1.0566337358626539     
   1.0555705031273308     
   1.0545913290029161     
   1.0503938566607800     
   1.0479864218873582     
   1.0457547002996919     
   1.0416708816798745     
   1.0388087090361584     
   1.0379120083435871     
   1.0343579470959068     
   1.0326237232522599     
   1.0290944770411312     
   1.0259912292734965     
   1.0214444620688303     
   1.0186539655755136     
   1.0148489197748276     
   1.0107604588233541     
   1.0066423602761010     
   1.0046678699981391     
   1.0022285941328366     
  0.99845632118625360     
  0.99597800710731588     
  0.99408564047414794     
  0.99161019540582584     
  0.98881824071075175     
  0.98483101678818741     
  0.98227088985351008     
  0.97916836040360233     
  0.97712951423224181     
  0.97521912686231726     
  0.97435436399581599     
  0.97311250059667687     
  0.97109570288133740     
  0.96899531858523924     
  0.96796571291705835     
  0.96810488082750934     
  0.96685327013221622     
  0.96606352703393017     
  0.96644428129679993     
  0.96569932082733456     
  0.96565696935976741     
  0.96631616500734741     
  0.96724135787764787     
  0.96825512554108806     
  0.96867196239895470     
  0.96924172338847281     
  0.97022970479769333     
  0.97130882625036064     
  0.97254256598740896     
  0.97360123264749321     
  0.97498130865437993     
  0.97735612943710870     
  0.97844629691543239     
  0.98066505706536389     
  0.98204093673786097     
  0.98340324699541171     
  0.98549651894772305     
  0.98777925356015384     
  0.98924168602892482     
  0.99009016149199947     
  0.99219341378800874     
  0.99348606002705175     
  0.99547715558916117     
  0.99684338447731147     
  0.99942274714731005     
   1.0021507450622811     
   1.0040237959922023     
   1.0059383337745660     
   1.0074142410310680     
   1.0096011887463079     
   1.0109093012646067     
   1.0120239429842401     
   1.0140183712457600     
   1.0149740485268945     
   1.0162186940674454     
   1.0170601997322981     
   1.0178957719068233     
   1.0181171981011010     
   1.0188254255324336     
   1.0194513628035629     
   1.0202256072562828     
   1.0217236710244557     
   1.0216620016585758     
   1.0212830526162444     
   1.0221209007474321     
   1.0219202763539112     
   1.0216602090381330     
   1.0211296188610368     
   1.0217897317162405     
   1.0210760084965196     
   1.0205137996809752     
   1.0197018803668878     
   1.0195943137169392     
   1.0185819479099905     
   1.0177649633858903     
   1.0168965509982155     
   1.0161646764800039     
   1.0153903063103433     
   1.0144485991829528     
   1.0130396946418148     
   1.0126736882598055     
   1.0113501338088677     
   1.0096584985122821     
   1.0083685307233465     
   1.0076446279431748     
   1.0066587046560536     
   1.0047594982128922     
   1.0029221337972631     
   1.0023020449061155     
   1.0018570422223794     
   1.0004322874504847     
  0.99957652647660689     
  0.99799289956639281     
  0.99712993335473843     
  0.99584032306113046     
  0.99574435489038249     
  0.99395475449764636     
  0.99340375245322610     
  0.99324652717608730     
  0.99306465019684587     
  0.99205279970278060     
  0.99107158091036507     
  0.99079275862530658     
  0.99101991336513695     
  0.99091151079085316     
  0.99014826958808910     
  0.98967915761101821     
  0.98915163451034060     
  0.98855238605081985     
  0.98875910212582330     
  0.98864763297345915     
  0.98869384985831343     
  0.98839954862882196     
  0.98868434757517420     
  0.98975825578546350     
  0.98979795217731026     
  0.98951481559338017     
  0.99030360638857950     
  0.99101238832002780     
  0.99139441752094992     
  0.99188519718922430     
  0.99221018523346061     
  0.99249648452723316     
  0.99373428850613532     
  0.99392414210229840     
  0.99407145194721369     
  0.99428078170875045     
  0.99519599142965742     
  0.99692752443200328     
  0.99715284123039138     
  0.99743405156330534     
  0.99817504584913719     
  0.99943092558367697     
  0.99957635109403653     
   1.0003333501683316     
   1.0013363127262991     
   1.0020549021895135     
   1.0024124626824515     
   1.0026107244169811     
   1.0031782185794216     
   1.0033678857218580     
   1.0046308689870396     
   1.0055794528685993     
   1.0059200168916285     
   1.0064836302838458     
   1.0067224680142595     
   1.0069064321180601     
   1.0069527480685669     
   1.0070756741265443     
   1.0071480666194716     
   1.0079342656922559     
   1.0080369870377330     
   1.0073049651098129     
   1.0081384168310761     
   1.0089572564888960     
   1.0090009734995409     
   1.0085914908662630     
   1.0088575387030587     
   1.0085853534262239     
   1.0086581306978450     
   1.0085783943216147     
   1.0088090547393607     
   1.0087472156510191     
   1.0087254828714078     
   1.0081440925927299     
   1.0075927756913599     
   1.0075570766994923     
   1.0063739190368046     
   1.0059738278014343     
   1.0052499412474289     
   1.0054134654337010     
   1.0049970442333944     
   1.0035302636088386     
