 TEMP->  0.50000000000000000     
 DENSITY->   1.2000000000000000     
 N->         864
 CUTOFF->   3.2000000476837158     
 NUM_STEPS->       10000
   0.0000000000000000     
   0.0000000000000000     
   0.0000000000000000     
   0.0000000000000000     
   0.0000000000000000     
   0.0000000000000000     
   0.0000000000000000     
   0.0000000000000000     
   0.0000000000000000     
   0.0000000000000000     
   0.0000000000000000     
   0.0000000000000000     
   0.0000000000000000     
   0.0000000000000000     
   0.0000000000000000     
   0.0000000000000000     
   0.0000000000000000     
   0.0000000000000000     
   0.0000000000000000     
   0.0000000000000000     
   0.0000000000000000     
   0.0000000000000000     
   0.0000000000000000     
   0.0000000000000000     
   0.0000000000000000     
   0.0000000000000000     
   0.0000000000000000     
   0.0000000000000000     
   0.0000000000000000     
   0.0000000000000000     
   0.0000000000000000     
   0.0000000000000000     
   0.0000000000000000     
   0.0000000000000000     
   0.0000000000000000     
   0.0000000000000000     
   0.0000000000000000     
   0.0000000000000000     
   0.0000000000000000     
   0.0000000000000000     
   0.0000000000000000     
   0.0000000000000000     
   0.0000000000000000     
   0.0000000000000000     
   0.0000000000000000     
   0.0000000000000000     
   0.0000000000000000     
   0.0000000000000000     
   0.0000000000000000     
   0.0000000000000000     
   0.0000000000000000     
   0.0000000000000000     
   0.0000000000000000     
   0.0000000000000000     
   0.0000000000000000     
   0.0000000000000000     
   0.0000000000000000     
   0.0000000000000000     
   0.0000000000000000     
   0.0000000000000000     
   0.0000000000000000     
   0.0000000000000000     
   0.0000000000000000     
   0.0000000000000000     
   0.0000000000000000     
   0.0000000000000000     
   0.0000000000000000     
   0.0000000000000000     
   0.0000000000000000     
   0.0000000000000000     
   0.0000000000000000     
   0.0000000000000000     
   0.0000000000000000     
   0.0000000000000000     
   0.0000000000000000     
   0.0000000000000000     
   0.0000000000000000     
   0.0000000000000000     
   0.0000000000000000     
   0.0000000000000000     
   0.0000000000000000     
   0.0000000000000000     
   0.0000000000000000     
   0.0000000000000000     
   0.0000000000000000     
   0.0000000000000000     
   0.0000000000000000     
   0.0000000000000000     
   0.0000000000000000     
   0.0000000000000000     
   1.6887814149327009E-005
   2.0008401779929438E-004
   1.3866342551909449E-003
   7.7244029443436311E-003
   3.2353578417011843E-002
  0.10807618068529114     
  0.29443553428864228     
  0.67590640366558019     
   1.3384021918268929     
   2.3002825800989100     
   3.5147680161622370     
   4.8176777726786897     
   6.0106152831033324     
   6.8876008291495872     
   7.3216973306015660     
   7.2796378665275068     
   6.7963746442718262     
   5.9672043246674464     
   4.9694844164111931     
   3.9416804058448749     
   2.9775368535853408     
   2.1495211545227710     
   1.4912462000761184     
  0.99390760185427796     
  0.63634312804713011     
  0.39285059518869636     
  0.23439291848146804     
  0.13491225245222718     
   7.4103341002342588E-002
   3.9422217896370210E-002
   2.0370161748621333E-002
   1.0046223768376706E-002
   4.7601652748404501E-003
   2.1169969245086978E-003
   1.0093392572061237E-003
   5.4056808685177919E-004
   2.1992901097286208E-004
   1.5787893622247684E-004
   2.5408819119388779E-004
   5.5076080374970760E-004
   1.1451666415319853E-003
   2.3942757981793368E-003
   4.7629394364497304E-003
   8.9465102504762434E-003
   1.6274626127999084E-002
   2.8736637744933617E-002
   4.9255359873087171E-002
   8.0911751755742570E-002
  0.12813946882742608     
  0.19719921146873334     
  0.29278495121840176     
  0.41104031269378061     
  0.55648274799258757     
  0.72403654914341420     
  0.90594926456736502     
   1.0874063941574597     
   1.2553375540624545     
   1.3839195710609318     
   1.4584149892228064     
   1.4745682194216296     
   1.4292720603392028     
   1.3234366534077875     
   1.1755078490844151     
  0.99922826270637799     
  0.81468429171776569     
  0.63405606580989016     
  0.47377322860274335     
  0.33933754721859039     
  0.23197385017234748     
  0.15345696137600440     
   9.6830592922502720E-002
   5.8601624901744122E-002
   3.4035232618708784E-002
   1.9366093316803973E-002
   1.1330809915562987E-002
   7.5326257064521332E-003
   8.3055693130200288E-003
   1.4087008349044538E-002
   2.7449248201847118E-002
   5.3452397318678430E-002
  0.10003370663007849     
  0.18060305570984317     
  0.31049744236522331     
  0.50771953655279878     
  0.78613740967406409     
   1.1534653949396754     
   1.6084401030256006     
   2.1333074769476461     
   2.6900854573031436     
   3.2222620839997531     
   3.6775958637686554     
   3.9928051655464585     
   4.1392805314629868     
   4.0826337785512683     
   3.8411696939476609     
   3.4493088990303424     
   2.9630445156047158     
   2.4298299980714098     
   1.9071155139770164     
   1.4308602535763786     
   1.0311027806343203     
  0.71034563462213618     
  0.46909448738701931     
  0.29746002314221348     
  0.18172877514514565     
  0.10794346551223338     
   6.4679556891098139E-002
   4.4652962242754390E-002
   4.2668611475054075E-002
   6.0391561881626234E-002
   9.8760342102540283E-002
  0.16309678943293457     
  0.25914260237014147     
  0.38988326321359423     
  0.55663153113879671     
  0.75157010663701485     
  0.96059920816999655     
   1.1638988819159002     
   1.3408251111587006     
   1.4713895214138342     
   1.5354988652491408     
   1.5326729747269425     
   1.4615617373611949     
   1.3291967534615234     
   1.1561628561055117     
  0.96408168010602657     
  0.76947394658401469     
  0.59016333428084722     
  0.43669830057608700     
  0.31271237420671094     
  0.22239404468015542     
  0.16535286463445450     
  0.13779878150530936     
  0.14136919013925880     
  0.17773351809073945     
  0.24955194772222344     
  0.36013035633025609     
  0.51314629172806314     
  0.71051514008177175     
  0.94966187617455378     
   1.2178743118525559     
   1.4981978522548209     
   1.7735760843249060     
   2.0117670189004024     
   2.1925293666179266     
   2.2880369242858292     
   2.2965557887047918     
   2.2120699525359231     
   2.0449225343343849     
   1.8169348800659513     
   1.5462420563039936     
   1.2649227660868332     
  0.99403746679870786     
  0.75186161715656885     
  0.54994173238894750     
  0.39071859472472525     
  0.27509064407628836     
  0.20167855585901467     
  0.16486298672400623     
  0.16109108233987801     
  0.18490475366531076     
  0.23208951343627371     
  0.29905165036126613     
  0.37781334683246504     
  0.46114642820953200     
  0.54229503561091608     
  0.60948924587267261     
  0.65324431207144307     
  0.66995531929722452     
  0.65805725552408478     
  0.61878518051010867     
  0.55751267879927036     
  0.48132544996456550     
  0.40538582333675405     
  0.33553429500517923     
  0.28279157817712408     
  0.25963992653859297     
  0.27511829791713055     
  0.33882564259084952     
  0.46153288958693317     
  0.64995822123871172     
  0.91057384262602992     
   1.2391714280883612     
   1.6236369425044923     
   2.0430687155884963     
   2.4606736319116504     
   2.8386638970042370     
   3.1368969788073082     
   3.3219866222992716     
   3.3654688983451297     
   3.2711942105121099     
   3.0428297562903674     
   2.7172584108766018     
   2.3271848645055582     
   1.9136046127742241     
   1.5126293387263361     
   1.1546828490880925     
  0.85386695937675361     
  0.62026973452361178     
  0.45132511983169099     
  0.34233342876571032     
  0.28133699881697588     
  0.25767989485868958     
  0.26003997035838994     
  0.27793722794491793     
  0.30386537199469804     
  0.32876478081905863     
  0.34751548189340375     
  0.35489419259296168     
  0.35162172874080422     
  0.33894638451129161     
  0.31830423907793631     
  0.29414363402770954     
  0.27615658548755051     
  0.26917532250422338     
  0.28317279883536306     
  0.32719976214547775     
  0.40727090717520159     
  0.52645121591391197     
  0.68618506443457583     
  0.88045684478273489     
   1.0992091741034595     
   1.3271938204202587     
   1.5434307071256097     
   1.7236877223104590     
   1.8499630904718316     
   1.9103624024630179     
   1.8950271124471116     
   1.8082346297808172     
   1.6622879640910739     
   1.4737015194580010     
   1.2681569550434277     
   1.0701493280789600     
  0.89699509190306326     
  0.76626312553118814     
  0.68705576727327555     
  0.66175106951254903     
  0.68791050336699711     
  0.75229620845818090     
  0.84208308290037925     
  0.94435826702021153     
   1.0377386449630177     
   1.1085651316826337     
   1.1462202888026967     
   1.1434259307938832     
   1.0987082489906861     
   1.0200195436302999     
  0.91753895082224179     
  0.80791186177081575     
  0.70649246894638518     
  0.62494121846610395     
  0.57525469560422249     
  0.56342195616623181     
  0.59149394725207338     
  0.65406291475789846     
  0.74220635525055123     
  0.84313850610577157     
  0.94003432018481059     
   1.0177856103323160     
   1.0635177749664946     
   1.0731597182211774     
   1.0437831988343440     
  0.97793402618510195     
  0.88947226703417792     
  0.79353928588521316     
  0.70125786433287063     
  0.62721687444817298     
  0.58407233138859560     
  0.57586028797322519     
  0.60166579915495666     
  0.65710577448772889     
  0.73242476310925853     
  0.81775026351544455     
  0.89575333256410317     
  0.95478443145103986     
  0.99048672747234312     
  0.99823438652915164     
  0.98271058596767846     
  0.95518099389133571     
  0.93046427193033054     
  0.92936489661540345     
  0.96553477406234323     
   1.0534138481893598     
   1.2009740258135388     
   1.4053530577215150     
   1.6525073055536674     
   1.9235513655241099     
   2.1879838762263626     
   2.4135496491110189     
   2.5716289649169823     
   2.6418012747472641     
   2.6086505160881512     
   2.4780478248655742     
   2.2644558631720324     
   1.9882739370604772     
   1.6782349224561000     
   1.3631473648726702     
   1.0641964158243034     
  0.79860224902974897     
  0.57600554758679046     
  0.40105157464126007     
  0.27021390576696197     
  0.17749065429492644     
  0.11884158627487718     
   8.6824344336847312E-002
   7.7759928747872020E-002
   8.9534659865905433E-002
  0.12200445074568908     
  0.17677131832755630     
  0.25675188093457657     
  0.36312867096815221     
  0.49604395908898002     
  0.65230090104610738     
  0.82578834702091419     
   1.0066638884059227     
   1.1777578366148262     
   1.3273835216244210     
   1.4393549566319268     
   1.5012335143188771     
   1.5074966161230334     
   1.4607814568037751     
   1.3648425808340097     
   1.2343242438132522     
   1.0861972403431217     
  0.93613996569032165     
  0.79806286443190932     
  0.68137048594597227     
  0.59091171402129961     
  0.52691745201987572     
  0.48604471805948307     
  0.46220611229057024     
  0.45128607940561205     
  0.44807487124628403     
  0.45105822181481742     
  0.46218240660479287     
  0.48639017725742428     
  0.52780083840231928     
  0.59134376916220577     
  0.67960594246178174     
  0.79169068710879864     
  0.91938396011043566     
   1.0548162647282966     
   1.1819957274148452     
   1.2864715869857282     
   1.3592134948864041     
   1.3879415566731599     
   1.3735104985378590     
   1.3210032151570785     
   1.2411098839387840     
   1.1475875754830045     
   1.0560252588438530     
  0.97890026015276876     
  0.92329149495447382     
  0.89477460177760881     
  0.88693579283416890     
  0.89502097070242914     
  0.91150755523578597     
  0.92919804913502280     
  0.82240465282481612     
