 TEMP->   2.0000000000000000     
 DENSITY->  0.87999999523162842     
 N->         864
 CUTOFF->   3.2999999523162842     
 NUM_STEPS->       10000
   0.0000000000000000     
   0.0000000000000000     
   0.0000000000000000     
   0.0000000000000000     
   0.0000000000000000     
   0.0000000000000000     
   0.0000000000000000     
   0.0000000000000000     
   0.0000000000000000     
   0.0000000000000000     
   0.0000000000000000     
   0.0000000000000000     
   0.0000000000000000     
   0.0000000000000000     
   0.0000000000000000     
   0.0000000000000000     
   0.0000000000000000     
   0.0000000000000000     
   0.0000000000000000     
   0.0000000000000000     
   0.0000000000000000     
   0.0000000000000000     
   0.0000000000000000     
   0.0000000000000000     
   0.0000000000000000     
   0.0000000000000000     
   0.0000000000000000     
   0.0000000000000000     
   0.0000000000000000     
   0.0000000000000000     
   0.0000000000000000     
   0.0000000000000000     
   0.0000000000000000     
   0.0000000000000000     
   0.0000000000000000     
   0.0000000000000000     
   0.0000000000000000     
   0.0000000000000000     
   0.0000000000000000     
   0.0000000000000000     
   0.0000000000000000     
   0.0000000000000000     
   0.0000000000000000     
   0.0000000000000000     
   0.0000000000000000     
   0.0000000000000000     
   0.0000000000000000     
   0.0000000000000000     
   0.0000000000000000     
   0.0000000000000000     
   0.0000000000000000     
   0.0000000000000000     
   0.0000000000000000     
   0.0000000000000000     
   0.0000000000000000     
   0.0000000000000000     
   0.0000000000000000     
   0.0000000000000000     
   0.0000000000000000     
   0.0000000000000000     
   0.0000000000000000     
   0.0000000000000000     
   0.0000000000000000     
   0.0000000000000000     
   0.0000000000000000     
   0.0000000000000000     
   0.0000000000000000     
   0.0000000000000000     
   0.0000000000000000     
   0.0000000000000000     
   0.0000000000000000     
   0.0000000000000000     
   0.0000000000000000     
   0.0000000000000000     
   0.0000000000000000     
   0.0000000000000000     
   0.0000000000000000     
   0.0000000000000000     
   0.0000000000000000     
   0.0000000000000000     
   0.0000000000000000     
   3.1550877950950332E-006
   9.2371931270391105E-006
   1.2323599385933803E-004
   5.1069604731105757E-004
   2.2188880812550561E-003
   7.0162035720484897E-003
   2.0458022579290604E-002
   5.0993808341540936E-002
  0.10544043626786986     
  0.19818361763567005     
  0.33068932111795574     
  0.50947542342790508     
  0.72418795050837237     
  0.96914065177693010     
   1.2223915238703384     
   1.4776253022257460     
   1.7182096923231232     
   1.9367617045655210     
   2.1226456807689931     
   2.2650259796698999     
   2.3725108573405089     
   2.4446959486141253     
   2.4732417095510417     
   2.4753157182894148     
   2.4597893599214382     
   2.4265620144524838     
   2.3722038766931370     
   2.3010228197337192     
   2.2295175512803707     
   2.1579997402256765     
   2.0731926980027140     
   1.9950173324808558     
   1.9095233718256035     
   1.8283563689271733     
   1.7440841742137700     
   1.6703293823608236     
   1.5954477041889681     
   1.5274074283081986     
   1.4600512613459082     
   1.3968459439644230     
   1.3388753442285370     
   1.2832196429985503     
   1.2310083905213156     
   1.1833822330539543     
   1.1377543445609708     
   1.0954403044807128     
   1.0565169087605186     
   1.0224701783156842     
  0.98800165517497618     
  0.95664484968572805     
  0.92879140898956714     
  0.90180991719006887     
  0.87710411087881079     
  0.85206909299588673     
  0.83219147128898985     
  0.81210651971705472     
  0.79360088492691239     
  0.78012620411581124     
  0.76519420486549283     
  0.75192531092034565     
  0.73939544839974225     
  0.72695727338562144     
  0.71587053802237699     
  0.70778913459738946     
  0.70269268199557977     
  0.69682920038284502     
  0.69241682309329133     
  0.68656578310931415     
  0.68476853663893955     
  0.68285279839821422     
  0.68272015018166954     
  0.68386141092859254     
  0.68385399309038486     
  0.68384653519773408     
  0.68959388997631277     
  0.69316412644630343     
  0.69531185266808904     
  0.70245564516760051     
  0.70908445336675274     
  0.71333247008427692     
  0.72077259111646497     
  0.73011177414506079     
  0.73933387958698060     
  0.74931467658841455     
  0.75997651997136240     
  0.76808449143766422     
  0.78091177606306628     
  0.79461253759747263     
  0.80934511057149316     
  0.82265038628123610     
  0.83660512417585131     
  0.85286242815637692     
  0.86650438365661420     
  0.88268010121907770     
  0.90156250468808197     
  0.91750675010034388     
  0.93271286455490243     
  0.94915737235301922     
  0.96703096609424644     
  0.98453878098788794     
  0.99970413255836565     
   1.0157719255268856     
   1.0332284716149402     
   1.0483640118229798     
   1.0652955516036346     
   1.0814455405864827     
   1.0951764705483054     
   1.1076971824555715     
   1.1225089598264322     
   1.1363021437793783     
   1.1479049237934915     
   1.1579583181891144     
   1.1667669734900847     
   1.1782055094462396     
   1.1873438023111413     
   1.1941328978841841     
   1.1974020217668699     
   1.2031983229534664     
   1.2088058910302502     
   1.2098103309125949     
   1.2092932120267554     
   1.2091759920273593     
   1.2066221843932683     
   1.2040989656473877     
   1.1987146385945386     
   1.1938025012954645     
   1.1864808811550922     
   1.1803575754170665     
   1.1710408757956849     
   1.1612563207717146     
   1.1496190034576461     
   1.1409055297082722     
   1.1307812983036645     
   1.1190148920090421     
   1.1087832119802610     
   1.0989145977754726     
   1.0890579120431259     
   1.0784893471959143     
   1.0658924529100904     
   1.0562584858575346     
   1.0436834523242833     
   1.0335179592356523     
   1.0233239697987229     
   1.0152282385156111     
   1.0030919965078229     
  0.99433714978288557     
  0.98367093930517879     
  0.97517991115128166     
  0.96534213295095450     
  0.95645409966595407     
  0.94891193973840993     
  0.94345347844256844     
  0.93752039012460853     
  0.92987385020970637     
  0.92520588970632944     
  0.92064715915416939     
  0.91713426971513312     
  0.91225957488693221     
  0.90800483184163028     
  0.90629752812474806     
  0.90223729432454158     
  0.90042614030589962     
  0.90020229723473366     
  0.89718812728474551     
  0.89717649222914297     
  0.89553655947421873     
  0.89841658801936730     
  0.89875480344619840     
  0.90030470435536181     
  0.90111995560804914     
  0.90361303078872124     
  0.90611665361296567     
  0.90841412792591203     
  0.91031787935107600     
  0.91359359764864378     
  0.91615264178238376     
  0.92064259775099722     
  0.92563323904806971     
  0.93185795658662762     
  0.93633527224513435     
  0.94165874995065513     
  0.94609549687541672     
  0.95083782360296409     
  0.95718538553577159     
  0.96283048198013954     
  0.96584972041357209     
  0.97180244564261553     
  0.97870264219299441     
  0.98356832193401167     
  0.98882605717985472     
  0.99440027586895186     
   1.0000047603870972     
   1.0047791385188980     
   1.0110091948495874     
   1.0156270681815516     
   1.0199771968189790     
   1.0250986070996664     
   1.0300168070764222     
   1.0345058553037541     
   1.0377698814774661     
   1.0399721322429349     
   1.0436744488689340     
   1.0475018639501887     
   1.0499624323850403     
   1.0525521160334987     
   1.0531563201400636     
   1.0541046964099783     
   1.0571226091062411     
   1.0583866432650215     
   1.0589891551337693     
   1.0605822718140179     
   1.0604901781379168     
   1.0599567545235868     
   1.0606031582334174     
   1.0594139074428333     
   1.0604516340231989     
   1.0587154500895912     
   1.0548915215472709     
   1.0550814420590511     
   1.0531161406400646     
   1.0514088672489366     
   1.0501048792812324     
   1.0483299527812766     
   1.0463718964458748     
   1.0423260034712907     
   1.0397106150892212     
   1.0368023992346593     
   1.0334033020090538     
   1.0306243392712913     
   1.0277318664101716     
   1.0252651607493386     
   1.0227574268212343     
   1.0187421392872145     
   1.0151292162292498     
   1.0121462188908938     
   1.0077855921356840     
   1.0054902227218909     
   1.0023939361521275     
  0.99988142816189962     
  0.99833184818056442     
  0.99565304570745694     
  0.99272022947029936     
  0.98768151518039327     
  0.98545473034317677     
  0.98422087286221560     
  0.98141798126787860     
  0.97865944555227191     
  0.97573914587193655     
  0.97369904180331202     
  0.97296672633070391     
  0.97255695633656614     
  0.97041160957898998     
  0.96880600960614449     
  0.96877947627121519     
  0.96788983997038491     
  0.96721445069150080     
  0.96639483172255469     
  0.96665606241757662     
  0.96759583029188445     
  0.96708444689257267     
  0.96770713244702822     
  0.96759557304798494     
  0.96831700697126954     
  0.96947677044083913     
  0.96943046143204414     
  0.96943102562319283     
  0.97157219560027630     
  0.97238769044904794     
  0.97421353250538079     
  0.97620846697560804     
  0.97700645992121082     
  0.97829073312375636     
  0.97928072148679790     
  0.98100141383612993     
  0.98278726712010889     
  0.98405222225146072     
  0.98629266018389683     
  0.98838503884640649     
  0.99039252979548986     
  0.99305999913953102     
  0.99508146707218270     
  0.99593609672103967     
  0.99825335672376880     
   1.0001412522360658     
   1.0002489705434479     
   1.0029810961049306     
   1.0045160984153949     
   1.0042356286319973     
   1.0061912751660393     
   1.0086095159943052     
   1.0103837292044591     
   1.0121899268366403     
   1.0131655219806164     
   1.0145152412669922     
   1.0153933130346131     
   1.0166957145871727     
   1.0172589044274782     
   1.0200321927904996     
   1.0213569388024082     
   1.0202431710479682     
   1.0216732365168091     
   1.0220303448249111     
   1.0226542573730060     
   1.0220845673540897     
   1.0226178253007117     
   1.0227386536622283     
   1.0212989093198193     
   1.0213991484547986     
   1.0204909960326272     
   1.0194826736587945     
   1.0188696180811079     
   1.0182812629572020     
   1.0170797883179263     
   1.0173159476278197     
   1.0169845934500101     
   1.0158438172435773     
   1.0169781504361723     
   1.0157407318537126     
   1.0147067342839162     
   1.0133693597476521     
   1.0126984518862214     
   1.0112533035408238     
   1.0109948735178047     
   1.0088910853664446     
   1.0075823578696046     
   1.0064623632613101     
   1.0043418079314852     
   1.0043253375899639     
   1.0032867614821674     
   1.0021785938421188     
   1.0011319586999983     
  0.99953068097357167     
  0.99839009611225771     
  0.99795048067446279     
  0.99725079120007609     
  0.99730160105919319     
  0.99581800668429499     
  0.99390056099433177     
  0.99395439202444713     
  0.99250547768664066     
  0.99190275145215612     
  0.99211007468459067     
  0.99078723171564109     
  0.99038155622931934     
  0.98978643601624305     
  0.98983232727624393     
  0.98846682230094207     
  0.98927711361735426     
  0.98929185996350122     
  0.98967946925224770     
  0.98932159271178666     
  0.98888597042909010     
  0.98932081864110399     
  0.98979614027855667     
  0.98902805286635354     
  0.98968737247848459     
  0.98951705217241726     
  0.98982201514902457     
  0.99067726516331012     
  0.99145774613386128     
  0.99229561384749132     
  0.99271924803652589     
  0.99347535873172110     
  0.99345761901797736     
  0.99525391867362045     
  0.99478828362505112     
  0.99477471140085016     
  0.99583488464403047     
  0.99601085676006640     
  0.99700247333879621     
  0.99774855084070813     
  0.99819909017510478     
  0.99819136966776734     
  0.99780771081352315     
  0.99904824445045648     
   1.0003445717539499     
   1.0004207285451845     
   1.0009645148408846     
   1.0017208955711434     
   1.0025406295540651     
   1.0028454772583677     
   1.0032506918464366     
   1.0048299677488122     
   1.0044420022363658     
   1.0058049907822577     
   1.0065562773300623     
   1.0063296084084106     
   1.0065202957510777     
   1.0079254305140224     
   1.0074862151916499     
   1.0072843939027454     
   1.0075830862490902     
   1.0078775633927857     
   1.0069658414272424     
   1.0074051901643208     
   1.0072241904175780     
   1.0073888170019525     
   1.0079197329675380     
   1.0072657479531613     
   1.0081030807506881     
   1.0083588258634086     
   1.0080768239464759     
   1.0081385956549349     
   1.0075302628656999     
   1.0070015132638865     
   1.0061216759289995     
   1.0069310150675206     
   1.0065095098986594     
   1.0055722605650281     
   1.0065231757510595     
   1.0064339270405414     
   1.0056891024823942     
   1.0051373780869635     
   1.0043107235135562     
   1.0038517168858756     
   1.0033232209449596     
