 TEMP->   2.0000000000000000     
 DENSITY->  0.75000000000000000     
 N->         864
 CUTOFF->   3.2999999523162842     
 NUM_STEPS->       10000
   0.0000000000000000     
   0.0000000000000000     
   0.0000000000000000     
   0.0000000000000000     
   0.0000000000000000     
   0.0000000000000000     
   0.0000000000000000     
   0.0000000000000000     
   0.0000000000000000     
   0.0000000000000000     
   0.0000000000000000     
   0.0000000000000000     
   0.0000000000000000     
   0.0000000000000000     
   0.0000000000000000     
   0.0000000000000000     
   0.0000000000000000     
   0.0000000000000000     
   0.0000000000000000     
   0.0000000000000000     
   0.0000000000000000     
   0.0000000000000000     
   0.0000000000000000     
   0.0000000000000000     
   0.0000000000000000     
   0.0000000000000000     
   0.0000000000000000     
   0.0000000000000000     
   0.0000000000000000     
   0.0000000000000000     
   0.0000000000000000     
   0.0000000000000000     
   0.0000000000000000     
   0.0000000000000000     
   0.0000000000000000     
   0.0000000000000000     
   0.0000000000000000     
   0.0000000000000000     
   0.0000000000000000     
   0.0000000000000000     
   0.0000000000000000     
   0.0000000000000000     
   0.0000000000000000     
   0.0000000000000000     
   0.0000000000000000     
   0.0000000000000000     
   0.0000000000000000     
   0.0000000000000000     
   0.0000000000000000     
   0.0000000000000000     
   0.0000000000000000     
   0.0000000000000000     
   0.0000000000000000     
   0.0000000000000000     
   0.0000000000000000     
   0.0000000000000000     
   0.0000000000000000     
   0.0000000000000000     
   0.0000000000000000     
   0.0000000000000000     
   0.0000000000000000     
   0.0000000000000000     
   0.0000000000000000     
   0.0000000000000000     
   0.0000000000000000     
   0.0000000000000000     
   0.0000000000000000     
   0.0000000000000000     
   0.0000000000000000     
   0.0000000000000000     
   0.0000000000000000     
   0.0000000000000000     
   0.0000000000000000     
   0.0000000000000000     
   0.0000000000000000     
   0.0000000000000000     
   0.0000000000000000     
   0.0000000000000000     
   0.0000000000000000     
   0.0000000000000000     
   0.0000000000000000     
   0.0000000000000000     
   1.0838306543664073E-005
   3.8794289889249034E-005
   2.3073286426285319E-004
   1.2042006844630152E-003
   4.5614752599367515E-003
   1.3489046658343060E-002
   3.3172036722644134E-002
   6.9962510167054098E-002
  0.13255658139041529     
  0.22700467992257267     
  0.35572844506070533     
  0.51591276717611212     
  0.70358982796471214     
  0.90917382961123261     
   1.1201347040424894     
   1.3268774339883762     
   1.5194402744914322     
   1.6933179963667957     
   1.8425896754876545     
   1.9663745409487292     
   2.0562818545077963     
   2.1157346618577018     
   2.1598575779063274     
   2.1850589439849037     
   2.1819008927363464     
   2.1639232242857771     
   2.1416226046733935     
   2.1061137339082809     
   2.0623163299554221     
   2.0022618561103180     
   1.9484350588983759     
   1.8856552779182192     
   1.8300510153673217     
   1.7699175775732898     
   1.7180762340988673     
   1.6609821158713503     
   1.6036186696150241     
   1.5500319734222381     
   1.4944988403136490     
   1.4432931841735652     
   1.3929325077515822     
   1.3492305569771010     
   1.3101421857014310     
   1.2662157581893103     
   1.2289287393233619     
   1.1941909794428462     
   1.1617381187275986     
   1.1262558078280780     
   1.0958311660716147     
   1.0678548269334271     
   1.0419214077856305     
   1.0197976560682813     
  0.99328009758598546     
  0.96950992257827207     
  0.94815363508499184     
  0.92729429355305237     
  0.91319322852994800     
  0.89359742639725892     
  0.87819073949757454     
  0.86489724786998856     
  0.84895139147923748     
  0.83990341333921814     
  0.82934322377697722     
  0.81883271548063674     
  0.81076389929639425     
  0.80180033893372249     
  0.79555400134721388     
  0.78882048440956021     
  0.78415679285411544     
  0.77974528874021964     
  0.77781775675771148     
  0.76958645395411929     
  0.76609676912955471     
  0.76673720215960384     
  0.76376680478449344     
  0.76306490177193809     
  0.76510842531964607     
  0.76648123698382065     
  0.76768990301642870     
  0.76796052114363000     
  0.77065544212162906     
  0.77427855596744977     
  0.77943523151189575     
  0.78265692412823862     
  0.78618694131452982     
  0.79194523972189557     
  0.79607160913920050     
  0.80486260458151060     
  0.81208718535500357     
  0.82176514376729470     
  0.82947319240013184     
  0.83800810190844766     
  0.84849315316963081     
  0.85841165971053801     
  0.87013301047323410     
  0.87876817453543987     
  0.88845845610572205     
  0.90031716841486420     
  0.91160266263989354     
  0.92533758928174625     
  0.93655217918501954     
  0.94679982855770273     
  0.95980119425565991     
  0.97159398238669892     
  0.98466219829164303     
  0.99750550809237615     
   1.0069102101042957     
   1.0184915286296525     
   1.0295186922866222     
   1.0426811497061479     
   1.0564681329523153     
   1.0649450305895918     
   1.0772780489152824     
   1.0856081838548022     
   1.0944100714228222     
   1.1031606655476702     
   1.1107037873896852     
   1.1165893526675810     
   1.1230744657856575     
   1.1292732053897709     
   1.1314506695777369     
   1.1361642765017226     
   1.1405900981563677     
   1.1406424887357403     
   1.1404575749430297     
   1.1411638344078834     
   1.1394867038369887     
   1.1366499739855145     
   1.1320403442647902     
   1.1307348465276685     
   1.1270823499855638     
   1.1223717661189150     
   1.1181530272878670     
   1.1126324223130220     
   1.1068274983328477     
   1.1024298671319319     
   1.0983108371321895     
   1.0927500698391222     
   1.0862995343948412     
   1.0795367688079827     
   1.0739813990530893     
   1.0650987180219167     
   1.0592581405085539     
   1.0534480957893433     
   1.0459966452259912     
   1.0403707544402070     
   1.0338088874970952     
   1.0273715879381113     
   1.0216283990359429     
   1.0114067445032635     
   1.0069060349499992     
   1.0003173525234177     
  0.99369285342200009     
  0.98857930529257165     
  0.98523547658071875     
  0.98033776438980558     
  0.97669216214650512     
  0.97026182975893960     
  0.96672941622087094     
  0.96241725812861756     
  0.96014443457563070     
  0.95764789858442922     
  0.95516370170070886     
  0.95144376285204790     
  0.94917751273099837     
  0.94636359544798554     
  0.94513382282594760     
  0.94470545982280973     
  0.94306528365528763     
  0.94317765022206002     
  0.94339325854654577     
  0.94384128806386347     
  0.94217994265309291     
  0.94316253104396486     
  0.94255052456889121     
  0.94384239439391904     
  0.94434940131076339     
  0.94524524755498662     
  0.94465591535891824     
  0.94774053952975967     
  0.94871676825902540     
  0.95041586924887567     
  0.95082184014111693     
  0.95343879057439784     
  0.95654475314170917     
  0.95864198476646911     
  0.96132409372283212     
  0.96364518770885854     
  0.96778262664143566     
  0.96986191260922561     
  0.97163465426048656     
  0.97362579757270917     
  0.97886959216885960     
  0.98170474384470352     
  0.98450100775009008     
  0.98842897992585943     
  0.98911067730376179     
  0.99142274485253057     
  0.99493935192924132     
  0.99596252453672141     
  0.99945804531710747     
   1.0018922685215930     
   1.0047126937581512     
   1.0073909561873178     
   1.0090460891605397     
   1.0109861551441259     
   1.0133020207285466     
   1.0184012830623730     
   1.0200611345488202     
   1.0221219515791327     
   1.0230688228835263     
   1.0243301855638982     
   1.0248996169945950     
   1.0267735221590113     
   1.0270009242401070     
   1.0281105652969624     
   1.0284391265308728     
   1.0292889151301865     
   1.0288601887863027     
   1.0298051551185234     
   1.0311066820977679     
   1.0311418196440818     
   1.0312868551184629     
   1.0301993765764275     
   1.0306432028402095     
   1.0306545761924619     
   1.0298171097485489     
   1.0297860080958725     
   1.0288083677743651     
   1.0280569511437725     
   1.0268914461970091     
   1.0271382049303939     
   1.0254975362837890     
   1.0230993575027205     
   1.0219098465057621     
   1.0211404089539560     
   1.0188001553542410     
   1.0178833729644092     
   1.0169991125934714     
   1.0150042096605632     
   1.0134376509571645     
   1.0116825944453836     
   1.0104613749423395     
   1.0100817581991863     
   1.0078923311174841     
   1.0064916238600856     
   1.0046027751473987     
   1.0046062500362865     
   1.0028034224539379     
   1.0008556797727919     
  0.99939783535976168     
  0.99754592403305498     
  0.99598637126048162     
  0.99388720093683780     
  0.99254411901430051     
  0.99281983146221797     
  0.99171611574617780     
  0.99113830273862424     
  0.98962482508036986     
  0.98845720739110776     
  0.98715322678245443     
  0.98558111241235069     
  0.98604499240345123     
  0.98629089150734695     
  0.98546995040030216     
  0.98541040028335503     
  0.98434040863974015     
  0.98556802661105158     
  0.98480008224324078     
  0.98515853035830014     
  0.98519132137019083     
  0.98703030496623678     
  0.98570379636595118     
  0.98598291628602852     
  0.98685478403163573     
  0.98773938292612695     
  0.98729374672938064     
  0.98832352660199096     
  0.98732148508162998     
  0.98870184639101455     
  0.99018333194867114     
  0.99028157783825743     
  0.98991003204053418     
  0.99158300089198970     
  0.99252735779157497     
  0.99230174093089607     
  0.99390138122579463     
  0.99473239375822864     
  0.99520158650110491     
  0.99730489903088626     
  0.99742409519112063     
  0.99621542321436962     
  0.99748504501620239     
   1.0001936717665114     
   1.0016894479166609     
   1.0020695034430549     
   1.0027496111473142     
   1.0021950543224951     
   1.0025027252780163     
   1.0023657894460281     
   1.0040802863278884     
   1.0051624023693833     
   1.0061598156477134     
   1.0058368022252364     
   1.0060904814989087     
   1.0076436228003722     
   1.0071059119166521     
   1.0066022492145548     
   1.0057522228863789     
   1.0069225176187997     
   1.0070799980543754     
   1.0081332913034271     
   1.0081927051202590     
   1.0073353522229722     
   1.0084930517054067     
   1.0077574887516685     
   1.0089894525620449     
   1.0089024449624970     
   1.0096447298695552     
   1.0085744895025845     
   1.0077499617636818     
   1.0076014438657905     
   1.0076584827524515     
   1.0081265091326270     
   1.0079835483237827     
   1.0070007539762988     
   1.0076512747615816     
   1.0075446871826610     
   1.0071150495663101     
   1.0068830155236308     
   1.0068675505783411     
   1.0055675717850223     
   1.0055613443330229     
   1.0052484094307683     
   1.0057084834480408     
   1.0038136775660682     
   1.0037575136056216     
   1.0033073414924782     
   1.0020809277363989     
   1.0030848313792597     
   1.0024170691519549     
   1.0024661216152098     
   1.0013738674725778     
   1.0012080069030942     
   1.0007604390486369     
   1.0005368463772546     
   1.0002706897645590     
   1.0006535842111386     
   1.0007915347757501     
   1.0000666991605363     
  0.99904800160966223     
  0.99990416018810291     
  0.99951415193944537     
  0.99933823044129466     
  0.99883194788108398     
  0.99799649511661670     
  0.99706606263457542     
  0.99726443883882487     
  0.99826480886940971     
  0.99685182195339628     
  0.99684940325683413     
  0.99694450778525567     
  0.99626726486288131     
  0.99654264039254126     
  0.99617615140998617     
  0.99710443016678485     
  0.99692339553840603     
  0.99682208895438862     
  0.99630706173208305     
  0.99757071597840619     
  0.99743027095054326     
  0.99753351870718177     
  0.99770595621826230     
  0.99760807432043475     
  0.99743811014790118     
  0.99787499091993392     
  0.99850011203350653     
  0.99846608797110403     
  0.99740787350372551     
  0.99813134430789163     
  0.99941987251392450     
  0.99905685040607306     
  0.99966825336247211     
   1.0003404225706298     
  0.99993858036303229     
  0.99963047602403821     
   1.0008021714033128     
   1.0005679006287311     
   1.0011252297553304     
   1.0018135089386642     
   1.0011226969740734     
   1.0011100797712871     
   1.0019018783245306     
   1.0008829579830054     
   1.0014617004489825     
   1.0019311616500330     
   1.0026627785635658     
   1.0022572755949801     
   1.0019829958954320     
   1.0019303773759680     
   1.0024290652605881     
   1.0016465250016739     
   1.0019718454810467     
   1.0020666034806682     
   1.0031342080723222     
   1.0023794527310039     
   1.0030616669323196     
   1.0039676190537674     
   1.0038375447806884     
   1.0038065856251943     
   1.0034699602612465     
   1.0032327205559601     
   1.0036020900015665     
   1.0028855744585434     
   1.0032359950053324     
   1.0041053232787469     
   1.0036075498682708     
   1.0028535083782366     
   1.0020335713982429     
   1.0015644586498824     
   1.0023822220962089     
   1.0025624013027814     
   1.0027002358108450     
   1.0021868055519583     
   1.0029539902763072     
   1.0027162571686161     
   1.0021034686709946     
   1.0023812917824633     
   1.0013397218182059     
   1.0011934541712835     
   1.0012734371653151     
   1.0012230411275609     
   1.0020052132107486     
   1.0023040029503056     
   1.0020921887347849     
   1.0015450822248988     
   1.0010227254675164     
   1.0017651566744676     
   1.0012592199766730     
   1.0016285345236164     
   1.0005142501704958     
   1.0003099891400644     
  0.99872940482673200     
