   1357.2160279399925       -7205.5267348137095       -5848.3107068737172     
   1356.4458173774603       -7204.6294526521160       -5848.1836352746559     
   1354.9416024486461       -7203.1257732876702       -5848.1841708390239     
   1352.7033576904957       -7201.0148864069552       -5848.3115287164592     
   1349.7313375208225       -7198.2958941490442       -5848.5645566282219     
   1346.0260933816426       -7194.9678283488638       -5848.9417349672212     
   1341.5884962769719       -7191.0296737608642       -5849.4411774838918     
   1336.4197648707911       -7186.4803973290627       -5850.0606324582714     
   1330.5214989501833       -7181.3189837857290       -5850.7974848355461     
   1323.8957185410015       -7175.5444773994823       -5851.6487588584805     
   1316.5449093878030       -7169.1560306861420       -5852.6111212983387     
   1308.4720734180869       -7162.1529597327535       -5853.6808863146671     
   1299.6807853667974       -7154.5348064486980       -5854.8540210819010     
   1290.1752548222821       -7146.3014081060601       -5856.1261532837780     
   1279.9603950913158       -7137.4529740092885       -5857.4925789179724     
   1269.0418969498278       -7127.9901700885939       -5858.9482731387661     
   1257.4263042907105       -7117.9142103449349       -5860.4879060542244     
   1245.1211007334023       -7107.2269556911533       -5862.1058549577510     
   1232.1348011375835       -7095.9310215277555       -5863.7962203901716     
   1218.4770415372989       -7084.0298918893104       -5865.5528503520118     
   1204.1586818508242       -7071.5280407597011       -5867.3693589088771     
   1189.1919060502478       -7058.4310614999467       -5869.2391554496990     
   1173.5903223682376       -7044.7458004909213       -5871.1554781226841     
   1157.3690739725491       -7030.4804976643109       -5873.1114236917620     
   1140.5449471948411       -7015.6449316048038       -5875.0999844099624     
   1123.1364769676707       -7000.2505686360209       -5877.1140916683507     
   1105.1640572540928       -6984.3107128455122       -5879.1466555914194     
   1086.6500475038201       -6967.8406586973797       -5881.1906111935596     
   1067.6188637390326       -6950.8578396036301       -5883.2389758645977     
   1048.0970681871172       -6933.3819734740537       -5885.2849052869369     
   1028.1134584015958       -6915.4352002276837       -5887.3217418260883     
   1007.6991396113915       -6897.0422119630903       -5889.3430723516985     
   986.88757505548301       -6878.2303664371648       -5891.3427913816813     
   965.71462948837279       -6859.0297857558880       -5893.3151562675157     
   944.21857314197314       -6839.4734298871153       -5895.2548567451422     
   922.44008494251148       -6819.5971474080225       -5897.1570624655105     
   900.42223381782458       -6799.4396963656072       -5899.0174625477830     
   878.21040826290027       -6779.0427304259165       -5900.8323221630162     
   855.85221281766735       -6758.4507447696442       -5902.5985319519768     
   833.39734051325911       -6737.7109802097157       -5904.3136396964564     
   810.89745141067101       -6716.8732839436298       -5905.9758325329585     
   788.40595071101541       -6695.9899265019985       -5907.5839757909835     
   765.97772585296207       -6675.1153577837558       -5909.1376319307938     
   743.66892715866459       -6654.3059247332794       -5910.6369975746147     
   721.53664639219232       -6633.6195400296656       -5912.0828936374728     
   699.63858255143953       -6613.1152996489209       -5913.4767170974810     
   678.03264126034787       -6592.8530640691579       -5914.8204228088098     
   656.77656425240298       -6572.8929931999073       -5916.1164289475046     
   635.92756445083080       -6553.2950701976970       -5917.3675057468663     
   615.54181286312178       -6534.1185868133080       -5918.5767739501862     
   595.67407620650852       -6515.4216206996571       -5919.7475444931488     
   576.37729659344438       -6497.2605212641220       -5920.8832246706779     
   557.70212692902817       -6479.6893878520359       -5921.9872609230079     
   539.69656584985921       -6462.7595761128750       -5923.0630102630157     
   522.40555248646149       -6446.5192310601215       -5924.1136785736599     
   505.87061561614797       -6431.0128523906005       -5925.1422367744526     
   490.12956872767205       -6416.2809101046660       -5926.1513413769935     
   475.21622135067349       -6402.3595148882860       -5927.1432935376124     
   461.16023624550832       -6389.2801389778760       -5928.1199027323673     
   447.98687626682863       -6377.0694126106255       -5929.0825363437971     
   435.71687217805828       -6365.7489613159605       -5930.0320891379024     
   424.36636921382660       -6355.3353341710972       -5930.9689649572701     
   413.94682513076702       -6345.8399619541833       -5931.8931368234162     
   404.46516165136882       -6337.2692142562873       -5932.8040526049190     
   395.92375283905449       -6329.6244846865939       -5933.7007318475389     
   388.32050576395659       -6322.9023361690488       -5934.5818304050918     
   381.64906548406117       -6317.0946976007726       -5935.4456321167117     
   375.89900474946262       -6312.1890982409832       -5936.2900934915206     
   371.05602396873684       -6308.1689338182196       -5937.1129098494830     
   367.10224264957571       -6305.0137662462657       -5937.9115235966901     
   364.01627547142840       -6302.6996325389100       -5938.6833570674817     
   361.77362414966990       -6301.1993795976523       -5939.4257554479827     
   360.34705015401386       -6300.4830116228977       -5940.1359614688836     
   359.70674208107368       -6300.5180287094681       -5940.8112866283946     
   359.82065561515276       -6301.2697813501272       -5941.4491257349746     
   360.65485831746878       -6302.7018028261327       -5942.0469445086637     
   362.17392482632755       -6304.7761583811734       -5942.6022335548460     
   364.34096506241070       -6307.4537517351491       -5943.1127866727384     
   367.11789678572217       -6310.6946303116683       -5943.5767335259461     
   370.46599797629892       -6314.4582856110446       -5943.9922876347455     
   374.34598665153322       -6318.7039307958466       -5944.3579441443135     
   378.71824770534704       -6323.3907484750125       -5944.6725007696659     
   383.54320026830015       -6328.4781325928470       -5944.9349323245469     
   388.78130108332755       -6333.9259027298449       -5945.1446016465170     
   394.39328562578578       -6339.6945010056043       -5945.3012153798181     
   400.34048200316107       -6345.7451680316217       -5945.4046860284607     
   406.58482509804298       -6352.0401104321600       -5945.4552853341174     
   413.08918277182164       -6358.5426330320233       -5945.4534502602019     
   419.81740612977524       -6365.2172784602935       -5945.3998723305185     
   426.73437565796428       -6372.0299214050629       -5945.2955457470989     
   433.80623405937115       -6378.9478653449178       -5945.1416312855463     
   441.00017000578555       -6385.9399002391765       -5944.9397302333909     
   448.28488871466647       -6392.9763941858037       -5944.6915054711371     
   455.63072865006603       -6400.0293341873021       -5944.3986055372361     
   463.00945423525781       -6407.0723609975494       -5944.0629067622913     
   470.39421817754572       -6414.0807814707132       -5943.6865632931676     
   477.75969568686679       -6421.0315994348257       -5943.2719037479592     
   485.08217249464531       -6427.9035071743810       -5942.8213346797356     
   492.33953590768095       -6434.6768907433197       -5942.3373548356385     
   499.51140137346084       -6441.3338160249159       -5941.8224146514549     
   506.57890837058500       -6447.8580036774938       -5941.2790953069089     
   513.52465800334346       -6454.2347977778300       -5940.7101397744864     
   520.33274309992919       -6460.4511257956265       -5940.1183826956976     
   526.98898828470351       -6466.4954699718674       -5939.5064816871636     
   533.48076654890303       -6472.3578042837298       -5938.8770377348264     
   539.79689553465244       -6478.0295641698258       -5938.2326686351735     
   545.92762262312556       -6483.5035565932631       -5937.5759339701372     
   551.86418939974942       -6488.7738946058698       -5936.9097052061206     
   557.59942747553271       -6493.8359415034647       -5936.2365140279317     
   563.12748931217084       -6498.6862497072680       -5935.5587603950971     
   568.44357207281018       -6503.3224824086028       -5934.8789103357922     
   573.54400464165121       -6507.7433146886970       -5934.1993100470454     
   578.42606937511528       -6511.9483769064200       -5933.5223075313043     
   583.08818759487099       -6515.9381849683523       -5932.8499973734815     
   587.52963812834003       -6519.7140617564728       -5932.1844236281331     
   591.75045770637121       -6523.2780573865139       -5931.5275996801429     
   595.75180472863337       -6526.6329044829681       -5930.8810997543351     
   599.53572284886684       -6529.7819384513796       -5930.2462156025131     
   603.10458488097436       -6532.7290339183746       -5929.6244490374002     
   606.46114944534725       -6535.4785341494480       -5929.0173847041006     
   609.60906267212886       -6538.0352351408792       -5928.4261724687503     
   612.55272305900360       -6540.4043211204553       -5927.8515980614520     
   615.29674283672557       -6542.5913278340176       -5927.2945849972921     
   617.84618628974874       -6544.6020997338619       -5926.7559134441135     
   620.20637059651824       -6546.4427705275657       -5926.2363999310473     
   622.38305189969742       -6548.1197227066395       -5925.7366708069421     
   624.38271434785099       -6549.6395887035469       -5925.2568743556958     
   626.21198606574944       -6551.0091959745550       -5924.7972099088056     
   627.87762820636397       -6552.2355531030307       -5924.3579248966671     
   629.38674708172312       -6553.3258468365311       -5923.9390997548080     
   630.74676286398562       -6554.2874136394094       -5923.5406507754233     
   631.96513025995455       -6555.1277060865077       -5923.1625758265527     
   633.04955013674612       -6555.8542943074281       -5922.8047441706822     
   634.00803243525297       -6556.4748337627288       -5922.4668013274759     
   634.84850647188148       -6556.9970456516212       -5922.1485391797396     
   635.57896248005352       -6557.4286941305863       -5921.8497316505327     
   636.20767999248073       -6557.7775611650222       -5921.5698811725415     
   636.74286754635864       -6558.0514298516118       -5921.3085623052530     
   637.19271146925325       -6558.2580433190578       -5921.0653318498044     
   637.56542045745357       -6558.4050894590418       -5920.8396690015879     
   637.86895768827310       -6558.5001756657921       -5920.6312179775186     
   638.11128214889516       -6558.5508077054938       -5920.4395255565987     
   638.30030336153175       -6558.5643514407620       -5920.2640480792306     
   638.44379855691318       -6558.5480301291673       -5920.1042315722543     
   638.54933309710498       -6558.5088768870964       -5919.9595437899916     
   638.62419854557447       -6558.4537337377724       -5919.8295351921979     
   638.67553276913384       -6558.3892132210513       -5919.7136804519178     
   638.71040342459321       -6558.3216984745814       -5919.6112950499883     
   638.73568195772543       -6558.2573048155491       -5919.5216228578238     
   638.75793751375261       -6558.2018699719574       -5919.4439324582045     
   638.78340795194913       -6558.1609318547871       -5919.3775239028382     
   638.81803954824932       -6558.1397260393569       -5919.3216864911074     
   638.86732242137077       -6558.1431497466501       -5919.2758273252794     
   638.93665989705300       -6558.1757730688887       -5919.2391131718359     
   639.03100021037653       -6558.2418150929198       -5919.2108148825428     
   639.15473607990998       -6558.3451199497977       -5919.1903838698872     
   639.31207629223115       -6558.4891725766738       -5919.1770962844430     
   639.50685068699613       -6558.6770808292631       -5919.1702301422665     
   639.74240432269210       -6558.9115582257245       -5919.1691539030326     
   640.02182394560407       -6559.1949649635653       -5919.1731410179609     
   640.34803079688470       -6559.5292583903401       -5919.1812275934553     
   640.72317988673842       -6559.9160233142065       -5919.1928434274678     
   641.14898543628919       -6560.3564507597530       -5919.2074653234640     
   641.62719297040405       -6560.8513905343416       -5919.2241975639372     
   642.15905494141168       -6561.4013256955632       -5919.2422707541518     
   642.74534443436369       -6562.0063948342040       -5919.2610503998403     
   643.38669085011975       -6562.6664126928999       -5919.2797218427804     
   644.08339232842002       -6563.3808848419885       -5919.2974925135686     
   644.83539492959812       -6564.1490237328726       -5919.3136288032747     
   645.64215712365854       -6564.9697751374833       -5919.3276180138246     
   646.50279193056588       -6565.8418319475695       -5919.3390400170038     
   647.41646248602467       -6566.7636738971378       -5919.3472114111128     
   648.38234658043245       -6567.7335978673982       -5919.3512512869656     
   649.39927075835965       -6568.7497288294562       -5919.3504580710969     
   650.46568086617469       -6569.8100324965153       -5919.3443516303405     
   651.57969807602535       -6570.9123496648299       -5919.3326515888048     
   652.73927799016440       -6572.0544246749250       -5919.3151466847603     
   653.94250899460042       -6573.2339332542660       -5919.2914242596653     
   655.18734725517413       -6574.4484944439000       -5919.2611471887258     
   656.47168737527477       -6575.6956966619264       -5919.2240092866514     
   657.79356227329936       -6576.9731162782291       -5919.1795540049297     
   659.15081218155672       -6578.2783233803448       -5919.1275111987879     
   660.54098688885028       -6579.6088825873130       -5919.0678956984630     
   661.96158066612520       -6580.9623885240508       -5919.0008078579258     
   663.41042037395698       -6582.3364729354116       -5918.9260525614545     
   664.88540907136723       -6583.7288091142709       -5918.8434000429033     
   666.38425923249031       -6585.1371124119842       -5918.7528531794942     
   667.90463065783251       -6586.5591352076426       -5918.6545045498096     
   669.44414514588959       -6587.9926772494364       -5918.5485321035467     
   671.00032778551929       -6589.4355990077556       -5918.4352712222362     
   672.57075020044215       -6590.8858149620455       -5918.3150647616030     
   674.15324425431072       -6592.3413134739940       -5918.1880692196828     
   675.74575190227745       -6593.8001284870152       -5918.0543765847378     
   677.34621475632525       -6595.2603536921533       -5917.9141389358283     
   678.95279496591729       -6596.7201505968396       -5917.7673556309219     
   680.56338089777796       -6598.1777167548717       -5917.6143358570935     
   682.17561017542721       -6599.6313059885633       -5917.4556958131361     
   683.78736123154306       -6601.0792261406696       -5917.2918649091262     
   685.39688767989162       -6602.5198655179120       -5917.1229778380202     
   687.00241747224243       -6603.9516623658174       -5916.9492448935753     
   688.60205506052887       -6605.3731011125365       -5916.7710460520075     
   690.19388086640470       -6606.7827283600936       -5916.5888474936892     
   691.77601482453485       -6608.1791329198777       -5916.4031180953425     
   693.34704732113426       -6609.5609969886073       -5916.2139496674727     
   694.90526839405425       -6610.9270337320959       -5916.0217653380414     
   696.44897468945817       -6612.2760136251118       -5915.8270389356539     
   697.97675918945004       -6613.6067763835772       -5915.6300171941275     
   699.48698822196729       -6614.9182031534910       -5915.4312149315238     
   700.97822129983581       -6616.2092287613759       -5915.2310074615398     
   702.44908803071473       -6617.4788357027210       -5915.0297476720061     
   703.89814378474955       -6618.7260447572635       -5914.8279009725138     
   705.32405921636803       -6619.9499084844338       -5914.6258492680654     
   706.72521805302608       -6621.1495051356460       -5914.4242870826201     
   708.10036734747757       -6622.3239389682540       -5914.2235716207761     
   709.44846023305126       -6623.4723344400609       -5914.0238742070096     
   710.76804373833806       -6624.5937984765860       -5913.8257547382482     
   712.05792938382046       -6625.6874608351936       -5913.6295314513736     
   713.31682910981010       -6626.7524215350204       -5913.4355924252104     
   714.54354366978373       -6627.7877472055188       -5913.2442035357353     
   715.73675631789524       -6628.7925051631755       -5913.0557488452805     
   716.89470749845987       -6629.7656803432728       -5912.8709728448130     
   718.01610444380606       -6630.7062476000974       -5912.6901431562910     
   719.09958275764166       -6631.6131143918883       -5912.5135316342466     
   720.14345582478859       -6632.4851407866663       -5912.3416849618779     
   721.14635282678034       -6633.3211480341597       -5912.1747952073792     
   722.10688605412099       -6634.1198987323587       -5912.0130126782378     
   723.02356954245624       -6634.8801162847885       -5911.8565467423323     
   723.89484453304772       -6635.6004600486176       -5911.7056155155697     
   724.71912234947945       -6636.2795716626997       -5911.5604493132205     
   725.49514137701658       -6636.9160703206489       -5911.4209289436321     
   726.22171283738930       -6637.5085683771204       -5911.2868555397308     
   726.89732084497507       -6638.0556620388415       -5911.1583411938664     
   727.52042814473270       -6638.5559527279374       -5911.0355245832052     
   728.08983832400997       -6639.0080971707221       -5910.9182588467120     
   728.60416132959313       -6639.4108035219642       -5910.8066421923713     
   729.06218695691791       -6639.7628336353091       -5910.7006466783914     
   729.46313820791102       -6640.0630694177489       -5910.5999312098375     
   729.80593999764210       -6640.3104911973696       -5910.5045511997278     
   730.08979247642640       -6640.5042047628394       -5910.4144122864127     
   730.31404348865794       -6640.6434714261695       -5910.3294279375114     
   730.47816856509417       -6640.7277273064374       -5910.2495587413432     
   730.58197724223112       -6640.7566049992529       -5910.1746277570219     
   730.62525079699435       -6640.7299350749154       -5910.1046842779215     
   730.60801190950610       -6640.6477549235242       -5910.0397430140183     
   730.53048013040154       -6640.5103484435422       -5909.9798683131403     
   730.39318390879794       -6640.3182350116649       -5909.9250511028667     
   730.19701404334296       -6640.0721760670222       -5909.8751620236790     
   729.94297370136849       -6639.7731859600653       -5909.8302122586965     
   729.63215158644357       -6639.4225114714864       -5909.7903598850426     
   729.26612205030381       -6639.0216663702231       -5909.7555443199190     
   728.84658388739058       -6638.5723921135204       -5909.7258082261296     
   728.37511635146473       -6638.0766486920747       -5909.7015323406104     
   727.85378298738863       -6637.5366268563421       -5909.6828438689536     
   727.28490199481269       -6636.9547191950678       -5909.6698172002552     
   726.67107182479890       -6636.3335127829450       -5909.6624409581464     
   726.01494548381982       -6635.6757577252256       -5909.6608122414054     
   725.31913794355694       -6634.9843381682867       -5909.6652002247301     
   724.58649771773673       -6634.2622629024063       -5909.6757651846692     
   723.81993601463103       -6633.5126409494833       -5909.6927049348524     
   723.02233380841642       -6632.7386399502493       -5909.7163061418332     
   722.19656525999585       -6631.9434812454901       -5909.7469159854945     
   721.34573291057598       -6631.1304148108529       -5909.7846819002771     
   720.47298476016647       -6630.3026680886205       -5909.8296833284539     
   719.58138352232311       -6629.4634598801231       -5909.8820763577996     
   718.67392937415923       -6628.6159360644833       -5909.9420066903240     
   717.75377145710297       -6627.7631729709428       -5910.0094015138402     
   716.82394039581357       -6626.9081490927865       -5910.0842086969733     
   715.88717708431079       -6626.0537092932791       -5910.1665322089684     
   714.94617968910541       -6625.2025676853973       -5910.2563879962918     
   714.00336367347961       -6624.3572776445426       -5910.3539139710629     
   713.06121692979241       -6623.5202290742618       -5910.4590121444689     
   712.12217479498759       -6622.6936276436754       -5910.5714528486878     
   711.18827915651229       -6621.8794847721110       -5910.6912056155988     
   710.26146471115203       -6621.0796195930461       -5910.8181548818939     
   709.34356664135964       -6620.2956564901524       -5910.9520898487926     
   708.43633260167655       -6619.5290154278910       -5911.0926828262145     
   707.54114773215201       -6618.7809123027764       -5911.2397645706242     
   706.65925068189017       -6618.0523540229651       -5911.3931033410754     
   705.79189152665469       -6617.3441609397260       -5911.5522694130714     
   704.94009108588989       -6616.6569612214107       -5911.7168701355204     
   704.10471198638436       -6615.9911915788825       -5911.8864795924983     
   703.28655651443307       -6615.3471258568106       -5912.0605693423777     
   702.48613163996833       -6614.7248513741397       -5912.2387197341714     
   701.70373715698724       -6614.1243076332976       -5912.4205704763099     
   700.93979066638781       -6613.5453033620724       -5912.6055126956844     
   700.19459061004341       -6612.9874920675547       -5912.7929014575111     
   699.46837984252193       -6612.4504139100718       -5912.9820340675496     
   698.76082110437983       -6611.9334933204200       -5913.1726722160402     
   698.07138502763405       -6611.4360510980632       -5913.3646660704289     
   697.40022770513428       -6610.9573622989292       -5913.5571345937951     
   696.74758684031656       -6610.4966355574925       -5913.7490487171763     
   696.11306910064411       -6610.0530141131621       -5913.9399450125184     
   695.49612861378341       -6609.6256160426146       -5914.1294874288315     
   694.89643620430309       -6609.2135402469103       -5914.3171040426068     
   694.31346690172279       -6608.8158795295349       -5914.5024126278122     
   693.74691877926682       -6608.4317632892789       -5914.6848445100122     
   693.19669336131665       -6608.0603457149673       -5914.8636523536507     
   692.66245069656622       -6607.7008257464404       -5915.0383750498740     
   692.14378325762846       -6607.3524579827726       -5915.2086747251442     
   691.64036692052764       -6607.0145678612889       -5915.3742009407615     
   691.15209672276364       -6606.6865876422908       -5915.5344909195273     
   690.67883596262539       -6606.3680251349697       -5915.6891891723444     
   690.22028331844433       -6606.0585086959254       -5915.8382253774807     
   689.77638510432212       -6605.7577716897958       -5915.9813865854740     
   689.34739987250521       -6605.4656872942414       -5916.1182874217366     
   688.93362953800056       -6605.1822358362142       -5916.2486062982134     
   688.53548999850057       -6604.9075333255159       -5916.3720433270155     
   688.15340462391578       -6604.6417931884389       -5916.4883885645231     
   687.78749555387878       -6604.3853487961551       -5916.5978532422760     
   687.43845070191924       -6604.1386519612115       -5916.7002012592920     
   687.10698930307888       -6603.9022515787847       -5916.7952622757057     
   686.79351204099942       -6603.6767788930028       -5916.8832668520035     
   686.49848868353251       -6603.4629438526599       -5916.9644551691272     
   686.22273409754291       -6603.2615313947281       -5917.0387972971848     
   685.96721630730667       -6603.0733798474421       -5917.1061635401356     
   685.73236394890080       -6602.8993455649806       -5917.1669816160802     
   685.51881220958148       -6602.7403060023335       -5917.2214937927520     
   685.32729205715964       -6602.5971534010250       -5917.2698613438652     
   685.15852022352738       -6602.4707594322399       -5917.3122392087125     
   685.01304742151433       -6602.3619626132058       -5917.3489151916910     
   684.89147184443652       -6602.2715633662156       -5917.3800915217789     
   684.79454712215920       -6602.2002945876457       -5917.4057474654865     
   684.72247497403816       -6602.1488047865687       -5917.4263298125306     
   684.67564190199096       -6602.1176637096496       -5917.4420218076584     
   684.65447711081208       -6602.1073433230595       -5917.4528662122475     
   684.65916489004849       -6602.1181952179886       -5917.4590303279401     
   684.68974515014986       -6602.1504526047565       -5917.4607074546066     
   684.74596809116201       -6602.2042089464203       -5917.4582408552578     
   684.82749495032556       -6602.2794303245364       -5917.4519353742107     
   684.93397714027617       -6602.3759410204175       -5917.4419638801410     
   685.06523644597598       -6602.4934402190111       -5917.4282037730354     
   685.22084295305035       -6602.6314705388595       -5917.4106275858094     
   685.40030595929943       -6602.7894445302172       -5917.3891385709176     
   685.60273435836382       -6602.9666159412636       -5917.3638815828999     
   685.82700953334870       -6603.1621063653974       -5917.3350968320483     
   686.07222714494264       -6603.3749104307026       -5917.3026832857595     
   686.33702282846127       -6603.6038885904900       -5917.2668657620288     
   686.62004968700603       -6603.8477858126416       -5917.2277361256356     
   686.92018011435016       -6604.1052381410573       -5917.1850580267073     
   687.23601767909145       -6604.3747847586501       -5917.1387670795584     
   687.56596926820441       -6604.6548672378321       -5917.0888979696274     
   687.90817094019053       -6604.9438387896489       -5917.0356678494582     
   688.26085217781281       -6605.2399987731887       -5916.9791465953758     
   688.62246222929434       -6605.5416094779448       -5916.9191472486509     
   688.99128778354930       -6605.8468853558697       -5916.8555975723202     
   689.36557234940653       -6606.1540192412494       -5916.7884468918428     
   689.74369198079103       -6606.4612130690093       -5916.7175210882178     
   690.12381747763811       -6606.7666585155048       -5916.6428410378667     
   690.50404929669344       -6607.0685811402864       -5916.5645318435927     
   690.88268146223379       -6607.3652512748558       -5916.4825698126224     
   691.25819299595980       -6607.6550097021518       -5916.3968167061921     
   691.62917674521600       -6607.9362855546478       -5916.3071088094321     
   691.99426928586911       -6608.2075830343410       -5916.2133137484716     
   692.35214855251513       -6608.4675364849018       -5916.1153879323865     
   692.70125610631851       -6608.7148627896377       -5916.0136066833193     
   693.04044452220933       -6608.9484523301635       -5915.9080078079542     
   693.36869207337816       -6609.1673277772197       -5915.7986357038417     
   693.68502040307567       -6609.3706833001161       -5915.6856628970399     
   693.98853431170733       -6609.5578720532849       -5915.5693377415773     
   694.27853214047320       -6609.7284291113983       -5915.4498969709248     
   694.55487357029540       -6609.8820703497295       -5915.3271967794344     
   694.81745359307763       -6610.0187029072767       -5915.2012493141992     
   695.06587290614971       -6610.1383918156516       -5915.0725189095019     
   695.29999222750928       -6610.2413638604903       -5914.9413716329809     
   695.51993956196793       -6610.3280494056989       -5914.8081098437306     
   695.72568935742481       -6610.3989965277615       -5914.6733071703366     
   695.91742498349947       -6610.4549127821228       -5914.5374877986233     
   696.09552427965161       -6610.4966440463713       -5914.4011197667196     
   696.26066751148278       -6610.5251595865266       -5914.2644920750436     
   696.41354223395990       -6610.5415229167720       -5914.1279806828124     
   696.55467420418074       -6610.5468475062198       -5913.9921733020392     
   696.68498395573533       -6610.5423412086247       -5913.8573572528894     
   696.80552042153795       -6610.5292268106459       -5913.7237063891080     
   696.91702361466275       -6610.5087365674071       -5913.5917129527443     
   697.02006737397664       -6610.4820801224887       -5913.4620127485123     
   697.11542180076128       -6610.4504469020667       -5913.3350251013053     
   697.20399838112246       -6610.4149667932488       -5913.2109684121260     
   697.28662216709733       -6610.3767086293974       -5913.0900864623000     
   697.36396645156344       -6610.3366446442697       -5912.9726781927066     
   697.43642725040661       -6610.2956440479438       -5912.8592167975376     
   697.50430086701510       -6610.2544596457128       -5912.7501587786974     
   697.56805838151604       -6610.2137408113931       -5912.6456824298766     
   697.62809581404451       -6610.1739979629683       -5912.5459021489241     
   697.68498792189644       -6610.1356438276835       -5912.4506559057872     
   697.73895243639004       -6610.0989530791958       -5912.3600006428060     
   697.78982760646807       -6610.0640658388002       -5912.2742382323322     
   697.83763033562332       -6610.0310268400517       -5912.1933965044282     
   697.88216839096788       -6609.9997823970916       -5912.1176140061234     
   697.92316180680518       -6609.9701768165614       -5912.0470150097563     
   697.96060570478642       -6609.9420096692329       -5911.9814039644461     
   697.99464535147683       -6609.9150280008444       -5911.9203826493676     
   698.02508298231919       -6609.8889063020097       -5911.8638233196907     
   698.05156173619116       -6609.8633148724612       -5911.8117531362695     
   698.07383449805798       -6609.8379056617505       -5911.7640711636923     
   698.09161276455063       -6609.8123305666895       -5911.7207178021390     
   698.10449423274929       -6609.7862702882949       -5911.6817760555459     
   698.11207308075200       -6609.7594179607850       -5911.6473448800334     
   698.11451278283835       -6609.7315564811142       -5911.6170436982757     
   698.11202224048884       -6609.7025335185226       -5911.5905112780338     
   698.10443036388801       -6609.6722287816510       -5911.5677984177628     
   698.09172547429796       -6609.6406136608857       -5911.5488881865876     
   698.07408717707551       -6609.6077553348450       -5911.5336681577692     
   698.05192513009501       -6609.5738105833289       -5911.5218854532341     
   698.02556068473245       -6609.5390187995990       -5911.5134581148668     
   697.99544413554622       -6609.5037289688298       -5911.5082848332841     
   697.96205259906060       -6609.4683661737290       -5911.5063135746686     
   697.92575417763999       -6609.4334450891938       -5911.5076909115542     
   697.88698822108120       -6609.3995636304116       -5911.5125754093306     
   697.84633647498231       -6609.3674100994067       -5911.5210736244244     
   697.80479536402731       -6609.3377469036495       -5911.5329515396224     
   697.76327013996547       -6609.3114036459974       -5911.5481335060322     
   697.72234455990576       -6609.2892504161182       -5911.5669058562125     
   697.68285885421858       -6609.2721894582910       -5911.5893306040725     
   697.64582940895218       -6609.2611622062022       -5911.6153327972497     
   697.61210156282709       -6609.2571246712478       -5911.6450231084209     
   697.58253488017442       -6609.2610018750074       -5911.6784669948329     
   697.55792221227171       -6609.2736994355728       -5911.7157772233013     
   697.53895209231973       -6609.2960735394017       -5911.7571214470818     
   697.52664296704415       -6609.3289350539008       -5911.8022920868571     
   697.52185116405906       -6609.3730086852720       -5911.8511575212133     
   697.52500161687965       -6609.4289180080823       -5911.9039163912030     
   697.53645630637857       -6609.4971588389490       -5911.9607025325704     
   697.55658979346117       -6609.5781210236782       -5912.0215312302171     
   697.58575785791561       -6609.6720456595376       -5912.0862878016223     
   697.62419936111826       -6609.7790408203609       -5912.1548414592426     
   697.67183349158893       -6609.8990293077331       -5912.2271958161446     
   697.72845709434989       -6610.0317691115306       -5912.3033120171804     
   697.79369653698961       -6610.1768642534171       -5912.3831677164271     
   697.86716230217201       -6610.3337411572493       -5912.4665788550774     
   697.94855825772174       -6610.5016726153199       -5912.5531143575981     
   698.03728478020412       -6610.6797652402020       -5912.6424804599974     
   698.13252461787533       -6610.8669631571156       -5912.7344385392407     
   698.23355608173642       -6611.0620713239132       -5912.8285152421768     
   698.33939045706620       -6611.2637663532896       -5912.9243758962239     
   698.44881209434948       -6611.4706100982630       -5913.0217980039133     
   698.56065744846023       -6611.6810589614615       -5913.1204015130015     
   698.67360603268810       -6611.8934957964339       -5913.2198897637454     
   698.78634886377063       -6612.1062363799920       -5913.3198875162216     
   698.89783906863204       -6612.3175759774949       -5913.4197369088633     
   699.00693944655563       -6612.5257786751254       -5913.5188392285700     
   699.11205441819891       -6612.7291005495372       -5913.6170461313386     
   699.21176555652573       -6612.9258245167639       -5913.7140589602386     
   699.30492988656476       -6613.1142755999736       -5913.8093457134091     
   699.39023338029301       -6613.2928336058058       -5913.9026002255123     
   699.46632521612128       -6613.4599490148066       -5913.9936237986858     
   699.53219343837418       -6613.6141753468710       -5914.0819819084973     
   699.58690609684550       -6613.7541838949455       -5914.1672777981003     
   699.62927115157652       -6613.8787392730983       -5914.2494681215221     
   699.65825962120709       -6613.9867465601592       -5914.3284869389518     
   699.67320277120155       -6614.0772641058438       -5914.4040613346424     
   699.67352581708610       -6614.1495073161659       -5914.4759814990794     
   699.65888436250873       -6614.2028464363457       -5914.5439620738371     
   699.62897773239627       -6614.2368280150504       -5914.6078502826540     
   699.58374405303482       -6614.2511636536628       -5914.6674196006279     
   699.52321983767126       -6614.2457390643885       -5914.7225192267169     
   699.44750008006054       -6614.2206180614394       -5914.7731179813791     
   699.35712198066381       -6614.1760637277284       -5914.8189417470649     
   699.25264185913750       -6614.1125006761831       -5914.8598588170453     
   699.13436107429652       -6614.0305346704126       -5914.8961735961166     
   699.00292685123213       -6613.9309612566385       -5914.9280344054059     
   698.85948703330268       -6613.8147732390617       -5914.9552862057590     
   698.70535205747069       -6613.6831438989193       -5914.9777918414484     
   698.54177740146463       -6613.5374056859218       -5914.9956282844569     
   698.37020662925579       -6613.3790623549085       -5915.0088557256531     
   698.19237644127827       -6613.2097917683150       -5915.0174153270364     
   698.00983066617857       -6613.0313985411822       -5915.0215678750037     
   697.82446050184603       -6612.8458454433294       -5915.0213849414831     
   697.63807497026278       -6612.6551988632955       -5915.0171238930325     
   697.45259235685671       -6612.4616540323195       -5915.0090616754624     
   697.26996712885091       -6612.2675078938682       -5914.9975407650172     
   697.09223023179050       -6612.0751144276865       -5914.9828841958961     
   696.92190565466956       -6611.8869103694869       -5914.9650047148170     
   696.76122784932886       -6611.7053617482079       -5914.9441338988790     
   696.61241145524241       -6611.5329258512857       -5914.9205143960435     
   696.47763707410957       -6611.3720378031430       -5914.8944007290338     
   696.35887743135788       -6611.2250982766791       -5914.8662208453215     
   696.25818236689827       -6611.0944390436653       -5914.8362566767673     
   696.17752158318888       -6610.9822974173303       -5914.8047758341418     
   696.11865823242158       -6610.8907844384876       -5914.7721262060659     
   696.08329429270327       -6610.8218753756601       -5914.7385810829564     
   696.07297260771611       -6610.7773719692987       -5914.7043993615825     
   696.08919806092103       -6610.7588998749225       -5914.6697018140012     
   696.13323575114725       -6610.7678708994981       -5914.6346351483508     
   696.20602300779603       -6610.8054794321779       -5914.5994564243820     
   696.30835532266565       -6610.8726951946037       -5914.5643398719385     
   696.44088606579396       -6610.9702529335045       -5914.5293668677105     
   696.60405663155666       -6611.0986378334865       -5914.4945812019296     
   696.79815340328776       -6611.2581178295059       -5914.4599644262180     
   697.02347402843429       -6611.4487179647440       -5914.4252439363099     
   697.27991665410889       -6611.6702444487883       -5914.3903277946793     
   697.56694306427960       -6611.9222760447456       -5914.3553329804663     
   697.88413086194441       -6612.2041975485154       -5914.3200666865705     
   698.23085391121981       -6612.5152268240608       -5914.2843729128408     
   698.60602015561597       -6612.8543986680525       -5914.2483785124368     
   699.00870384549114       -6613.2206163764286       -5914.2119125309373     
   699.43793185343827       -6613.6126706293226       -5914.1747387758842     
   699.89238722778805       -6614.0292417981627       -5914.1368545703745     
   700.37098022102214       -6614.4689562283938       -5914.0979760073715     
   700.87244323617438       -6614.9303665999978       -5914.0579233638236     
   701.39530539459668       -6615.4119988186549       -5914.0166934240578     
   701.93826279074801       -6615.9123664598956       -5913.9741036691476     
   702.49974236548996       -6616.4299512191492       -5913.9302088536588     
   703.07835102619890       -6616.9632696320978       -5913.8849186058987     
   703.67288159219299       -6617.5108398817383       -5913.8379582895450     
   704.28164085859339       -6618.0711904756035       -5913.7895496170104     
   704.90298331595602       -6618.6428779661755       -5913.7398946502199     
   705.53574179083853       -6619.2244904254203       -5913.6887486345822     
   706.17864480103412       -6619.8146383838202       -5913.6359935827859     
   706.83033955149801       -6620.4119560934705       -5913.5816165419728     
   707.48914803352341       -6621.0150725243311       -5913.5259244908075     
   708.15346883169457       -6621.6226486135320       -5913.4691797818377     
   708.82208982795714       -6622.2333663225363       -5913.4112764945794     
   709.49364326791522       -6622.8459168610880       -5913.3522735931729     
   710.16686518691495       -6623.4589911085532       -5913.2921259216382     
   710.84057468139156       -6624.0713090027893       -5913.2307343213979     
   711.51345236312102       -6624.6815889780237       -5913.1681366149023     
   712.18416518604545       -6625.2885662493645       -5913.1044010633195     
   712.85138958481457       -6625.8909868318206       -5913.0395972470060     
   713.51395765616155       -6626.4876310786130       -5912.9736734224516     
   714.17077912896207       -6627.0773155843972       -5912.9065364554353     
   714.82074128712350       -6627.6588963195436       -5912.8381550324202     
   715.46265667068371       -6628.2312853112780       -5912.7686286405942     
   716.09548267256150       -6628.7934455262539       -5912.6979628536919     
   716.71812343064585       -6629.3444032331026       -5912.6262798024563     
   717.32951948975483       -6629.8832607480927       -5912.5537412583381     
   717.92895631638612       -6630.4092170824815       -5912.4802607660949     
   718.51564400308507       -6630.9215503707464       -5912.4059063676614     
   719.08866339323413       -6631.4196175927136       -5912.3309541994795     
   719.64722486246160       -6631.9028862387877       -5912.2556613763263     
   720.19081355638968       -6632.3708987282180       -5912.1800851718281     
   720.71909460760321       -6632.8232974408220       -5912.1042028332186     
   721.23172458116312       -6633.2598105974921       -5912.0280860163293     
   721.72811563819846       -6633.6802193945059       -5911.9521037563072     
   722.20781699503686       -6634.0843804880769       -5911.8765634930405     
   722.67056503524350       -6634.4722234487535       -5911.8016584135103     
   723.11628274370764       -6634.8436982117182       -5911.7274154680108     
   723.54466966654036       -6635.1987941542411       -5911.6541244877008     
   723.95523016237382       -6635.5375102796797       -5911.5822801173063     
   724.34764407334490       -6635.8598487304607       -5911.5122046571159     
   724.72146223840957       -6636.1657992627570       -5911.4443370243471     
   725.07648765593240       -6636.4553404692188       -5911.3788528132864     
   725.41238318528224       -6636.7284242517708       -5911.3160410664887     
   725.72866764966761       -6636.9849452883927       -5911.2562776387249     
   726.02520148362737       -6637.2247655380370       -5911.1995640544101     
   726.30158899830087       -6637.4476826365444       -5911.1460936382437     
   726.55721971899766       -6637.6534139637442       -5911.0961942447466     
   726.79145600769937       -6637.8416262394167       -5911.0501702317169     
   727.00388387993735       -6638.0119088143128       -5911.0080249343755     
   727.19368971412734       -6638.1637657054134       -5910.9700759912857     
   727.36001526186158       -6638.2966320240457       -5910.9366167621838     
   727.50218064642604       -6638.4098777345462       -5910.9076970881197     
   727.61933219329364       -6638.5028064189237       -5910.8834742256304     
   727.71063898254852       -6638.5746668092743       -5910.8640278267258     
   727.77533848009512       -6638.6246624939422       -5910.8493240138469     
   727.81274600482595       -6638.6519361562396       -5910.8391901514133     
   727.82190548021072       -6638.6555865781693       -5910.8336810979581     
   727.80169156554962       -6638.6346888231992       -5910.8329972576494     
   727.75112446584342       -6638.5882755255498       -5910.8371510597062     
   727.66919147279407       -6638.5153910032614       -5910.8461995304669     
   727.55485183154110       -6638.4150689399758       -5910.8602171084349     
   727.40730424078913       -6638.2863456650402       -5910.8790414242512     
   727.22569403453758       -6638.1282796960850       -5910.9025856615472     
   727.00913313369290       -6637.9399508488641       -5910.9308177151715     
   726.75689470506450       -6637.7204703595498       -5910.9635756544849     
   726.46845211929042       -6637.4689951118653       -5911.0005429925750     
   726.14299523660088       -6637.1847287937444       -5911.0417335571437     
   725.77980972918806       -6636.8669188203257       -5911.0871090911378     
   725.37859043675326       -6636.5148917610841       -5911.1363013243308     
   724.93876309647180       -6636.1280473544775       -5911.1892842580055     
   724.45974526014265       -6635.7058626525977       -5911.2461173924548     
   723.94158491697988       -6635.2479117683670       -5911.3063268513870     
   723.38423058350543       -6634.7538619847319       -5911.3696314012268     
   722.78750283319403       -6634.2234768964454       -5911.4359740632517     
   722.15161318814103       -6633.6566561875825       -5911.5050429994417     
   721.47701229307233       -6633.0534186986933       -5911.5764064056211     
   720.76393629006122       -6632.4139107777673       -5911.6499744877065     
   720.01285911947105       -6631.7384087298014       -5911.7255496103307     
   719.22447666769256       -6631.0273472772769       -5911.8028706095847     
   718.39961667080718       -6630.2813128854832       -5911.8816962146757     
   717.53931787931208       -6629.5010446222286       -5911.9617267429167     
   716.64456327806431       -6628.6874336791543       -5912.0428704010901     
   715.71656856241850       -6627.8415558552670       -5912.1249872928483     
   714.75682272200856       -6626.9646629759836       -5912.2078402539755     
   713.76674921352458       -6626.0581742938812       -5912.2914250803569     
   712.74793396959512       -6625.1236919234043       -5912.3757579538087     
   711.70252712508966       -6624.1629987229880       -5912.4604715978985     
   710.63283054450085       -6623.1780547946928       -5912.5452242501924     
   709.54100583814238       -6622.1709667219129       -5912.6299608837708     
   708.42928858726850       -6621.1440072950973       -5912.7147187078290     
   707.30026753081518       -6620.0996126763503       -5912.7993451455350     
   706.15649605339661       -6619.0403298441679       -5912.8838337907710     
   705.00087034999626       -6617.9688423415464       -5912.9679719915503     
   703.83662253761588       -6616.8879573201521       -5913.0513347825363     
   702.66643990666910       -6615.8005357942511       -5913.1340958875817     
   701.49296553571810       -6614.7095060507681       -5913.2165405150499     
   700.31932520802275       -6613.6178550334635       -5913.2985298254407     
   699.14891538183019       -6612.5286047560003       -5913.3796893741701     
   697.98457573149221       -6611.4447501369723       -5913.4601744054798     
   696.82915129605794       -6610.3692698685154       -5913.5401185724577     
   695.68566180520781       -6609.3051011143798       -5913.6194393091719     
   694.55681774881418       -6608.2551071233420       -5913.6982893745280     
   693.44558912281514       -6607.2220661260853       -5913.7764770032700     
   692.35476966750753       -6606.2086635116084       -5913.8538938441006     
   691.28678408456676       -6605.2174323419695       -5913.9306482574029     
   690.24387008084500       -6604.2507828353282       -5914.0069127544830     
   689.22835558052850       -6603.3109595274727       -5914.0826039469439     
   688.24232777274619       -6602.4000511144559       -5914.1577233417102     
   687.28800142017440       -6601.5199921569701       -5914.2319907367955     
   686.36745624671801       -6600.6725350334291       -5914.3050787867114     
   685.48246900602373       -6599.8592409501225       -5914.3767719440984     
   684.63450282728616       -6599.0815139177184       -5914.4470110904322     
   683.82482272539687       -6598.3405691038606       -5914.5157463784635     
   683.05468487079588       -6597.6374658712302       -5914.5827810004339     
   682.32519268317913       -6596.9730983713825       -5914.6479056882035     
   681.63715390719199       -6596.3482148727344       -5914.7110609655429     
   680.99127848477815       -6595.7634183281234       -5914.7721398433450     
   680.38816479946047       -6595.2191713674547       -5914.8310065679943     
   679.82834114042873       -6594.7158244359089       -5914.8874832954798     
   679.31217493052213       -6594.2536136548770       -5914.9414387243551     
   678.83974253196550       -6593.8326520270575       -5914.9929094950921     
   678.41134153882160       -6593.4529758345498       -5915.0416342957278     
   678.02676307040940       -6593.1144970427131       -5915.0877339723038     
   677.68559552022964       -6592.8170339358639       -5915.1314384156340     
   677.38770885087001       -6592.5603193721663       -5915.1726105212965     
   677.13279533407945       -6592.3440019366326       -5915.2112066025529     
   676.92012387311831       -6592.1676243996417       -5915.2475005265233     
   676.74898205358227       -6592.0306396934611       -5915.2816576398791     
   676.61869702310264       -6591.9324102762876       -5915.3137132531847     
   676.52856009340587       -6591.8721854005398       -5915.3436253071341     
   676.47756912570890       -6591.8491037395988       -5915.3715346138897     
   676.46458324322532       -6591.8621874857508       -5915.3976042425256     
   676.48832996707608       -6591.9103416394437       -5915.4220116723673     
   676.54711872393921       -6591.9923271655725       -5915.4452084416334     
   676.63947213527683       -6592.1067947335314       -5915.4673225982542     
   676.76403723792146       -6592.2522769046554       -5915.4882396667344     
   676.91921434355947       -6592.4271478548690       -5915.5079335113096     
   677.10310937189990       -6592.6296608229977       -5915.5265514510975     
   677.31356402714937       -6592.8579244360781       -5915.5443604089287     
   677.54843872433241       -6593.1099286800845       -5915.5614899557522     
   677.80573617641028       -6593.3835388571888       -5915.5778026807784     
   678.08325897417615       -6593.6765224401406       -5915.5932634659648     
   678.37835971024424       -6593.9865223685265       -5915.6081626582818     
   678.68835556459055       -6594.3110817404304       -5915.6227261758395     
   679.01089249314100       -6594.6476837105884       -5915.6367912174474     
   679.34355018800431       -6594.9937402862788       -5915.6501900982748     
   679.68372714800489       -6595.3466118153283       -5915.6628846673229     
   680.02869524833909       -6595.7036155927199       -5915.6749203443806     
   680.37574532261965       -6596.0620513557005       -5915.6863060330807     
   680.72213586608814       -6596.4192101065628       -5915.6970742404746     
   681.06516152556821       -6596.7724142780608       -5915.7072527524924     
   681.40220804365185       -6597.1189958410860       -5915.7167877974343     
   681.73066586952325       -6597.4563534728350       -5915.7256876033116     
   682.04822328861894       -6597.7819326510953       -5915.7337093624765     
   682.35253649182630       -6598.0932623877088       -5915.7407258958829     
   682.64109830119651       -6598.3879610868544       -5915.7468627856579     
   682.91166677511103       -6598.6637410420590       -5915.7520742669476     
   683.16209765091071       -6598.9184218510527       -5915.7563242001415     
   683.39046139135735       -6599.1499627915882       -5915.7595014002309     
   683.59484894147897       -6599.3564476804313       -5915.7615987389527     
   683.77337987136843       -6599.5361017252926       -5915.7627218539237     
   683.92449704083856       -6599.6873012186479       -5915.7628041778098     
   684.04684426281210       -6599.8085745238996       -5915.7617302610870     
   684.13926152012323       -6599.8986365260980       -5915.7593750059750     
   684.20040862528424       -6599.9563427542589       -5915.7559341289743     
   684.22940223793705       -6599.9807234511882       -5915.7513212132508     
   684.22561842626158       -6599.9710160511167       -5915.7453976248553     
   684.18832514791109       -6599.9266013902798       -5915.7382762423686     
   684.11701165954162       -6599.8470605056491       -5915.7300488461078     
   684.01159313509777       -6599.7321606487621       -5915.7205675136647     
   683.87187813066748       -6599.5818570385973       -5915.7099789079293     
   683.69782309505786       -6599.3962894863407       -5915.6984663912826     
   683.49012988065374       -6599.1757999615293       -5915.6856700808758     
   683.24945888675700       -6598.9209209350665       -5915.6714620483099     
   682.97655418336785       -6598.6323617105700       -5915.6558075272023     
   682.67242646360808       -6598.3110422705986       -5915.6386158069909     
   682.33840191031129       -6597.9580692193222       -5915.6196673090108     
   681.97589594179487       -6597.5747368645070       -5915.5988409227120     
   681.58647474348936       -6597.1625268845946       -5915.5760521411048     
   681.17178548912545       -6596.7230950505527       -5915.5513095614269     
   680.73346542545755       -6596.2582861847022       -5915.5248207592449     
   680.27369484918120       -6595.7701367462969       -5915.4964418971158     
   679.79509210511651       -6595.2608654473479       -5915.4657733422318     
   679.30019132632981       -6594.7328648436514       -5915.4326735173217     
   678.79139511491019       -6594.1886904111680       -5915.3972952962577     
   678.27147528946387       -6593.6310729108654       -5915.3595976214019     
   677.74336241934213       -6593.0629000415320       -5915.3195376221902     
   677.21015530833051       -6592.4872166335681       -5915.2770613252378     
   676.67502017341064       -6591.9072142752038       -5915.2321941017935     
   676.14132689463099       -6591.3262121178414       -5915.1848852232106     
   675.61270817686705       -6590.7476634970317       -5915.1349553201644     
   675.09281671530698       -6590.1751315473502       -5915.0823148320433     
   674.58510632994319       -6589.6122717948983       -5915.0271654649550     
   674.09310979334907       -6589.0628088171570       -5914.9696990238081     
   673.62080330035928       -6588.5305457108334       -5914.9097424104739     
   673.17189869893491       -6588.0193164574703       -5914.8474177585358     
   672.74985361695917       -6587.5329474752589       -5914.7830938582993     
   672.35827745268091       -6587.0752837630180       -5914.7170063103367     
   672.00092677687223       -6586.6501365372187       -5914.6492097603468     
   671.68155688160357       -6586.2612600112370       -5914.5797031296333     
   671.40359199939667       -6585.9123034918875       -5914.5087114924909     
   671.17040405859666       -6585.6068169816217       -5914.4364129230253     
   670.98534953478759       -6585.3482067565546       -5914.3628572217667     
   670.85158372402589       -6585.1397123276547       -5914.2881286036290     
   670.77197083506871       -6584.9843671770914       -5914.2123963420227     
   670.74911214574888       -6584.8849852117319       -5914.1358730659831     
   670.78544103217996       -6584.8441480024157       -5914.0587069702360     
   670.88313787136713       -6584.8641658024590       -5913.9810279310914     
   671.04423624582682       -6584.9470665477957       -5913.9028303019686     
   671.27042584350613       -6585.0946042341484       -5913.8241783906424     
   671.56303081436226       -6585.3082099818857       -5913.7451791675230     
   671.92315404175372       -6585.5890028266531       -5913.6658487848990     
   672.35170108560601       -6585.9378095766670       -5913.5861084910612     
   672.84936972979528       -6586.3551385850669       -5913.5057688552715     
   673.41624979198798       -6586.8411731164151       -5913.4249233244273     
   674.05202773137398       -6587.3957924691413       -5913.3437647377668     
   674.75651121950511       -6588.0185882550886       -5913.2620770355834     
   675.52898409483566       -6588.7088687367095       -5913.1798846418742     
   676.36828964656411       -6589.4656566240392       -5913.0973669774748     
   677.27319897729842       -6590.2877292369176       -5913.0145302596193     
   678.24257543347721       -6591.1736317281666       -5912.9310562946894     
   679.27489482737496       -6592.1216750905005       -5912.8467802631258     
   680.36810410833277       -6593.1299586894957       -5912.7618545811629     
   681.52000252675339       -6594.1963805571513       -5912.6763780303982     
   682.72836251978970       -6595.3186668665867       -5912.5903043467970     
   683.99090776075832       -6596.4943888063790       -5912.5034810456209     
   685.30502554845930       -6597.7209632108134       -5912.4159376623538     
   686.66791967820097       -6598.9956601343902       -5912.3277404561895     
   688.07647239308710       -6600.3156241705001       -5912.2391517774131     
   689.52763535812562       -6601.6778820520731       -5912.1502466939473     
   691.01852537436503       -6603.0793792530412       -5912.0608538786764     
   692.54605760899574       -6604.5169372646396       -5911.9708796556442     
   694.10655241518521       -6605.9872829231390       -5911.8807305079536     
   695.69597829260510       -6607.4870172570700       -5911.7910389644649     
   697.31063641103731       -6609.0126910323042       -5911.7020546212671     
   698.94674548424473       -6610.5607620528071       -5911.6140165685629     
   700.60042473763201       -6612.1276161026108       -5911.5271913649785     
   702.26784084958274       -6613.7095683693724       -5911.4417275197893     
   703.94509072263872       -6615.3028490501520       -5911.3577583275128     
   705.62843013645386       -6616.9036444981139       -5911.2752143616599     
   707.31378173111966       -6618.5080527755799       -5911.1942710444600     
   708.99665446781171       -6620.1121098235944       -5911.1154553557826     
   710.67295631137813       -6621.7118222038671       -5911.0388658924894     
   712.33862540664165       -6623.3031437126219       -5910.9645183059802     
   713.98932795816415       -6624.8820038273907       -5910.8926758692269     
   715.62096787280791       -6626.4443159550365       -5910.8233480822282     
   717.22941823555129       -6627.9860033583745       -5910.7565851228228     
   718.81049278805426       -6629.5029911498577       -5910.6924983618037     
   720.36026099338062       -6630.9912509135020       -5910.6309899201215     
   721.87464493034975       -6632.4467970471142       -5910.5721521167643     
   723.34950852814166       -6633.8657076023092       -5910.5161990741672     
   724.78121904487102       -6635.2441770047935       -5910.4629579599223     
   726.16624593850656       -6636.5785132429464       -5910.4122673044403     
   727.50078180278115       -6637.8651470011891       -5910.3643651984075     
   728.78140139110201       -6639.1006748834552       -5910.3192734923532     
   730.00504753225630       -6640.2818784378442       -5910.2768309055882     
   731.16878892992941       -6641.4057356035028       -5910.2369466735736     
   732.26995115467037       -6642.4694509165338       -5910.1994997618631     
   733.30588079613199       -6643.4704529672135       -5910.1645721710811     
   734.27450573476426       -6644.4064346099058       -5910.1319288751420     
   735.17402486997435       -6645.2753440650513       -5910.1013191950769     
   736.00244510017774       -6646.0754013592041       -5910.0729562590259     
   736.75807390461694       -6646.8050929477813       -5910.0470190431643     
   737.43960965016242       -6647.4632185628825       -5910.0236089127202     
   738.04617347937642       -6648.0488603096937       -5910.0026868303175     
   738.57722017812785       -6648.5613973251575       -5909.9841771470292     
   739.03231638036380       -6649.0004957603005       -5909.9681793799364     
   739.41127247301790       -6649.3661058519001       -5909.9548333788825     
   739.71425310417703       -6649.6584611779008       -5909.9442080737235     
   739.94178630650151       -6649.8780711475729       -5909.9362848410710     
   740.09471500511006       -6650.0257107232510       -5909.9309957181413     
   740.17398668739600       -6650.1024008665609       -5909.9284141791650     
   740.18064149066959       -6650.1093839561117       -5909.9287424654422     
   740.11609187144688       -6650.0481335297909       -5909.9320416583441     
   739.98195276633874       -6649.9203273181129       -5909.9383745517744     
   739.77987172811891       -6649.7278207672243       -5909.9479490391059     
   739.51192613699322       -6649.4726549985544       -5909.9607288615607     
   739.18018970507762       -6649.1570253919099       -5909.9768356868326     
   738.78707314693065       -6648.7832752018867       -5909.9962020549556     
   738.33522836586019       -6648.3538802020948       -5910.0186518362343     
   737.82718421308721       -6647.8714112565558       -5910.0442270434687     
   737.26575137555506       -6647.3385603803063       -5910.0728090047514     
   736.65358106146380       -6646.7580874187634       -5910.1045063572992     
   735.99344013070311       -6646.1328354118632       -5910.1393952811604     
   735.28850466000665       -6645.4657284074174       -5910.1772237474106     
   734.54182177893199       -6644.7597339316499       -5910.2179121527179     
   733.75667187071963       -6644.0178901234040       -5910.2612182526846     
   732.93632053668171       -6643.2432748370902       -5910.3069543004085     
   732.08401697916406       -6642.4389999776158       -5910.3549829984513     
   731.20317196791450       -6641.6082189945164       -5910.4050470266020     
   730.29678242077148       -6640.7540997300248       -5910.4573173092531     
   729.36815826130555       -6639.8798531565089       -5910.5116948952036     
   728.42089460716659       -6638.9887041205257       -5910.5678095133590     
   727.45838602203276       -6638.0839148506975       -5910.6255288286648     
   726.48403335251351       -6637.1687337246958       -5910.6847003721823     
   725.50128573331915       -6636.2464266366242       -5910.7451409033047     
   724.51342366416668       -6635.3202640361133       -5910.8068403719462     
   723.52365721477167       -6634.3935003710239       -5910.8698431562525     
   722.53544052046379       -6633.4693963799282       -5910.9339558594647     
   721.55232459866227       -6632.5511846007521       -5910.9988600020897     
   720.57753208156691       -6631.6420620435101       -5911.0645299619428     
   719.61410578455047       -6630.7451880547815       -5911.1310822702308     
   718.66519258427650       -6629.8636614947391       -5911.1984689104629     
   717.73363231319263       -6629.0005158739659       -5911.2668835607728     
   716.82257899062881       -6628.1587132242266       -5911.3361342335975     
   715.93506918909645       -6627.3411156410812       -5911.4060464519844     
   715.07347626911758       -6626.5504650173734       -5911.4769887482562     
   714.24046560601084       -6625.7893830573521       -5911.5489174513414     
   713.43858666353867       -6625.0603644570456       -5911.6217777935071     
   712.67006178551549       -6624.3657274344878       -5911.6956656489720     
   711.93696047570359       -6623.7076151554802       -5911.7706546797763     
   711.24122080335007       -6623.0879908836960       -5911.8467700803458     
   710.58444489401006       -6622.5086024005550       -5911.9241575065453     
   709.96813036661683       -6621.9709880203009       -5912.0028576536843     
   709.39352790470537       -6621.4764442085370       -5912.0829163038316     
   708.86156371057371       -6621.0260303802906       -5912.1644666697166     
   708.37303738226694       -6620.6205559667578       -5912.2475185844905     
   707.92832983695735       -6620.2605590420126       -5912.3322292050552     
   707.52763153290198       -6619.9463097192829       -5912.4186781863809     
   707.17105392078463       -6619.6778276398636       -5912.5067737190793     
   706.85865861024558       -6619.4548635020892       -5912.5962048918436     
   706.58975110336530       -6619.2768726232562       -5912.6871215198908     
   706.36319036354257       -6619.1430383113257       -5912.7798479477833     
   706.17817176789674       -6619.0523066634114       -5912.8741348955145     
   706.03326384165064       -6619.0033390968483       -5912.9700752551980     
   705.92682865159918       -6618.9945528024173       -5913.0677241508183     
   705.85725572579133       -6619.0241382134927       -5913.1668824877015     
   705.82259032147385       -6619.0900540234925       -5913.2674637020191     
   705.82066514325550       -6619.1900422075396       -5913.3693770642840     
   705.84909025971126       -6619.3216341289244       -5913.4725438692130     
   705.90533266423563       -6619.4821947343071       -5913.5768620700710     
   705.98665460627524       -6619.6689143194699       -5913.6822597131950     
   706.09029166397966       -6619.8788252030017       -5913.7885335390220     
   706.21328275180372       -6620.1088368567889       -5913.8955541049854     
   706.35261260972163       -6620.3557377766492       -5914.0031251669279     
   706.50498262472320       -6620.6162120400704       -5914.1112294153472     
   706.66724842278495       -6620.8868738879928       -5914.2196254652081     
   706.83619457973589       -6621.1642817893435       -5914.3280872096075     
   707.00809656721606       -6621.4449333193734       -5914.4368367521574     
   707.17961008494592       -6621.7253076311217       -5914.5456975461757     
   707.34785014843806       -6622.0019105251295       -5914.6540603766916     
   707.50941372084878       -6622.2712152742633       -5914.7618015534144     
   707.66053748852971       -6622.5297195737985       -5914.8691820852691     
   707.79782085906913       -6622.7739787298833       -5914.9761578708139     
   707.91793582803484       -6623.0005954491553       -5915.0826596211209     
   708.01775263694685       -6623.2062637030913       -5915.1885110661442     
   708.09421498722008       -6623.3877655357574       -5915.2935505485375     
   708.14444192906842       -6623.5419899726448       -5915.3975480435765     
   708.16575351150539       -6623.6659445381520       -5915.5001910266465     
   708.15551898950912       -6623.7567696863644       -5915.6012506968555     
   708.11115156933226       -6623.8117482594880       -5915.7005966901561     
   708.02999627130373       -6623.8283198780009       -5915.7983236066975     
   707.90961963819541       -6623.8040808426740       -5915.8944612044788     
   707.74784704719491       -6623.7368466610842       -5915.9889996138891     
   707.54268722818756       -6623.6245978565194       -5916.0819106283316     
   707.29261270428549       -6623.4655497137128       -5916.1729370094272     
   706.99650340867095       -6623.2581266096367       -5916.2616232009659     
   706.65313754954082       -6623.0009706297806       -5916.3478330802400     
   706.26127229221265       -6622.6929500767492       -5916.4316777845361     
   705.82006964058405       -6622.3331746919575       -5916.5131050513737     
   705.32888534829533       -6621.9209946157107       -5916.5921092674153     
   704.78753533900067       -6621.4560192977078       -5916.6684839587069     
   704.19612355008906       -6620.9381216587517       -5916.7419981086623     
   703.55477304453905       -6620.3674203311539       -5916.8126472866152     
   702.86394400650659       -6619.7443075984347       -5916.8803635919285     
   702.12438512776293       -6619.0694212344906       -5916.9450361067275     
   701.33713629047099       -6618.3436750684896       -5917.0065387780187     
   700.50346478741722       -6617.5682340696039       -5917.0647692821867     
   699.62468317805246       -6616.7445246012221       -5917.1198414231694     
   698.70250291843422       -6615.8742270820821       -5917.1717241636479     
   697.73910906363039       -6614.9592790502966       -5917.2201699866664     
   696.73638717802748       -6614.0018284063299       -5917.2654412283027     
   695.69654888951584       -6613.0042731260573       -5917.3077242365416     
   694.62241462056511       -6611.9692564091374       -5917.3468417885724     
   693.51731089256998       -6610.8996346220292       -5917.3823237294591     
   692.38459812433518       -6609.7984768278757       -5917.4138787035408     
   691.22716365339375       -6608.6690122998752       -5917.4418486464820     
   690.04823210349514       -6607.5146455385111       -5917.4664134350160     
   688.85137345172052       -6606.3389695769274       -5917.4875961252073     
   687.64025744638911       -6605.1457025280370       -5917.5054450816478     
   686.41862714840147       -6603.9386828569232       -5917.5200557085218     
   685.19048611809899       -6602.7218758407025       -5917.5313897226033     
   683.95990477366229       -6601.4993278983939       -5917.5394231247319     
   682.73076857107674       -6600.2751378872308       -5917.5443693161542     
   681.50716855919984       -6599.0534503715699       -5917.5462818123697     
   680.29303984614523       -6597.8384458881719       -5917.5454060420270     
   679.09230046292589       -6596.6342865122042       -5917.5419860492784     
   677.90907183931870       -6595.4451148108865       -5917.5360429715674     
   676.74730309644099       -6594.2750268232348       -5917.5277237267937     
   675.61071829842058       -6593.1280444759168       -5917.5173261774962     
   674.50320319183584       -6592.0080846374958       -5917.5048814456604     
   673.42872477735352       -6590.9189549306111       -5917.4902301532575     
   672.39083002805194       -6589.8643106911331       -5917.4734806630813     
   671.39292189928904       -6588.8476416057301       -5917.4547197064412     
   670.43790710948758       -6587.8722338300358       -5917.4343267205486     
   669.52877286472335       -6586.9411864846306       -5917.4124136199071     
   668.66832941042856       -6586.0573507293866       -5917.3890213189579     
   667.85903403957968       -6585.2233585697277       -5917.3643245301482     
   667.10327790222118       -6584.4415812752341       -5917.3383033730133     
   666.40311047644138       -6583.7141301807851       -5917.3110197043434     
   665.76030150559870       -6583.0428505135542       -5917.2825490079558     
   665.17643777672697       -6582.4293019234574       -5917.2528641467306     
   664.65289570129721       -6581.8747711494016       -5917.2218754481046     
   664.19060555846227       -6581.3802589920388       -5917.1896534335765     
   663.79049457178371       -6580.9465065827708       -5917.1560120109871     
   663.45341289771898       -6580.5739988687992       -5917.1205859710799     
   663.17975268581336       -6580.2629554583909       -5917.0832027725774     
   662.96947257422175       -6580.0133326656814       -5917.0438600914595     
   662.82248054003219       -6579.8248701165385       -5917.0023895765062     
   662.73838462237370       -6579.6970791251642       -5916.9586945027904     
   662.71647503428323       -6579.6292666399931       -5916.9127916057096     
   662.75596350836793       -6579.6205542321595       -5916.8645907237915     
   662.85602093284422       -6579.6699120193107       -5916.8138910864664     
   663.01570750399219       -6579.7761473024302       -5916.7604397984378     
   663.23398288744647       -6579.9379294367673       -5916.7039465493208     
   663.50954662290133       -6580.1538259954050       -5916.6442793725037     
   663.84070306675812       -6580.4222792787841       -5916.5815762120255     
   664.22564517693377       -6580.7416411380773       -5916.5159959611437     
   664.66273882590508       -6581.1101963007213       -5916.4474574748165     
   665.15035606211461       -6581.5261609594563       -5916.3758048973414     
   665.68672453295198       -6581.9877107528528       -5916.3009862199006     
   666.26993143332561       -6582.4929594216519       -5916.2230279883261     
   666.89782017219750       -6583.0399918704907       -5916.1421716982932     
   667.56851196861123       -6583.6268745597090       -5916.0583625910976     
   668.28017312712313       -6584.2516452672344       -5915.9714721401115     
   669.03069229528353       -6584.9123297375163       -5915.8816374422331     
   669.81794335101881       -6585.6069371331387       -5915.7889937821201     
   670.63983373397468       -6586.3334803951520       -5915.6936466611769     
   671.49438116929161       -6587.0899760633920       -5915.5955948941000     
   672.37940457195123       -6587.8744388837749       -5915.4950343118235     
   673.29247611836036       -6588.6848907300773       -5915.3924146117170     
   674.23157434420830       -6589.5193843643901       -5915.2878100201815     
   675.19509526118520       -6590.3760037024067       -5915.1809084412216     
   676.18076291201317       -6591.2528259454857       -5915.0720630334727     
   677.18633063209052       -6592.1479703399846       -5914.9616397078944     
   678.21015494351661       -6593.0596047922354       -5914.8494498487189     
   679.25032573354019       -6593.9859203554970       -5914.7355946219568     
   680.30491699535560       -6594.9251567292267       -5914.6202397338711     
   681.37193251031670       -6595.8755716143523       -5914.5036391040358     
   682.44940763383033       -6596.8354738836561       -5914.3860662498255     
   683.53553404747322       -6597.8032334146328       -5914.2676993671594     
   684.62832808436985       -6598.7772419667899       -5914.1489138824199     
   685.72605690307068       -6599.7559462656300       -5914.0298893625595     
   686.82690805900427       -6600.7378399237223       -5913.9109318647179     
   687.92896775453607       -6601.7214539707848       -5913.7924862162490     
   689.03070322928920       -6602.7053961583015       -5913.6746929290121     
   690.13067173687193       -6603.6882946815613       -5913.5576229446897     
   691.22731984788288       -6604.6688179668809       -5913.4414981189984     
   692.31895966071284       -6605.6456532647881       -5913.3266936040754     
   693.40416769123658       -6606.6175479102494       -5913.2133802190128     
   694.48145943235295       -6607.5832646979570       -5913.1018052656036     
   695.54919455435311       -6608.5415777757889       -5912.9923832214354     
   696.60590577370817       -6609.4912959061458       -5912.8853901324374     
   697.65016053800889       -6610.4312323200538       -5912.7810717820448     
   698.68080916124836       -6611.3602221526844       -5912.6794129914360     
   699.69647068316044       -6612.2770920321027       -5912.5806213489423     
   700.69549729789105       -6613.1806555425819       -5912.4851582446909     
   701.67655849062328       -6614.0697319628262       -5912.3931734722028     
   702.63845400281707       -6614.9431330525613       -5912.3046790497447     
   703.57980271254564       -6615.7996444694390       -5912.2198417568934     
   704.49925597508377       -6616.6380487792840       -5912.1387928042004     
   705.39551275447479       -6617.4571247994745       -5912.0616120449995     
   706.26712525594928       -6618.2556194841300       -5911.9884942281806     
   707.11279147869209       -6619.0322786854831       -5911.9194872067910     
   707.93128718903415       -6619.7858550135470       -5911.8545678245127     
   708.72142146333351       -6620.5150854910662       -5911.7936640277330     
   709.48181250993196       -6621.2187236002137       -5911.7369110902819     
   710.21095335320240       -6621.8955327513331       -5911.6845793981311     
   710.90771969890682       -6622.5442965924840       -5911.6365768935775     
   711.57144005693101       -6623.1638568371545       -5911.5924167802232     
   712.20098534764691       -6623.7530932416266       -5911.5521078939801     
   712.79508343376926       -6624.3109214961296       -5911.5158380623607     
   713.35299715672659       -6624.8363531655796       -5911.4833560088528     
   713.87413107403006       -6625.3284915405529       -5911.4543604665232     
   714.35794704061402       -6625.7865197460342       -5911.4285727054203     
   714.80391242651183       -6626.2097277583525       -5911.4058153318410     
   715.21145460618663       -6626.5975241597271       -5911.3860695535404     
   715.58025540950439       -6626.9494393181430       -5911.3691839086387     
   715.90980292635845       -6627.2651319573761       -5911.3553290310174     
   716.19967676624128       -6627.5443887031543       -5911.3447119369130     
   716.45024977088758       -6627.7871790514127       -5911.3369292805255     
   716.66175929814335       -6627.9935898046660       -5911.3318305065222     
   716.83459447558323       -6628.1638724338400       -5911.3292779582571     
   716.96932812348939       -6628.2984242330222       -5911.3290961095327     
   717.06647163589469       -6628.3977881503406       -5911.3313165144464     
   717.12657523414100       -6628.4626488568147       -5911.3360736226732     
   717.15050400808252       -6628.4938385765918       -5911.3433345685089     
   717.13957031600353       -6628.4923347077556       -5911.3527643917523     
   717.09498616497262       -6628.4592409409606       -5911.3642547759882     
   717.01814389165327       -6628.3957831433627       -5911.3776392517093     
   716.91031155158976       -6628.3032930087293       -5911.3929814571393     
   716.77279833403463       -6628.1832126816853       -5911.4104143476507     
   716.60713411393499       -6628.0370817412295       -5911.4299476272945     
   716.41479176616269       -6627.8665296546678       -5911.4517378885048     
   716.19761616350138       -6627.6732820060770       -5911.4756658425758     
   715.95759576530713       -6627.4591417155270       -5911.5015459502201     
   715.69640596350700       -6627.2259515717597       -5911.5295456082531     
   715.41581787850851       -6626.9756222714077       -5911.5598043928994     
   715.11801945360173       -6626.7101299287115       -5911.5921104751096     
   714.80498080351276       -6626.4314592429255       -5911.6264784394125     
   714.47857584670840       -6626.1416327082761       -5911.6630568615674     
   714.14092735153986       -6625.8427045980834       -5911.7017772465433     
   713.79428499816629       -6625.5367426325283       -5911.7424576343619     
   713.44085620157591       -6625.2257929847729       -5911.7849367831968     
   713.08249079136340       -6624.9118810188338       -5911.8293902274709     
   712.72093886265168       -6624.5970074245488       -5911.8760685618972     
   712.35826170509370       -6624.2831356962752       -5911.9248739911818     
   711.99642766410273       -6623.9721894023178       -5911.9757617382147     
   711.63730742138182       -6623.6660155838154       -5912.0287081624338     
   711.28286482131432       -6623.3663790865730       -5912.0835142652586     
   710.93465869926263       -6623.0749428660447       -5912.1402841667823     
   710.59418366722684       -6622.7932650446155       -5912.1990813773882     
   710.26288531863020       -6622.5227587447789       -5912.2598734261483     
   709.94203608872158       -6622.2647013152027       -5912.3226652264811     
   709.63287251766872       -6622.0202186430388       -5912.3873461253697     
   709.33628867967934       -6621.7902769681014       -5912.4539882884219     
   709.05314607330922       -6621.5756405781094       -5912.5224945048003     
   708.78418247956051       -6621.3769142500860       -5912.5927317705255     
   708.52979257220386       -6621.1944870764437       -5912.6646945042394     
   708.29024374461994       -6621.0285611788040       -5912.7383174341840     
   708.06579342245686       -6620.8791406663895       -5912.8133472439331     
   707.85648958167826       -6620.7460467886376       -5912.8895572069596     
   707.66220901881525       -6620.6288977858821       -5912.9666887670664     
   707.48263400256769       -6620.5271390602338       -5913.0445050576664     
   707.31736116572642       -6620.4400473895021       -5913.1226862237754     
   707.16573995024351       -6620.3667329694927       -5913.2009930192489     
   707.02679078057054       -6620.3061608740582       -5913.2793700934872     
   706.89986727262885       -6620.2571860051085       -5913.3573187324801     
   706.78423666869764       -6620.2185676106628       -5913.4343309419655     
   706.67871577906988       -6620.1889632469047       -5913.5102474678351     
   706.58214008777350       -6620.1669762425308       -5913.5848361547578     
   706.49336592684801       -6620.1511676610862       -5913.6578017342381     
   706.41120434319851       -6620.1400960656956       -5913.7288917224969     
   706.33437164971861       -6620.1323117267539       -5913.7979400770355     
   706.26174831800984       -6620.1263962235980       -5913.8646479055878     
   706.19204911080271       -6620.1209843496608       -5913.9289352388578     
   706.12411330396526       -6620.1147638805687       -5913.9906505766030     
   706.05702935747263       -6620.1065183853043       -5914.0494890278314     
   705.98976293354087       -6620.0951269453644       -5914.1053640118234     
   705.92139248146589       -6620.0795586808781       -5914.1581661994123     
   705.85097622039120       -6620.0589047841240       -5914.2079285637328     
   705.77749513371771       -6620.0323561655359       -5914.2548610318181     
   705.70033992867661       -6619.9992380596896       -5914.2988981310127     
   705.61906336567301       -6619.9590109735082       -5914.3399476078348     
   705.53319609857624       -6619.9112411018941       -5914.3780450033182     
   705.44239523110036       -6619.8556110768377       -5914.4132158457378     
   705.34618886474766       -6619.7919079433523       -5914.4457190786043     
   705.24429273699445       -6619.7200172679413       -5914.4757245309465     
   705.13662819304443       -6619.6399104560651       -5914.5032822630210     
   705.02306144162571       -6619.5516446465454       -5914.5285832049194     
   704.90347541087556       -6619.4553300936141       -5914.5518546827388     
   704.77791160425045       -6619.3511338040171       -5914.5732221997669     
   704.64635902373936       -6619.2392488965970       -5914.5928898728580     
   704.50879727006622       -6619.1198911945557       -5914.6110939244900     
   704.36512446844836       -6618.9932918139602       -5914.6281673455123     
   704.21552577403713       -6618.8596791185500       -5914.6441533445131     
   704.06016574632622       -6618.7192902450233       -5914.6591244986976     
   703.89865211811957       -6618.5722940103878       -5914.6736418922683     
   703.73088446725615       -6618.4188726938501       -5914.6879882265939     
   703.55716597613548       -6618.2591781729661       -5914.7020121968308     
   703.37726694142202       -6618.0933106253779       -5914.7160436839558     
   703.19097485988596       -6617.9213211078641       -5914.7303462479776     
   702.99842900338217       -6617.7432479915469       -5914.7448189881652     
   702.79957632392347       -6617.5590840904651       -5914.7595077665419     
   702.59437033819461       -6617.3687962849162       -5914.7744259467217     
   702.38261053091117       -6617.1723144419839       -5914.7897039110730     
   702.16400713231224       -6616.9695366596497       -5914.8055295273371     
   701.93853190155107       -6616.7603652084317       -5914.8218333068808     
   701.70600664323842       -6616.5446955741818       -5914.8386889309431     
   701.46618010678685       -6616.3224125428969       -5914.8562324361101     
   701.21915652625989       -6616.0934303382601       -5914.8742738120000     
   700.96508829423738       -6615.8576862450118       -5914.8925979507749     
   700.70363513698373       -6615.6151193620999       -5914.9114842251165     
   700.43476131409068       -6615.3657276918075       -5914.9309663777167     
   700.15869946632642       -6615.1095499009434       -5914.9508504346168     
   699.87541736251069       -6614.8466628299520       -5914.9712454674409     
   699.58505246095990       -6614.5772029152440       -5914.9921504542845     
   699.28777938686790       -6614.3013432584085       -5915.0135638715401     
   698.98362682373784       -6614.0192984287360       -5915.0356716049982     
   698.67272058335857       -6613.7313160672957       -5915.0585954839371     
   698.35539856509092       -6613.4376933990188       -5915.0822948339282     
   698.03196145641425       -6613.1387448512050       -5915.1067833947909     
   697.70226108648376       -6612.8347897057729       -5915.1325286192896     
   697.36665359574215       -6612.5261676836535       -5915.1595140879117     
   697.02584387411798       -6612.2132266000790       -5915.1873827259606     
   696.67997515196919       -6611.8962847940893       -5915.2163096421200     
   696.32916941832241       -6611.5756105606606       -5915.2464411423380     
   695.97348063593711       -6611.2514429917119       -5915.2779623557744     
   695.61286516183907       -6610.9239661634583       -5915.3111010016191     
   695.24750895863224       -6610.5933123718032       -5915.3458034131709     
   694.87786126496644       -6610.2595634933823       -5915.3817022284156     
   694.50389266493391       -6609.9227224284477       -5915.4188297635137     
   694.12523603045611       -6609.5827038571733       -5915.4574678267172     
   693.74222242044721       -6609.2393960459585       -5915.4971736255111     
   693.35530366274270       -6608.8926468913205       -5915.5373432285778     
   692.96417934879901       -6608.5422052810936       -5915.5780259322946     
   692.56852261376389       -6608.1878120754409       -5915.6192894616770     
   692.16830290715848       -6607.8291793034305       -5915.6608763962722     
   691.76361372364329       -6607.4660414663931       -5915.7024277427499     
   691.35452525260314       -6607.0981414272319       -5915.7436161746291     
   690.94113086172933       -6606.7252577127210       -5915.7841268509919     
   690.52357632613450       -6606.3472461539950       -5915.8236698278606     
   690.10203206057906       -6605.9640133173962       -5915.8619812568168     
   689.67674274616297       -6605.5755855140351       -5915.8988427678723     
   689.24803508390403       -6605.1821023375005       -5915.9340672535964     
   688.81623830157366       -6604.7838429248804       -5915.9676046233071     
   688.38186815751476       -6604.3812278856703       -5915.9993597281555     
   687.94579634742684       -6603.9748496116990       -5916.0290532642721     
   687.50894241584638       -6603.5654526904436       -5916.0565102745968     
   687.07220277041745       -6603.1539547704833       -5916.0817520000655     
   686.63656339191243       -6602.7414287670426       -5916.1048653751304     
   686.20343844193098       -6602.3291250516604       -5916.1256866097292     
   685.77439416908317       -6601.9184482302444       -5916.1440540611611     
   685.35061939180957       -6601.5109181816042       -5916.1602987897950     
   684.93345355437327       -6601.1081796576073       -5916.1747261032342     
   684.52440962906542       -6600.7119780004568       -5916.1875683713915     
   684.12503010847615       -6600.3241390955845       -5916.1991089871080     
   683.73716168008855       -6599.9465536554544       -5916.2093919753661     
   683.36250763285022       -6599.5811337610248       -5916.2186261281749     
   683.00269534448898       -6599.2297907930051       -5916.2270954485157     
   682.65937300025712       -6598.8944193062416       -5916.2350463059847     
   682.33404927666891       -6598.5768363431880       -5916.2427870665188     
   682.02823625821645       -6598.2787940761054       -5916.2505578178889     
   681.74334322770380       -6598.0019324193490       -5916.2585891916451     
   681.48074170868733       -6597.7477663089066       -5916.2670246002190     
   681.24156789237736       -6597.5176484408894       -5916.2760805485123     
   681.02693457174553       -6597.3127589614796       -5916.2858243897344     
   680.83769909401292       -6597.1340852288904       -5916.2963861348771     
   680.67446571473272       -6596.9824102983748       -5916.3079445836420     
   680.53778097189422       -6596.8582930046286       -5916.3205120327348     
   680.42766588427685       -6596.7620576345425       -5916.3343917502661     
   680.34403944611574       -6596.6938018593537       -5916.3497624132378     
   680.28690511710727       -6596.6534033128364       -5916.3664981957290     
   680.25610182254957       -6596.6405045991678       -5916.3844027766181     
   680.25114393668673       -6596.6545292516466       -5916.4033853149595     
   680.27119524371153       -6596.6946727116629       -5916.4234774679517     
   680.31535368140646       -6596.7599413398366       -5916.4445876584305     
   680.38267380814466       -6596.8491567013925       -5916.4664828932482     
   680.47202183962861       -6596.9609773644042       -5916.4889555247755     
   680.58223269312430       -6597.0939121122647       -5916.5116794191399     
   680.71191287220222       -6597.2463410176861       -5916.5344281454836     
   680.85955124018381       -6597.4165416730684       -5916.5569904328850     
   681.02387567126380       -6597.6027219017751       -5916.5788462305118     
   681.20333026180776       -6597.8030425793695       -5916.5997123175621     
   681.39619505194287       -6598.0156108311467       -5916.6194157792033     
   681.60093116305734       -6598.2385677243756       -5916.6376365613178     
   681.81603934735608       -6598.4700657318490       -5916.6540263844927     
   682.04002196547071       -6598.7083129166422       -5916.6682909511710     
   682.27128602061157       -6598.9515749962529       -5916.6802889756418     
   682.50840674116864       -6599.1982223074974       -5916.6898155663284     
   682.75010060494833       -6599.4467407905086       -5916.6966401855607     
   682.99500635866343       -6599.6957375355041       -5916.7007311768411     
   683.24208977506191       -6599.9439829960547       -5916.7018932209930     
   683.49057057631330       -6600.1903977694856       -5916.6998271931725     
   683.73957185719007       -6600.4340872883258       -5916.6945154311361     
   683.98851270111300       -6600.6743238281688       -5916.6858111270558     
   684.23698547759977       -6600.9105526091244       -5916.6735671315246     
   684.48449454969307       -6601.1424168070862       -5916.6579222573928     
   684.73053594395139       -6601.3697066178283       -5916.6391706738768     
   684.97514464603921       -6601.5924230612463       -5916.6172784152068     
   685.21843562476886       -6601.8107405637511       -5916.5923049389821     
   685.46053331187795       -6602.0249808714943       -5916.5644475596164     
   685.70185374075425       -6602.2356313024493       -5916.5337775616954     
   685.94284000470577       -6602.4432970672824       -5916.5004570625770     
   686.18396601564314       -6602.6487322515104       -5916.4647662358675     
   686.42588434217009       -6602.8527929771171       -5916.4269086349468     
   686.66941697666869       -6603.0564229693073       -5916.3870059926385     
   686.91532546197902       -6603.2606490559747       -5916.3453235939960     
   687.16448828621026       -6603.4665367280613       -5916.3020484418512     
   687.41770847622297       -6603.6751908224123       -5916.2574823461891     
   687.67582840851037       -6603.8877360881315       -5916.2119076796207     
   687.93967337025310       -6604.1052898034577       -5916.1656164332044     
   688.20968335666373       -6604.3289335349782       -5916.1192501783144     
   688.48669263550437       -6604.5597184136359       -5916.0730257781315     
   688.77179462237109       -6604.7986558610346       -5916.0268612386635     
   689.06551091215852       -6605.0466728818838       -5915.9811619697248     
   689.36838973702606       -6605.3045920995582       -5915.9362023625326     
   689.68109138105388       -6605.5731376024414       -5915.8920462213873     
   690.00394961965867       -6605.8529169826406       -5915.8489673629820     
   690.33749135263145       -6606.1444121183495       -5915.8069207657181     
   690.68184186458245       -6606.4479556440274       -5915.7661137794448     
   691.03679498712552       -6606.7637170269127       -5915.7269220397875     
   691.40243327592100       -6607.0917292056920       -5915.6892959297711     
   691.77843578975876       -6607.4318475988284       -5915.6534118090694     
   692.16457670559828       -6607.7837847561987       -5915.6192080506007     
   692.56048629996144       -6608.1470688062291       -5915.5865825062674     
   692.96529368590507       -6608.5210714534660       -5915.5557777675613     
   693.37807352555149       -6608.9049854410514       -5915.5269119155000     
   693.79820529650817       -6609.2978680307660       -5915.4996627342580     
   694.22465497521057       -6609.6986294893650       -5915.4739745141542     
   694.65618203418865       -6610.1060070470548       -5915.4498250128663     
   695.09175566644240       -6610.5186243055459       -5915.4268686391033     
   695.52987533934936       -6610.9349724534331       -5915.4050971140841     
   695.96906850870289       -6611.3534425030311       -5915.3843739943286     
   696.40784082193750       -6611.7723201781328       -5915.3644793561953     
   696.84466387308078       -6612.1898137961216       -5915.3451499230405     
   697.27771651972944       -6612.6040664069524       -5915.3263498872229     
   697.70526322454555       -6613.0131748148215       -5915.3079115902756     
   698.12577336214952       -6613.4152149980173       -5915.2894416358677     
   698.53756444857538       -6613.8082345227767       -5915.2706700742010     
   698.93898599205295       -6614.1903216622468       -5915.2513356701938     
   699.32836400919587       -6614.5595668895039       -5915.2312028803080     
   699.70404253564641       -6614.9141089437580       -5915.2100664081117     
   700.06446303163091       -6615.2521540298394       -5915.1876909982084     
   700.40813409311340       -6615.5719831586921       -5915.1638490655787     
   700.73365901427553       -6615.8719735894465       -5915.1383145751706     
   701.03973915634231       -6616.1506232305628       -5915.1108840742208     
   701.32507691093713       -6616.4065416441008       -5915.0814647331636     
   701.58863434211628       -6616.6384835685212       -5915.0498492264051     
   701.82968951223404       -6616.8453703568384       -5915.0156808446045     
   702.04746175366665       -6617.0262715206663       -5914.9788097669998     
   702.24119082329742       -6617.1804200660799       -5914.9392292427829     
   702.41017918774764       -6617.3072314191504       -5914.8970522314030     
   702.55408793434140       -6617.4063130853556       -5914.8522251510140     
   702.67319601375652       -6617.4774853399949       -5914.8042893262382     
   702.76768925556485       -6617.5207335044470       -5914.7530442488824     
   702.83764744720270       -6617.5362418277973       -5914.6985943805948     
   702.88338195169354       -6617.5243936853658       -5914.6410117336727     
   702.90527881311050       -6617.4857490855666       -5914.5804702724563     
   702.90397741396873       -6617.4210662713094       -5914.5170888573412     
   702.88025305432086       -6617.3312905298953       -5914.4510374755746     
   702.83503126113999       -6617.2175576500304       -5914.3825263888903     
   702.76942113555288       -6617.0811659480878       -5914.3117448125349     
   702.68477692863621       -6616.9235935474189       -5914.2388166187829     
   702.58274149999363       -6616.7464683788921       -5914.1637268788982     
   702.46504713337697       -6616.5515901291683       -5914.0865429957912     
   702.33371036851918       -6616.3408804040364       -5914.0071700355174     
   702.19053479800311       -6616.1163855382792       -5913.9258507402765     
   702.03741273268429       -6615.8802596668975       -5913.8428469342134     
   701.87644528056069       -6615.6347660279189       -5913.7583207473581     
   701.70971204177113       -6615.3822454194442       -5913.6725333776731     
   701.53944293338179       -6615.1251130070232       -5913.5856700736413     
   701.36797465816232       -6614.8658508293147       -5913.4978761711527     
   701.19767440360704       -6614.6069725251382       -5913.4092981215308     
   701.03081010191841       -6614.3510271260857       -5913.3202170241675     
   700.86977229339277       -6614.1005725149689       -5913.2308002215759     
   700.71689223911062       -6613.8581650818269       -5913.1412728427167     
   700.57433140111402       -6613.6263360672820       -5913.0520046661677     
