   9.4976575529309653        2.8245990093121051E-002   9.4765982443403907     
  0.79883622365658391       0.87875140087950632       0.12252815774974357     
  0.72181436366156049        9.5011059933464495       0.73183398266482458     
   9.4914765814219830       0.80879733509896701       0.76657976910528869     
   9.5006018208450591        4.1162217680326019E-002   1.6150585553781656     
  0.76845373723966792       0.71627168227463245        1.5121826005030368     
  0.86972987728604845        7.3182981405604544E-002   2.4307733464896835     
   9.4953842067977483       0.73840306403677824        2.4501132467243907     
   9.5164679871056137        9.5172667901074313        3.2773653789294981     
  0.78855006419169216       0.83270931936648085        3.1591841249996921     
  0.85633416830993625        9.4236536143015055        3.9552572564308504     
   3.3018523806919393E-002  0.72212184371181531        4.0832862666625713     
  0.12975830758957202        9.4112688870749643        4.7762121478099342     
  0.84622983859249412       0.78191641088795671        4.8308193638714165     
  0.77167475461158042        9.4550016512335997        5.5238150202498311     
   6.5140851608958411E-002  0.78532801017827936        5.5637948565726250     
   9.4713353070713282        9.4373482078789124        6.3951284098396854     
  0.77221273564550386       0.75873048895271300        6.3667494158310234     
  0.78397062324904809        9.4698273262863975        7.1505679230588575     
   5.9065587307050187E-002  0.76741370597340386        7.2123543005168695     
  0.10172703608412011        5.7817336147856675E-002   7.9764180261128530     
  0.79721206646761944       0.82835950031029359        7.9864145817730749     
  0.76335135945116683        9.4194533067663482        8.7729232343459280     
   2.7416652305692870E-002  0.80614360685752962        8.7848994861678218     
   9.4223619803917060        1.6193690845162569        6.8352131183775935E-002
  0.77744151350164148        2.5225994270921053        7.6618354510092579E-002
  0.74689514554069281        1.6092139201627833       0.78378120923455796     
   9.4991293506954477        2.3647177025393145       0.84410283742517533     
  0.10945625272006411        1.5411539026002081        1.6195753939540394     
  0.81993994019092620        2.4465870115688007        1.5947846562907813     
  0.80729088738445964        1.5996070928843193        2.3450720511214147     
   8.7353845893291218E-002   2.3154174447327507        2.4956410107769642     
   9.4417899703398778        1.5344561274500741        3.3151517636408219     
  0.84214981416871693        2.3637232084992692        3.1606535570884713     
  0.79676538488860149        1.5360237218769373        4.0756509024633880     
  0.11023335251167016        2.3209510423766817        3.9887242431006542     
   9.4906512447247557        1.5410478509118291        4.9404568864949399     
  0.80705146230851221        2.3019053823661753        4.8269838404244352     
  0.78022522863143950        1.5611271871488308        5.5606696272354128     
   4.2995573002121111E-003   2.2976945346474125        5.6014741785661872     
   9.4383067216673631        1.5241609737382071        6.4701015941511395     
  0.73922731905802475        2.2943793334036284        6.4386450044557550     
  0.81102737260656477        1.5303799675152496        7.1864750636545622     
   2.7159247770870597E-002   2.4281682501627682        7.2303961934012406     
   6.6859436758718332E-002   1.5761836983346089        7.9399350318991289     
  0.85505102529385724        2.3650935880969852        7.9517263294600742     
  0.71662234415094028        1.6640604347303187        8.8720218796964545     
   1.2401466724235199E-002   2.3799383661285680        8.8587390232302994     
   9.3703648709520468        3.1327742800562244        2.1592715114467347E-002
  0.72139037911117287        4.0045022190849524        3.4196996090134983E-002
  0.82054002324592878        3.2527571113016815       0.81824304918662338     
   9.4814191038882036        4.0314993728103206       0.84749112222040934     
   9.5205597897606768        3.1581539422040468        1.5697535364456943     
  0.77163278098582522        3.9822033500958725        1.6350558575417231     
  0.87717389520578259        3.1848359376142721        2.3003634892654476     
   3.3987892966931915E-002   4.0509549802358373        2.4497030587425348     
   5.8493653548579279E-002   3.1942330728686308        3.2253786942283100     
  0.82277612788735677        4.0625889758927745        3.1064451855268618     
  0.73547859294328299        3.1979208977848526        4.0708663465503063     
   1.2124928843946808E-002   3.9886555935125152        3.9388441304830568     
   4.1402673136919175E-003   3.2016262839456151        4.7774795755592239     
  0.82141520840109850        4.0007358924011562        4.8329187994736902     
  0.72396192629406020        3.0883009132029979        5.6093856051491704     
   9.4633401991137003        3.9365597779557091        5.5621452597157637     
   8.2472554486983166E-002   3.1802737555378129        6.4942036677034283     
  0.84107919147770394        3.9415816896010005        6.2854235518908563     
  0.85675780135162471        3.1707081169998532        7.0787644946394268     
   9.4225691470744870        3.9710152624886619        7.1828133976697748     
   9.4883024575415629        3.1641711943264341        7.9034609199200450     
  0.75941788021591428        3.8898947845031406        7.9309946917905458     
  0.90658667699486606        3.2423285822019872        8.7076017745575633     
   9.5066994083349847        3.8277373931968799        8.7671642965082146     
   9.4240925146929388        4.7343899587547389        4.7109960798556942E-002
  0.78113798679914448        5.5973748822165676        8.3553957199386214E-002
  0.83367753841955849        4.8508907013201199       0.74379570450130472     
   9.4455156813674392        5.6121019373917358       0.79546762624433853     
   2.4205280925146667E-002   4.8614492015615234        1.5491902243816420     
  0.78367530305479327        5.6561829404067288        1.6117297700302442     
  0.73481713842651042        4.8351775872318754        2.3661056391253652     
   1.7442632890513276E-003   5.6846685138283943        2.3901751792544506     
   9.5076141633429696        4.9175699784288156        3.1680899303441055     
  0.79513156978937238        5.6565511796408838        3.1095531423454164     
  0.83886950657651127        4.8531512993297534        3.8749653151556323     
   9.4500811546300074        5.6009415257625221        3.9683286332815659     
   9.5198490327923722        4.6971158947361866        4.6825479927652411     
  0.79839613459821301        5.6870046591985410        4.7655857953144602     
  0.76166241954766589        4.7182718263105956        5.6408393197854094     
   3.5420342658886189E-002   5.5785370745237799        5.4771898523187259     
   9.4284362516384643        4.7482266972924965        6.3368670523682686     
  0.71404006747945448        5.4816179191535133        6.4042603320610203     
  0.76948626294828892        4.6183235301594570        7.0546824660234302     
   9.5104151645790349        5.5621202309844016        7.1547278931789124     
   6.2745995061205803E-002   4.7659980450832311        7.9254344646092081     
  0.83720908366998315        5.6235737330575457        7.8996021942496704     
  0.64788355303564060        4.7400905815542291        8.8649440407710323     
   4.9649711754329716E-002   5.5370461084520208        8.8325005187644390     
  0.10190897423026694        6.3810737223731167        7.9021655693988814E-003
  0.81050242737629574        7.1386798820412203        9.4830687078511975     
  0.74521875111397395        6.4248131387970941       0.87635760978359001     
   9.4623728840313230        7.1809810249766608       0.73658884839152916     
   2.7810651134532779E-002   6.4069848594501346        1.5783075190502898     
  0.79821470095019942        7.2439734428305407        1.6571998809866388     
  0.79956677672375753        6.4500403870456280        2.4186614348341169     
   9.4974476283787492        7.1299929740764849        2.3588107480708240     
   9.4551642984874036        6.4190087961404751        3.1902254700610766     
  0.77496521312290279        7.1547936787495772        3.1371772980179182     
  0.77606485447592399        6.3991109671486690        3.9961262091158822     
   5.4930123735086031E-002   7.1640961104323866        3.8941728567608607     
   3.0317410263991741E-002   6.4408924868396946        4.8743872789021170     
  0.85572095584044228        7.1874498543127929        4.7465660611565097     
  0.86511884926364024        6.3718221930373877        5.6533812124285561     
   3.6907395882470009E-002   7.2188542982458053        5.5468953367118159     
   9.5241186022069932        6.3405440243451991        6.2340297662217585     
  0.78240935193502614        7.1483411187439332        6.4021890256537626     
  0.71068011956691612        6.3425181914750297        7.1357586412199216     
   9.4275520229384089        7.1804761436171010        7.1049874319855899     
   4.2850967620620184E-002   6.2805913248043010        7.9858315043638015     
  0.70802071750380891        7.1563529438429319        7.9044768515740964     
  0.90151520632234106        6.4206998406318645        8.6545185045442565     
   3.8837765093374887E-003   7.0699325197615241        8.6780885999971140     
   7.9420296497511908E-002   7.9641140477200221        9.4768135964852487     
  0.86259176419308892        8.7535278877190414        4.3591731531742006E-002
  0.84839007958600632        7.9075965086036710       0.82316437007340482     
   1.1116971652395308E-002   8.7096395067921026       0.76412741188851752     
   9.4246744306832184        7.9728276005487508        1.5551586523850283     
  0.72061619028825619        8.7336008725335095        1.6724505050119702     
  0.78472919728572843        8.0095795163810006        2.4239025467914459     
   9.4457637963398238        8.8100451122717995        2.4301345869670667     
   9.4419606508326801        8.0183384008171412        3.0661086510415392     
  0.74271277295282723        8.7615857154785441        3.1247618449515797     
  0.79735133843046624        7.8826446701105999        3.9239700871459093     
  0.10895150233409097        8.6825603146460413        3.9107823826182111     
   5.0991140600982442E-002   7.9415003121676975        4.7529668829320757     
  0.83463188514555198        8.7064143401825245        4.7538910460377117     
  0.81486921994330652        8.0919799577494409        5.6327454349851909     
   9.4144195938380975        8.7004826280763439        5.5581583788792548     
   5.2100160747925950E-002   7.9325131312061572        6.3486051456449708     
  0.80338917490456407        8.8779206392635928        6.3392847688851859     
  0.90198833298225223        7.9970934789853780        7.0335249453630864     
   4.2796389587369109E-002   8.6591276094655072        7.0918200038245391     
   9.4707165063847327        7.9844888282998197        7.9799128003041293     
  0.86652936950887360        8.6898302714069438        7.8955763137194683     
  0.86334205918978457        7.9098076491698173        8.6911759744323600     
   9.4940798295713034        8.7934056732721846        8.7719803353274983     
   1.6307863766197155        9.4912414301411925        5.8339703864513370E-003
   2.3193076801466224       0.84980227678274012        9.5240224900127419     
   2.4395823908330856        5.2004121722782404E-002  0.82955930630395147     
   1.6430629200193121       0.78996846381801700       0.79110234046015671     
   1.5577100254703113        2.0693560207144402E-002   1.5995644912857594     
   2.3527263137127541       0.87031162433424247        1.5935218366229551     
   2.3378456034398889       0.14490607134672123        2.4253623792764256     
   1.4807175511558055       0.86971873268639466        2.3590718761456988     
   1.5903910571593549        1.2872883308985582E-002   3.1464486656580481     
   2.4215033287142296       0.92202029975357180        3.2532382436154834     
   2.4130354037666693        9.4264654471714859        3.9545280831418985     
   1.5603100883586660       0.71772070135965282        3.9827726190505461     
   1.5706000437148400        1.5737751305308332E-002   4.7598330517405172     
   2.4117595330798469       0.83490100242418730        4.6957243471079284     
   2.4520585948107936        3.0003062277963261E-002   5.5317361965365430     
   1.5793626662564175       0.68353991691005134        5.6048093931646443     
   1.7358039075341629        9.1779433379886796E-003   6.4010894337045166     
   2.3717953586205196       0.82415941789393732        6.4186916894434898     
   2.4238450741928563        9.5170223755750190        7.1440456575870126     
   1.4846117229695175       0.71549506021332065        7.1366388770115314     
   1.5000138439799391        8.0541289149381357E-002   7.9056261496080102     
   2.3574025501420843       0.76002606792028971        7.8875982827353361     
   2.3364633113225142       0.13172474729726100        8.7699670775596719     
   1.5318380400390428       0.79812255085414152        8.8028723959767561     
   1.5917068538276931        1.6194900963981496        6.3060495813396289E-002
   2.4066587984901378        2.4393146887087171        9.4472314323233650     
   2.3940689638644916        1.5769477730661297       0.81120413393632629     
   1.6569029151771717        2.4462222512796119       0.71334693797881554     
   1.6281235521531205        1.6232643396112765        1.4520465392982840     
   2.4180728001564478        2.4417736726276527        1.5569663610029161     
   2.3507426276064516        1.6141655642103787        2.4121059917352503     
   1.6020707641566874        2.3601700960361076        2.3367320591085003     
   1.5950682365712567        1.5840411838443185        3.2963628243950289     
   2.3909645217547224        2.3672975290818212        3.2517178085911169     
   2.3812595888316213        1.6310346874537682        4.0261281715021404     
   1.4878855604248067        2.3709334234963144        3.9543306843273900     
   1.5928613091523560        1.6292010822921394        4.7908208886679748     
   2.3493196064114232        2.4139059828205096        4.7730282861149007     
   2.3385471070243677        1.5018062373524890        5.5561723939046699     
   1.5480427444144944        2.3316476225445406        5.6702959966893145     
   1.5952011189876796        1.4734237001562343        6.3999315404803054     
   2.3641302286449264        2.4047505069729125        6.3213933737214152     
   2.3502459854239914        1.4885763269640715        7.1523082826274500     
   1.5991677380338893        2.3091011807835029        7.0687466029579857     
   1.5428077160288960        1.5740124145810241        7.9818235587367923     
   2.3455879202633008        2.2911643372706649        7.9304005030178342     
   2.3019405508997459        1.5562121630308887        8.6873187171640378     
   1.5858177219960259        2.3229747341238483        8.7759554276561431     
   1.6716587884773411        3.1419232107233013        9.4980554718979064     
   2.3417856136732840        3.9939328360440700        1.2412773617637216E-002
   2.3768851644742650        3.3169216162953656       0.79422493163920904     
   1.5595136428841914        3.9779914959912190       0.80677006127392570     
   1.6425558152795343        3.1632333900211309        1.6481101509733349     
   2.3465551087787739        4.0325530848972235        1.6427856973228829     
   2.3987338770314381        3.2573400393881409        2.3477029479825346     
   1.5996771056366774        4.0208976663539513        2.3837126641600852     
   1.6641548283545113        3.2156420781651383        3.1235563142646958     
   2.3885440729200194        3.9595171576131425        3.1986588234525097     
   2.3204646696411397        3.2014816013909586        3.9302237016615900     
   1.5731753103489039        4.0039122692049141        3.9835652274715838     
   1.5733798925004954        3.0933588809649768        4.7940008085809591     
   2.3167969129054735        3.9608783004810744        4.8556397953476846     
   2.4595839874474428        3.1990252554116285        5.5075674757538291     
   1.5701158173607632        4.0007396104187087        5.5838381362838900     
   1.6581682689673054        3.2072667242489943        6.2439798609087811     
   2.4325665128971643        3.9115344110675210        6.2463501618002359     
   2.3763187588892243        3.2257515930244773        7.1482990426585298     
   1.7207583161064899        3.9829514428238846        7.1297917845430829     
   1.6476198986810486        3.2151478973390222        7.8953414147441228     
   2.3879432858536225        4.0233946319862595        7.8989684107064111     
   2.3734654035718714        3.2019902371359139        8.6123978510745776     
   1.6230832823837520        3.9915279556284800        8.7766665487770315     
   1.5621712380322919        4.8195442317718618        9.5216343759088922     
   2.3791743645677790        5.6103832542525520        3.1082328432329945E-002
   2.3708966810303722        4.7091898002327826       0.81813403702504772     
   1.5755062372863811        5.5853428983780802       0.79192626144928902     
   1.5424721205452714        4.8528782850653167        1.5624381571454091     
   2.4633144917250980        5.5261667062760393        1.6056577062138628     
   2.4633437029124416        4.7576359856296246        2.4021318743345130     
   1.6504432401045936        5.5855354259077137        2.3482425448333357     
   1.6423543761149835        4.8674967022914739        3.1664674548012175     
   2.3466352645502782        5.6060248949039408        3.1774271201104329     
   2.3093722168377715        4.7904313551104547        3.8817047004577323     
   1.6103111973612205        5.7267927489126498        3.9623198885911748     
   1.5661796932176200        4.7835594724118806        4.7736948458454700     
   2.3010901230303951        5.6349486766088557        4.7918206022460170     
   2.3780349200345565        4.8023002817503011        5.6049132871803211     
   1.4859209606617871        5.5239551378229832        5.6284734457312524     
   1.5862217960934200        4.7291409616580431        6.3754622944278774     
   2.3343033511990283        5.4780230466837692        6.3996714302875688     
   2.3599856779175297        4.8170763265066077        7.1984673187318888     
   1.5623242279479286        5.5288783800464110        7.1619883718455943     
   1.4773459120217440        4.7072338105934550        7.9373681471966853     
   2.3606464036347674        5.4974717756884681        7.9176948304176786     
   2.3105340494812805        4.8103237313614731        8.7742046423529789     
   1.4181193805502328        5.5640195228014484        8.7471068870758497     
   1.5756196897306127        6.4254526325747179       0.15228213061998469     
   2.4541896287923417        7.1391441450525059        9.0742698152394663E-002
   2.4124498952892672        6.3576499281821919       0.91260643962038224     
   1.7429771094837745        7.1507805303676664       0.92624538303632797     
   1.6294158609972820        6.4393450802549488        1.6076834576956760     
   2.4846694617698493        7.2897189917771241        1.6330468305140069     
   2.3685755081095814        6.4131698301124889        2.3256863491246933     
   1.6625439647074673        7.2764494396634456        2.3717919385918780     
   1.6137604372147405        6.3344378569104771        3.1920565039251838     
   2.4186984628147714        7.1449109025009347        3.1460055491869672     
   2.4333570056701621        6.3823832572257455        3.9506399199232720     
   1.6504114583944953        7.1483866475020568        3.8531626099681899     
   1.5272585960095446        6.4239012635991379        4.8900718466071451     
   2.3187873211827226        7.1766047902426662        4.7513195015758338     
   2.4663461516739353        6.2687331413823761        5.5811451380008954     
   1.5906984713322294        7.2518470218855819        5.7084122130187218     
   1.5089417859363519        6.3685153588956096        6.4019858934394653     
   2.4412797178254064        7.1826701493959240        6.3816122230856474     
   2.3943326808972096        6.2963781442460256        7.1788117411087313     
   1.6303906429447335        7.2497631790276635        7.0283977676482330     
   1.6168125522989361        6.4810331337651981        7.9084268161934546     
   2.4220265992245924        7.2059565191749160        8.0525960691207139     
   2.2847326436524775        6.2498854051126447        8.7359961138811499     
   1.6142840024469658        7.1422594130943517        8.7735891061589140     
   1.5614583813025156        7.9903585218186723        2.5937222989262661E-002
   2.3892691223118141        8.8128183175841155        2.0008491524276889E-002
   2.3593950265186470        7.9887723612126180       0.74035201953036800     
   1.6066927790088454        8.7516678821080838       0.83319351601337999     
   1.6046406827855171        8.0223344974124764        1.6406444305386847     
   2.3779482401126470        8.8519189163326502        1.6436180511962337     
   2.4248058701769728        8.0400681375339591        2.4093404648674541     
   1.5377504347682822        8.7508244907603476        2.3930216699366924     
   1.5046451908047922        8.0043481865756618        3.2359024816980342     
   2.4494991173502685        8.7152633796851227        3.1777124719107821     
   2.4660253055676291        7.9472126933591687        3.8718593198797975     
   1.6319802623233826        8.7439605860695799        3.9323601941511219     
   1.5796052409160810        7.9819178978960954        4.6358246864470951     
   2.3630738297990219        8.7243173479535763        4.7780917614952196     
   2.3978200048883083        7.9503022452686158        5.5332992631829843     
   1.6762781615995765        8.7558377448969775        5.5305913549872638     
   1.6875095616609777        8.1304088158571286        6.3570776350944573     
   2.4928130166325251        8.7547908780258297        6.2613344636937391     
   2.3651010403971426        7.9903376334815768        7.1473459838217233     
   1.5880286553779865        8.8267408439034618        7.1481083426143766     
   1.5990729758197224        8.0146372570577213        7.9294746250694752     
   2.3891997695313929        8.8383285599895469        7.9420926961129013     
   2.3694337794456422        8.0212809198548491        8.8296303166687231     
   1.6527044685742454        8.8135082899873094        8.7015554704853386     
   3.0896857094839509        7.6848769539819367E-002   9.5114465781632429     
   4.0689548273097556       0.81241083784526869        9.4377248051080205     
   3.9016749712097281       0.11328641391063099       0.74659983523334728     
   3.1337355413737669       0.79245265762392880       0.81362783624984369     
   3.2171622010918974        8.9381120022395830E-002   1.6548793074229811     
   4.0049776588665873       0.83893864454835421        1.5100754033917139     
   4.0608115745893318        5.3311276849439170E-002   2.2696179807193073     
   3.1619430623487412       0.77944908726829676        2.4088546885065227     
   3.1701204485865078        7.4466123968463221E-002   3.1270571113189387     
   4.0169845983078707       0.78985346573422277        3.1716523007289505     
   4.0200583596336497        9.4496039435996799        3.9568792620708333     
   3.2453318204693757       0.73792587306884194        3.9562949753906897     
   3.1785441288994196        8.9760017991482394E-002   4.7522536201943266     
   3.9674204909400954       0.74162616817464366        4.7258620106510225     
   4.0241224331947016        9.4844386966405203        5.4780425454008785     
   3.2094048986866071       0.80615029302373864        5.5409047134675760     
   3.1473749371172763        4.7097980082273984E-002   6.3725372037582089     
   4.0020135321770969       0.76452288018088199        6.3069279926675055     
   3.9602788771680038        2.9841572340334618E-002   7.0561090418176393     
   3.1558852799841097       0.83275278248869289        7.0963850829109614     
   3.2625947740494174        1.6634419104198737E-002   7.9271596007583822     
   4.0173493629490791       0.74852523325550846        7.8825449648947359     
   4.0493591390770343        9.4994422635708702        8.8021016365325568     
   3.1715311717759027       0.83671934426441508        8.7033548926217073     
   3.1976328969988481        1.6128398490849052        9.4084098909656468     
   3.9767701310646069        2.3595493828132561        9.4891161764683982     
   3.8376854315283420        1.5094277730302217       0.71345773024674619     
   3.1878684210668755        2.3041811530530789       0.68647800656728475     
   3.1373187837016738        1.5815467780977490        1.6393748774944734     
   3.8717510704178952        2.5198365449502687        1.4459772104671174     
   3.9739075570462563        1.4786508370633067        2.3405989501868261     
   3.1653716810038528        2.3883717180416388        2.4697807074254152     
   3.1586630262935276        1.5529708381694791        3.1616661761022238     
   3.9489680556143907        2.2667753972080571        3.2381982713281809     
   4.0884717227476779        1.5346122501886679        3.9769947280127411     
   3.1603105562196010        2.3376073185180455        4.0083885620704809     
   3.2606856616868933        1.5741052578290082        4.7312716474505807     
   4.0223531023824473        2.3866752436549437        4.7012008341073388     
   3.9332042868651640        1.4874738080778607        5.5530606280630694     
   3.1529314645013558        2.3077870825073488        5.4670389609469092     
   3.1065200829939088        1.5273669011448583        6.2658539495978278     
   3.9622334392918832        2.3276712507888200        6.2743061275167991     
   3.9640067935554932        1.4481315308666416        7.1364004631930413     
   3.0979512592525356        2.3244529854778322        7.2101725521910316     
   3.1994591520548936        1.5498488073276016        7.9633978229794611     
   4.0041782500621181        2.3779665532988292        7.9219622383999004     
   3.9782687910618679        1.6196245410556236        8.6780920445810921     
   3.1404205061485455        2.4424409478366518        8.5970845852904745     
   3.1190933030398531        3.1754728135836858        9.4806294941026579     
   3.9017352993161762        4.0108636110510121        4.7211585409106013E-002
   3.9004451369097977        3.2364399393405558       0.74526915046656983     
   3.1802355878792206        4.0977402255620117       0.76572560286763269     
   3.1248606190623951        3.2087820527560247        1.4533048876172743     
   3.8201984876648858        4.0236745340419624        1.5972582285450718     
   3.8572787955977401        3.1181205825381828        2.3743897029711647     
   3.1685533094834595        3.9614834078702486        2.3591507159506775     
   3.1588964358279195        3.1420798698561208        3.2511272577443462     
   3.9027521346028031        3.9830706190937706        3.1485017245962972     
   3.8856518845132242        3.1138051300084113        3.9831133554954241     
   3.1301696237091541        4.0298608677989645        3.9078997666041899     
   3.1114626621571335        3.1248153471130840        4.6939139687982339     
   3.9535710015706154        4.0753337657149089        4.7094288740726737     
   3.9254636559690494        3.1555283935742806        5.4243543089674455     
   3.2335823796432388        3.9764868019742465        5.4962853167119361     
   3.2725537499861574        3.1521723496523903        6.1711696496981476     
   4.0006514696722952        3.8900812694800551        6.4162717080661187     
   3.8210870471687621        3.1139149746259505        7.1338435277269365     
   3.1460380686792906        3.9296619861031092        7.1356897404849038     
   3.1958012780827958        3.1874952696727816        7.9517231762473557     
   3.9144265907224263        4.0258053465189558        7.9203235860686840     
   3.9424513315151106        3.1266482661722397        8.7949578887394733     
   3.1436331928172616        3.9006096115956392        8.7479740146165561     
   3.1539503609086856        4.7587079480821508        9.4951728348769908     
   3.9776982350188566        5.5676811796201253        9.4358862085058082     
   3.9915507092814311        4.8080402134734737       0.79369883723520207     
   3.1413030117928797        5.5218844847358142       0.76297976402657319     
   3.1606881063901500        4.7817923333314125        1.5083893510784390     
   4.0000779947713996        5.5806323853197188        1.6177195944587781     
   4.0282368050933659        4.8017323750194674        2.3465390128354318     
   3.1343581150102868        5.5363900458701663        2.4112387788829417     
   3.2129738298104207        4.8751056635659769        3.2111024067695153     
   4.1171114356684484        5.5312658561577894        3.1628632038855296     
   3.9604944748702895        4.8331466063779667        3.9693099484199230     
   3.0792891614314764        5.6041149649522826        3.9761926244435837     
   3.1422884939723135        4.8382126233262239        4.7272140376197784     
   3.9558132794152918        5.5889429812571167        4.8133293451088575     
   3.9529280177445418        4.7965366424290297        5.6009755722769814     
   3.1869471135283112        5.5295467013819986        5.4745336195169392     
   3.2445225876434511        4.7502869298397741        6.3284236467638788     
   3.8659896359302888        5.6065753754948568        6.4011871478943689     
   4.0557247404347949        4.7113717738713667        7.0811488914913925     
   3.1920379696282524        5.4464887818399665        7.1578347237762650     
   3.1654400630784050        4.7217810800139741        7.9885230221862944     
   4.0086764459189101        5.6755591755397905        7.9794906318145209     
   3.9429090740465527        4.6899408807357954        8.6851398117195302     
   3.1356453202815886        5.5813922997784546        8.7494865858877020     
   3.1896448462565870        6.3143825059887453        3.5557116731759292E-002
   3.9124666769772731        7.0867677121459636        9.4937902390923803     
   3.8690481886010422        6.2963678507674068       0.78612602891541516     
   3.2392897514625996        7.2161057179504349       0.76449473751273311     
   3.2058278984326005        6.3666931760941283        1.7508886636955097     
   3.9420659442691099        7.1317699816637958        1.5891596715127965     
   4.0444820114773723        6.3504080195304828        2.3852504263305239     
   3.2050946904068867        7.2226211537163554        2.3577011914229624     
   3.2049619909012965        6.2835582020574838        3.1373153743392663     
   4.0646191113099217        7.2079686150236135        3.2075856888524656     
   3.9760999467667455        6.3374863761565363        4.0263734214021278     
   3.2037839454699113        7.0415714181839162        3.8760024226275553     
   3.2311069319264649        6.3527095278321362        4.7476466772172872     
   4.0096043668684533        7.2114600699366012        4.6996686674241417     
   4.0480021400466581        6.4392864439339652        5.5479866046224302     
   3.1826511437767033        7.1367366847552729        5.5091738419265832     
   3.1370820543110773        6.3897442245669183        6.3301719451820864     
   4.0090111815394849        7.1893095499585922        6.4732099608421532     
   3.8440755262279542        6.3484022649443110        7.2106812029552687     
   3.2342423326780287        7.2667303581832599        7.1399131188336193     
   3.0492741219155630        6.3583782618822440        8.0205961309331659     
   3.8877844852410117        7.2558485501707990        7.9552717734411678     
   3.9381061321300757        6.4543217752340167        8.6981849449841295     
   3.1320547999863608        7.1415615141332109        8.7980453483190626     
   3.1827550039003816        8.0231041793264417        9.4975434786231414     
   4.0615634385210830        8.7948780614598867        2.9976358144021234E-002
   3.9049970146850761        7.9914956293517054       0.85203183927932058     
   3.2281549272089993        8.8401069494607629       0.85599517268521286     
   3.1473771939678814        8.0628829723101791        1.5170135392572930     
   3.9955715025935525        8.8292727480156703        1.5156649665730799     
   3.9340654287568353        7.9843867670703279        2.2795889881422933     
   3.3214938656276733        8.8368252817966830        2.3384437217094969     
   3.2241592713256435        7.9315210715110913        3.1896026474870380     
   4.0035086088800993        8.7211301483730352        3.2612764511522774     
   4.1033822793465351        7.9347540981707398        3.9664697128764064     
   3.2179801820030400        8.7105680948569670        3.9012823644170198     
   3.1453151911427093        7.9953960017545862        4.7160740175992881     
   4.0193738408223618        8.7173654597629753        4.7535453536551584     
   4.1008284272325257        7.8804083061069949        5.4673838768545773     
   3.2315159290362359        8.6949407985583935        5.5082661102645982     
   3.2692718205404598        7.8613661273095863        6.2531007798179816     
   3.9407901092403823        8.6924638627228266        6.2104409411296961     
   3.9919846306374707        8.0420418479433238        7.1600836798865606     
   3.1637890601604806        8.7388470791347288        7.1019745050202303     
   3.1095089118311603        8.0958997297323041        7.9698717606884024     
   4.0020710503395032        8.7930121048224379        7.9278382209201448     
   3.9867939420381124        8.0752591082796883        8.6943493411931350     
   3.1973885011433110        8.8685774845356047        8.7834857945325364     
   4.8480465688198535        1.5417520226477242E-002  0.16362281196158757     
   5.6050897471190213       0.83029728146053050        9.5239738500941744     
   5.6057396316696559        3.9793873084263284E-002  0.90991766636033955     
   4.7899414429034390       0.79899824169281619       0.74297900040156639     
   4.7152279636004311        2.8760193570727524E-002   1.4506798009071940     
   5.5104406034558977       0.78400708225338833        1.6206008807047212     
   5.6379925115640130        9.5120051325739610        2.3006971326793222     
   4.8030019891629641       0.78904736570339706        2.4029551771222049     
   4.8236260949488612        9.4056883242860252        3.0536648988059438     
   5.6003088126811180       0.75424693098618889        3.1768774786707370     
   5.5462163438648222        9.4623361880891572        3.9055942317381791     
   4.8002608491711936       0.74527864097449814        3.9102498222179860     
   4.8362622749745032        3.1285520919040140E-002   4.7404488688023090     
   5.5664427120826536       0.72174215413910492        4.7282453536661331     
   5.5923809109924800        9.4736591100281569        5.5092803136985014     
   4.7629659766911381       0.77330815260735231        5.4652595240846082     
   4.7681594122197213        9.4837234313083822        6.2185547375581045     
   5.5025608839290410       0.74266287292007982        6.3682807123980218     
   5.4936413312134187        9.4276324574526491        7.0923050619285215     
   4.7075710234673656       0.67093788763350548        7.0731911894967450     
   4.7749794217827022        9.5014477248110527        7.9704138556477293     
   5.5208656529489915       0.80067341491213484        7.9773015029271157     
   5.6697720347642546        9.4860916913016062        8.7991200157648333     
   4.8099311255288777       0.79352534872417957        8.7437500907695114     
   4.7463925796285320        1.6046576478906123        9.4925589522524305     
   5.5138795695651011        2.3422095952180371        3.5686282667009503E-002
   5.6592582263594187        1.5474183448103163       0.81325433639122147     
   4.6584066909750383        2.4526085664965214       0.69100183025858197     
   4.7072855208799638        1.6632528717747479        1.4411471004152283     
   5.5132035198057530        2.4129642637535396        1.5252596488399903     
   5.5058955360353217        1.6647263676627850        2.3160360455336528     
   4.6611244232537192        2.3682708769611209        2.4177299160485561     
   4.7548002277907342        1.5374115463655975        3.1621179170354936     
   5.4271305692590577        2.3453646541345790        3.1595768463829921     
   5.4398303664999297        1.6033147008099218        3.9986898703682865     
   4.8210852724883022        2.4206279571404239        3.9788554440339121     
   4.7169338761004420        1.5622005289079959        4.7717326699951501     
   5.5983737240493046        2.3852014535395045        4.7731341609188860     
   5.5977204094197983        1.5160577881156809        5.5728682083818288     
   4.8428711643372209        2.3290840798053964        5.4831007339360340     
   4.7329113776247800        1.4786170755511590        6.2218028110989545     
   5.5429391080438331        2.3305887979602500        6.3290829491862945     
   5.5175487224676072        1.5503472998111143        7.1318692861494526     
   4.7221171904311170        2.3802821524894120        7.0723963407296528     
   4.8713572818775477        1.6366867074502838        7.9647252992808122     
   5.6510790811282225        2.4243868087432650        7.9671301665747603     
   5.5245458966983536        1.6304457113610418        8.7722457897880322     
   4.7535231584504025        2.4178847094956124        8.7553076041094933     
   4.8113430948324725        3.1499290170322776        9.5137275671896102     
   5.6664941279366596        3.9708019856289432        3.8115969028726146E-002
   5.5397704597641617        3.1939157587122100       0.82785132604231038     
   4.7379806751063960        3.8873743606486575       0.87911747042854216     
   4.7810699969132218        3.1165970615920009        1.6035848059272109     
   5.5278356318507855        3.8704632829929531        1.6046954324185898     
   5.6008613527382147        2.9890190771188951        2.3497090211749616     
   4.7117574394139838        3.9994303445725898        2.3225124935634489     
   4.6200145995121575        3.2279697029849870        3.1332682635463600     
   5.4994342506698999        3.9566447943348049        3.0700157840140965     
   5.5161296185588089        3.2376383029889606        3.9570636014507339     
   4.7319968336535068        3.9456621644905812        3.9499915126323075     
   4.7364570830116515        3.2300518334275288        4.7447862800717084     
   5.5968123610519829        4.0142024569390218        4.7344528034322035     
   5.4881490584867638        3.1030344656086046        5.5136814945802310     
   4.7204122409333236        3.9544755701408634        5.5612299348596057     
   4.6511507048252856        3.1417508860702283        6.2593798106510832     
   5.6018067820375181        3.8862134503611636        6.3411010433381794     
   5.5322004272571901        3.1099369205269687        7.0233064426129133     
   4.7475427136088522        3.7913021787791434        7.1146708233633484     
   4.7525934430922439        3.1230037862776001        7.9286925450985075     
   5.5691200224194386        3.9369869348666979        7.8720428283889810     
   5.5605645346226185        3.1643429163593773        8.7480794447835155     
   4.6921306487987806        3.8681992395520641        8.7309859645505163     
   4.7702763923104081        4.7683294342888329        2.6820185832080949E-002
   5.5195350603199627        5.5340744232635979        9.5133758851633132     
   5.4864805935178138        4.7640537348112701       0.78682922178938586     
   4.7268387652787442        5.5904026181441866       0.74223590516262139     
   4.7987905942879276        4.7546758683018453        1.5975416487867347     
   5.5707806934509261        5.5779321323953832        1.5553669704262241     
   5.5666051825719247        4.8190266627315257        2.3785716347027490     
   4.8708705793214984        5.5765431255021207        2.4037008025877906     
   4.7751193466128958        4.6846352225311136        3.1732278340385811     
   5.4654994185569157        5.4869141852956806        3.2330197030472467     
   5.5787412455978274        4.8388673194844154        4.0660109667160897     
   4.7764743583922966        5.5260630089608327        4.0204916219095468     
   4.7692694794738086        4.7727508617428560        4.7597081647793829     
   5.5620393692965742        5.5315663573872973        4.8066881793398970     
   5.5023343025769522        4.7202207078889487        5.5902864263348473     
   4.7378014319592436        5.4601905766297127        5.7025022013732647     
   4.7469609946131621        4.6315381522790924        6.3219347849139318     
   5.5682112629329579        5.4938424539772699        6.3302865646664479     
   5.4787678153877994        4.6764733868422752        7.1229921248639751     
   4.7297511776584109        5.5719776444733027        7.1062392449724294     
   4.7843543402421238        4.6084086682877148        7.9027195065519482     
   5.6009127064014237        5.5392393161950029        7.8089228224542619     
   5.6041776449107239        4.6688158965283417        8.7403427660709561     
   4.8115045639618446        5.5315721257886672        8.7344263019213084     
   4.7573808678052698        6.3294099356208040        9.4846736253159669     
   5.5482220675417064        6.9920130730971071        9.4551733939313714     
   5.5454424320347053        6.4769158069792576       0.80710111837697107     
   4.6216580551480764        7.1302913816421354       0.77486686098055424     
   4.7891096734652683        6.3595403730044797        1.5538099594943415     
   5.6721473383848808        7.0759119126259638        1.6260921066958358     
   5.6466127630869600        6.3767553671233612        2.3875761103308313     
   4.8583713714505183        7.1421929215175748        2.4303890822573542     
   4.8126911553850009        6.3226366246995420        3.1650523933889021     
   5.5989220999940281        7.2093773308288798        3.2392583959296677     
   5.5592906944121712        6.2659703918785503        3.9665125846367468     
   4.7836144062805621        7.1386925163731547        3.9836539306708567     
   4.7900722213113438        6.3612136949067830        4.7723565082895192     
   5.6329180933089216        7.0940784658976641        4.7266026267925332     
   5.5229746027907796        6.2578740076382164        5.5695869397479338     
   4.8695675195616088        7.1158131161816263        5.5360464135713761     
   4.6965034361863118        6.3736968529304052        6.4062795675899720     
   5.5540996818611532        7.1231986961915439        6.4242351713742938     
   5.5719218878411363        6.2134096857452361        7.0911127901726498     
   4.7336767633163763        7.1758649074948595        7.1968026314717957     
   4.7578635418248076        6.4193531567725035        7.9204879851251810     
   5.6180134910235937        7.0688465469966966        7.7766635056367139     
   5.5799702414541956        6.3413846805194485        8.6016388396866699     
   4.7353213097916447        7.1756511649455890        8.7297011637142461     
   4.7553195054832287        7.9672621735522808        9.4957235474825072     
   5.6322120286540942        8.7330494853487934        9.5120911921384241     
   5.5575008201216312        7.8518950307394464       0.78837004580253656     
   4.7352641448985340        8.6991980301918659       0.78495187224866603     
   4.9466824973133390        7.8656074270011933        1.6670693890676140     
   5.5644989482274916        8.7414462505115438        1.6227967740120468     
   5.6030464111178127        7.8939573125007119        2.4492374836173059     
   4.7310508464409526        8.7854278468898226        2.2680651302777446     
   4.7466663534734250        7.9784549264190421        3.1505235426198404     
   5.5467677461209739        8.7515718266265221        3.0115466096593120     
   5.6097088000078452        7.9494849009378354        3.9497034647656206     
   4.8807507935497449        8.6925271266651976        3.9402149870371601     
   4.8605809928622561        7.8718073894838136        4.6780528834775437     
   5.5541381665890741        8.6917598557281668        4.7814090263973839     
   5.5700303041509844        7.9330718935831710        5.4770333898389323     
   4.7941506363626898        8.7098776704668222        5.5041428332270810     
   4.7537749682728450        7.9596039464935906        6.3808358599049555     
   5.6440438980559167        8.6716277140700662        6.2484163019429859     
   5.4693968279138767        7.9672263847779945        7.2638626086563667     
   4.6664365373719816        8.7899592085826406        7.0697340881596702     
   4.7212752536519158        7.9486878613635374        7.9499028138096746     
   5.6270727390805959        8.7814700969015291        7.9650582069407143     
   5.4869443463433978        7.9456181718636492        8.6464912525206437     
   4.7899391857178744        8.7898903896664855        8.7899355940331656     
   6.3611294215548551        9.2176132150727091E-002   9.9927386298559198E-002
   7.0237843221472120       0.88335507432833904        9.4906519597951267     
   7.0964294752540678        9.5170418018788077       0.81945873150612292     
   6.3634512257608966       0.74935123044029128       0.93766853262516581     
   6.4666466494386290        9.4924007987707455        1.6394631059428855     
   7.1655252188676704       0.79670761055003270        1.5832279644569867     
   7.1852566935097464        6.5346568897869717E-002   2.4012764735347192     
   6.3499755029473874       0.77331873469684431        2.3563644709596421     
   6.3968230031695130        9.4902113859530033        3.1440804062304668     
   7.1388693522005306       0.74467357904442166        3.1754314145671807     
   7.1053025572455804        9.4805711159730652        4.0332974347867383     
   6.2817801304756795       0.77472754953608469        3.9701904716579972     
   6.3732682335878748        9.4587988716565583        4.7652859951870656     
   7.0852991375777137       0.71528126891558519        4.7857632205189393     
   7.1941889676904802        9.4214905983235901        5.6311599968234836     
   6.3843831812105662       0.73931715709562107        5.6075618817501383     
   6.2571291509314975        9.4796306169000140        6.3271764951089207     
   7.1170601551262962       0.64752258519725414        6.3829193584327539     
   7.1099974860038246        9.5173460091843136        7.0940424411295888     
   6.2424274802668345       0.83469865134229337        7.1563999447405937     
   6.3290549836666088        8.5588971051583727E-003   7.8540013007012268     
   7.1363293286300866       0.77281688665438231        7.8461890272668811     
   7.0517501723853648        9.5164464200391716        8.7134838163779733     
   6.2694764963762939       0.85338131696316188        8.7191663158024379     
   6.3807624931954878        1.6888707312692590        9.4345936744775187     
   7.1985443904593476        2.4309619464861183        5.8638964181754162E-002
   7.0039081909332177        1.5393224294535095       0.74034911197509035     
   6.3359870199398989        2.4144498054096473       0.79541106367487546     
   6.3196164268037238        1.5778413966305795        1.6196195088927920     
   7.0884220022798869        2.2747109226770545        1.5000300440540986     
   7.0834310412138963        1.5342537723321952        2.4182421775315781     
   6.3956594666075652        2.3293057506511392        2.3896314868931219     
   6.3583312758102162        1.5850664040975357        3.2658069869639172     
   7.1102738449234533        2.3646130869697637        3.1845540191393420     
   7.1112138322354363        1.5480656105984261        4.1302780038510631     
   6.3225177918499407        2.2899668539555762        3.9631841151728842     
   6.2922355960720928        1.4825456577251950        4.7221172106424856     
   7.1667506949887558        2.4190950039106895        4.6383128028371159     
   7.1583947902438343        1.4677707987617687        5.5421656235712069     
   6.4211893263901159        2.2527059910989826        5.4308790524489927     
   6.4301042220675386        1.5372092643851030        6.2937410849271158     
   7.1807710266472586        2.3097289251690345        6.2283775304780553     
   7.1788608457746390        1.5451757445017640        7.1749556192767070     
   6.3661334254374164        2.2959271923246432        7.0377908876501385     
   6.3010135826183982        1.5962797526196313        7.9262609173589853     
   7.0605030815705696        2.3195208927729016        7.9902918222750285     
   7.2081323362392755        1.5678029961592255        8.6779082488782748     
   6.3592993683373562        2.4124426197630915        8.7502523681869437     
   6.3648263819850026        3.1072647892274148        3.4259222412120628E-002
   7.0919801372605651        3.8963975458212809        7.0434148300027533E-002
   7.0949173919283295        3.1581412145774554       0.89187661844417154     
   6.3544131089055620        3.8792145497029304       0.87817243380763210     
   6.3786525688262117        3.0290162886422460        1.5172908233974627     
   7.0702378955685941        3.9439895170093222        1.6186888005535889     
   7.1427667797450622        3.1383767393156181        2.2765908212793371     
   6.3009291969085037        3.8406147595473947        2.3593991146051443     
   6.2914429876223839        3.0782089643961581        3.1180904735193318     
   7.0695740908323499        4.0511184690246553        3.1873798438276317     
   7.2321151299239137        3.2004686497685202        3.8785258230034287     
   6.3245308722670313        4.0427566579110374        3.9554813631938468     
   6.3951856378614940        3.1899820001008097        4.7179401747292493     
   7.2017743815675175        3.9814337981442689        4.6847493498969417     
   7.0799664955153636        3.0814213201749538        5.5721499000900074     
   6.3538598498073542        3.9364399684531288        5.5047658923702674     
   6.2735830347347505        3.1126159582196706        6.2559285869845223     
   7.2125280271230343        3.9174694947934601        6.3780195742357657     
   7.0570885560211636        3.1963818467895129        7.0837328913897526     
   6.3709577619167073        4.0794384694944901        7.1276690089405061     
   6.3200336345877783        3.1749703119411077        7.8429682470533040     
   7.1003962784381995        3.8915710232064100        7.8934627133169268     
   7.0851556617083915        3.1672545936706400        8.7032018519709027     
   6.3299598534100099        3.8874877274449644        8.6511303994106026     
   6.3911318226076039        4.7418235158092097        2.3127425731647219E-002
   7.1212483176450947        5.4870794629051085        9.5109049168858171     
   7.1629879133479468        4.7354909073315330       0.75936720930408019     
   6.3086662529669173        5.5128026754029618       0.79212109404935949     
   6.2634461192516371        4.7024956701608112        1.5542997643264884     
   7.1988021131863338        5.6299004252004936        1.5115377260432541     
   7.0589100558079085        4.9139509278754820        2.4117803269977469     
   6.3049503036836567        5.5688990775842360        2.5055947779561514     
   6.1785375422689990        4.7218652327492769        3.1765469820097745     
   7.0689869204747353        5.6042778057760003        3.2835183815090190     
   7.1535645682349793        4.7446443024136347        3.9875053578286006     
   6.3001079023823268        5.5891058894452152        4.0196071847090895     
   6.3560632311178189        4.8091558971490480        4.8404659172985580     
   7.1475520138339981        5.5872544975702434        4.8068256135003375     
   7.1773006620912403        4.6308601841226800        5.4654619965496360     
   6.3294227949851143        5.5961388410549020        5.5906717864847701     
   6.4455124643051329        4.6848246419430595        6.2137193716290495     
   7.1466952212754222        5.5181998304377693        6.3767393209709491     
   7.1231179508619533        4.7961336738643050        7.1399159282648599     
   6.3516209507302488        5.4852263085839166        7.1242371859719285     
   6.3895779474138381        4.7760792854835605        7.9334330961272741     
   7.1428617182727914        5.5415094960288620        7.9131914549319848     
   7.0214559871712119        4.8115631999465869        8.7803886751029427     
   6.3308542411303135        5.6047120545881253        8.6923105254340864     
   6.4109549143938960        6.2645819678776133        9.5242097294841326     
   7.2051556762405147        7.1430234076122829        9.5019609330569139     
   7.1976291724835573        6.3088892528495109       0.66984801926551107     
   6.3208068848221997        7.0998495021131980       0.72819717315799937     
   6.4107353818761332        6.3077565342695490        1.5680587413278049     
   7.0982040131084032        7.1328577255318386        1.5394908982655282     
   7.1959136709710991        6.3135426088176807        2.4858965212410573     
   6.4693200402745852        7.2037653713563810        2.3781243313305551     
   6.3309433445192402        6.3586959392955622        3.2350605079286563     
   7.1460828133948642        7.1072148870893921        3.2482115658536004     
   7.1066268774896431        6.3266945337443543        4.0523018932930031     
   6.3446101974271416        7.2730043647188305        3.9646195395171784     
   6.3919352939703993        6.3719096167718980        4.7989443055519923     
   7.2092402790125512        7.2084588485435690        4.6679370468935417     
   7.1027329155260652        6.3467963889800822        5.5721862447887371     
   6.3553599289236145        7.1306133616562510        5.5494635009389999     
   6.3594081431355001        6.3350892207992979        6.3631023417573997     
   7.2156725690523418        7.0207460293378832        6.3690384575791192     
   7.1738062368156754        6.2777796670587156        7.1502923661807731     
   6.4525356755773435        7.0889698505026972        7.0931278512685134     
   6.4412768206059035        6.4180726067418172        7.9599239345741495     
   7.1352571976308798        7.1613230448670100        7.8999583905176296     
   7.1653468490343188        6.2589389056795355        8.6889814512192700     
   6.4094624667351559        7.2191203698691391        8.8106515988842329     
   6.3626042547241326        7.9755081176961946        2.2625198296427271E-002
   7.1569107862528654        8.7372380851798184        5.5150717622881228E-002
   7.1675196475592875        7.8696759524455926       0.78268190722554210     
   6.3530488244714300        8.7217504695317487       0.81853142010429303     
   6.2952021540269012        7.9772652861154274        1.6580506230751575     
   7.1325814157509013        8.5865956155585739        1.5656745559309597     
   7.2597905291798215        7.9506480456897188        2.4244896499176636     
   6.4157116944113382        8.7047967067182146        2.3631955308287038     
   6.4312339837725352        7.9446590523881184        3.1674510313959066     
   7.1334744025225012        8.7709805393041957        3.1981235277219628     
   7.1381715881727859        7.9260730012561504        3.9497141960488742     
   6.2790306646993539        8.7779211442396985        3.9879294030711576     
   6.4305634561722602        7.8585410351626930        4.8338014913784946     
   7.0726848652015022        8.7315039206108001        4.7536322481458306     
   7.3128235472173255        7.9639617635145621        5.6000628292991683     
   6.3914641309773934        8.6354796913753837        5.4848048792544049     
   6.4344607819746482        7.9158396681519054        6.2846075230156853     
   7.2232374394289254        8.6990324070732452        6.3619676987106004     
   7.1128044376393413        7.9453807667304757        7.0849791903363695     
   6.3926762982578431        8.7857849002264103        7.0855100881307171     
   6.3408835532340326        7.9526706258482971        7.9187127944314364     
   7.1144195114966164        8.7774142766693846        7.8766956798553442     
   7.1378180868523309        7.9836231654817746        8.5878820268926592     
   6.3872688090144081        8.6757500699986760        8.7395937572268831     
   7.8885009795945136        2.5986590166099745E-002   9.4903094061679418     
   8.6736785274753405       0.81857009349769749        9.5040227212457165     
   8.7524853209682032        6.8574948833141913E-003  0.77805087380366256     
   7.7828643985178267       0.77517739767475180       0.76548159150588346     
   7.8903482468277861        9.5130281650225132        1.5097141654972492     
   8.6461464371182313       0.72073942057239093        1.5284687532150196     
   8.7109399547596240        4.3232492274479811E-002   2.4496751269449781     
   7.9856876900312610       0.82629211080497933        2.5086314443588082     
   7.8378538398751703        9.4575445805508931        3.1811937627072946     
   8.7537140594860858       0.78643918552281789        3.1965595534616988     
   8.7278163816612331        9.4770785771142805        3.9571248186956862     
   7.9917515939227552       0.76107058865996591        3.9817039399591603     
   7.9374252871967848        9.4910675643595575        4.7157927204111809     
   8.7043296976564726       0.75368486947089508        4.8379164786768571     
   8.7878235952150181        1.6888293954855234E-003   5.5286101937235834     
   7.9081991388143953       0.68721220593700616        5.6018125749424241     
   8.0174436705574799        2.3136670204222897E-002   6.3445512830601922     
   8.7760716890248300       0.75678877233604880        6.3437779889252592     
   8.8047168762298522        9.5143691973629636        7.1371456731352776     
   8.0510519608339060       0.68242105505013284        7.1073614131427094     
   7.9168830134517609        1.3116934422501406E-003   7.9150451198773899     
   8.7918813709225905       0.84411091859361653        7.9266784200443068     
   8.7752562884265739        6.2570107201114777E-002   8.6484733084724130     
   7.9508770305163905       0.73967610831430564        8.6833040639746706     
   7.8706585567364895        1.5312543847396456        2.3794418306664324E-002
   8.6312954732896614        2.2983030984021044       0.10940493828307798     
   8.5628190024270356        1.4787758954073937       0.79872161221103866     
   7.9438406311330096        2.3404432690897483       0.82817490994741294     
   7.9650459891869474        1.5698424899561403        1.6759298877926472     
   8.7548863268793529        2.3576018078231136        1.6603771935170288     
   8.7200971439459600        1.6554090223062317        2.3990546238333375     
   7.8364700989952398        2.2667228831013615        2.4051314550906726     
   7.8983198811721502        1.6133058259841704        3.2428343271284232     
   8.8294741578388560        2.4362597644063828        3.1812007392945043     
   8.7793378719269999        1.5654512559057907        4.0473372334280349     
   7.9795188297958095        2.4335644882581469        3.9497668415238909     
   8.0029567024331438        1.5480375463535632        4.8355310419516506     
   8.6452711259896198        2.3510364538618957        4.7410741606339144     
   8.6436155074474659        1.6297093320244147        5.6918221762187704     
   7.9200133736135649        2.3541116327041620        5.5495948943675133     
   7.8786208123806700        1.5002808796771787        6.3938479817772658     
   8.7737543940307656        2.3986736018618329        6.4341233070747998     
   8.6716690701820198        1.6017298327183718        7.2010863288861913     
   7.9722547416879337        2.3121662114355650        7.1593725946003506     
   7.9209694546808125        1.5179575651765638        7.9354601161698950     
   8.6644116610359898        2.2731284407896046        7.9946265996452137     
   8.7024298807282428        1.5878007486351124        8.7814584956327444     
   7.9454451891393827        2.4093875266024933        8.8295745119098097     
   7.9449323571650670        3.2484833204355068       0.14130482562172689     
   8.6437081765505042        3.9650094249418175       0.10358738467366575     
   8.6562658542268665        3.2392358254851956       0.91695143200522855     
   7.8846488931814172        3.9845102386380855       0.94996546945859961     
   7.9012331940690146        3.1100496341751240        1.7075600883637045     
   8.7555805836894809        3.9698234689428484        1.7364194906715957     
   8.7982424767276903        3.1316610058298031        2.4156347570945975     
   7.8052176279872025        3.9446947269565538        2.4452356707878953     
   7.9813096704658424        3.0826417331862581        3.1147217136599763     
   8.7575392480992313        3.9751366923790230        3.1690981867241335     
   8.8022197753969049        3.1870595454132107        3.9732326356789875     
   7.9701862449230134        3.9781215977599174        3.8342187016651934     
   7.9692297619663233        3.1487280707573206        4.7085566377346471     
   8.7084265675131078        3.9512839799935011        4.7075092859594809     
   8.6174708248822043        3.1430324679930601        5.4732441545201160     
   7.9256074440900743        3.9267716656127636        5.4914807504840644     
   7.9889124443492632        3.2574004115022066        6.3070065498551937     
   8.7538370525861851        3.9293990212213803        6.3956591082104088     
   8.6344709127100412        3.1059216946335773        7.2749544250214910     
   7.8778610483170661        4.0370944637196882        7.1772995525138432     
   7.8320450821396408        3.1454217932971127        7.9169386366846153     
   8.6480783832305761        3.9743464691381920        7.8942703300581600     
   8.6919400848624768        3.1751960356092228        8.6977304168143146     
   7.8014828376040777        3.9319622723499155        8.6601398707959891     
   7.8610068004721976        4.7342306325036008        9.5223626305041655     
   8.7490992391476095        5.5915159560610537        4.5313325491127543E-002
   8.6817971158290010        4.7979809003853200       0.82389377469732150     
   8.0005526769047606        5.6066164065079178       0.84247840719494815     
   7.9557259799969309        4.7306977804765431        1.6015553711745569     
   8.7696013376746773        5.5584421376623192        1.6185204297030895     
   8.6494306734037743        4.8501002217289235        2.3879081933496185     
   7.8816114059465630        5.5764757500789450        2.3304763432630331     
   7.8421726777343004        4.8314117116672328        3.1053053061336673     
   8.6459306544622212        5.6495501384039839        3.1343566187233187     
   8.7109562832110701        4.7969631506695620        3.9172097281791518     
   7.9071224610184485        5.5333424573336458        4.0371819054059879     
   7.9325026421156313        4.8580229233602612        4.7334610138248783     
   8.7745279447912594        5.5259265522826215        4.8305850870896876     
   8.7141093024804555        4.7414910338535767        5.5919342579351214     
   7.8997534389219979        5.5046126012765342        5.5592661068300604     
   7.8619179583749021        4.7370474334041823        6.4164615474966160     
   8.7691113586702389        5.5522897520320873        6.2926782247598503     
   8.7059817321163280        4.7406907744408100        7.2462546003639625     
   7.8949349165033924        5.4868911167810923        7.1043711598681973     
   7.8250316022165531        4.7200291979264035        7.9653560915065986     
   8.7174032134161621        5.5910978931563582        7.9591070247862490     
   8.6785429751941816        4.6887891637323271        8.7271569308700965     
   7.8475414184152505        5.4929959655957568        8.7168902594738711     
   7.9672137932000826        6.3220874362011052        9.4496054294437517     
   8.8051072414411440        7.1333231581366121        9.4670675368436292     
   8.7801584025330808        6.3942728652340195       0.82104147288411944     
   8.0279847228668455        7.2180671610005147       0.72124312221353570     
   7.9063091467593534        6.4308875656520357        1.6303585040372437     
   8.6986632199707312        7.1438813968544936        1.5040581927350349     
   8.7088593965509098        6.4488274071079905        2.3376131436636864     
   7.9439377042465553        7.1409472934995399        2.4037528379315916     
   7.8785798586544882        6.3952844921606742        3.3026525917875214     
   8.6972283052611683        7.1778267407185670        3.2194904443461749     
   8.6842363702831520        6.4118496106398846        4.0112842332660712     
   7.9989785995849703        7.2046160152127925        3.9826080314844199     
   7.9389877079888729        6.2636145627096127        4.7458026097208439     
   8.8206125343571617        7.1792421902226335        4.8046358344993552     
   8.6910675726880751        6.3177232908757643        5.5153261868874672     
   7.9247869381615441        7.1279356214973175        5.5277719087675310     
   7.9312542696654971        6.2566264404715630        6.3504110105437812     
   8.7324810626334450        7.0259737966940650        6.3627732291897017     
   8.6322336901447319        6.2620554303471909        7.1096331312985805     
   7.8977356913312011        7.0047379813140154        7.2071732116108063     
   7.8716878473324599        6.2546052973867337        7.8768633250092348     
   8.8076817960390787        7.0169670918227327        7.8977534584853402     
   8.7413105580863313        6.3144718829923363        8.7966661957029597     
   8.0071716498969732        7.0483764660714510        8.6774502367651660     
   7.9245127414997185        8.0308525935059407        9.3803823381923550     
   8.6565346159092904        8.7503364210529071        9.4946735394243689     
   8.7366602758127403        7.9849972384650991       0.75653130999056151     
   7.8966328427093897        8.7177556462124031       0.74970942295475829     
   7.9920019151971360        7.9772394383291090        1.5469382760315482     
   8.6866990541803677        8.8289841777731226        1.5697685360439046     
   8.6482762311908594        7.9406238206021920        2.3751127095613076     
   8.0366327984993493        8.7898070510691291        2.4416347699989140     
   7.9406253213477180        7.9774376564695970        3.2077956887339858     
   8.7467369670015831        8.7656048436743088        3.2137199346988896     
   8.8728420124690608        7.9187234462212199        4.0189004221711357     
   7.9284334685188886        8.6911272438858127        3.9614632853965426     
   8.0261997530715465        7.9732373461492028        4.8308268712910731     
   8.8187507690613263        8.6775915310528724        4.6955396552364856     
   8.7661080124419755        7.8705584227352414        5.6176866911733194     
   8.0036453743453002        8.7654925741575980        5.5515125300420989     
   7.9493014524016612        7.8416517497431748        6.4353554796791066     
   8.7410676194855448        8.6501121574074666        6.4198493154099472     
   8.7274585632691224        7.9055179366244639        7.1554534301672215     
   8.0142398394183854        8.7070071962569155        7.2145977983873273     
   7.9049881823088022        7.8502833231246356        7.8901582225848186     
   8.7105474877822520        8.7033414434444811        8.0080750450941682     
   8.7605424014926658        7.8642922907820010        8.7013979593557647     
   7.8423441572630042        8.8814988747331878        8.6792117119893444     
