   9.5133003298380086        3.1569042983616138E-002   9.4611412012020271     
  0.81998717401531429       0.80879215145711658       0.15194085171707211     
  0.80309917718397361        9.5154534052633952       0.81057786639836948     
   9.4620225059580143       0.71208405515526285       0.75564109613743513     
   9.4415586439998549        9.3179818958072647E-003   1.5561267631374667     
  0.74873230210805619       0.79472215325750772        1.5136241563439308     
  0.72478143265015937        4.9116641474650315E-002   2.3752379839272306     
   9.4686630601524122       0.72385451244332810        2.4299009943626300     
   9.5202038857691154        4.7444743686884464E-002   3.2090316429679002     
  0.69117970731091316       0.79595917011978379        3.2425737888329067     
  0.79162594060378000        2.3535719511473031E-002   3.9805653020522302     
   5.5307489469108469E-002  0.77773698642862710        4.0379011953409352     
   9.4873608606060866        9.4473825776570788        4.7560400235964737     
  0.81076462215622758       0.76519522115569594        4.7614685550046856     
  0.78560097615606372        2.0044877488067034E-002   5.5596865204838286     
   2.9914324389507811E-002  0.75585704481089799        5.6374029848136313     
   2.4265216098090927E-002   4.0043065683017763E-002   6.3291633966049821     
  0.79893710291351161       0.74667422626115298        6.3218491793404183     
  0.75197824789947587       0.12030361776778040        7.1143516894635201     
   7.7751707724774905E-003  0.90254685868066054        7.1410081902820028     
   9.4837563813920625        6.5601592409281401E-002   7.8870040280628082     
  0.79620721425348018       0.79133941130191776        8.0274967716150378     
  0.82779107775630489        1.4061891863648934E-002   8.7465195974044274     
   2.6199684710644412E-002  0.89743680555207073        8.8236949273411156     
   9.4660982966473508        1.5894034719096934       0.12345299431659948     
  0.79349710606160029        2.4564003394398539        7.9878045602513506E-002
  0.80725306509951378        1.7731911498351589       0.80959315313094571     
   9.4647812774876012        2.4108629515625157       0.79927676310623585     
   9.5086426868355822        1.5499774303676708        1.5772670947495095     
  0.86870617696852837        2.3408496472922691        1.6420667395816106     
  0.79242788309383561        1.4798760587363944        2.3597978094980880     
   1.6704734438916399E-002   2.2900144982611748        2.3768921638507261     
   1.7865227919600869E-002   1.6054046193283569        3.1562969721357623     
  0.88805710637144331        2.3596393892270049        3.0624759049210675     
  0.85372722628193010        1.5359962116879731        3.9157626367019684     
   2.9041419813078885E-003   2.3834299364193656        3.9955597388452531     
   9.5053957873559725        1.5354391802650829        4.8030886082130477     
  0.76090021795629492        2.3370401608567972        4.8286253893206252     
  0.85536126000851243        1.5257009117952800        5.5749108650175714     
   9.4918912968206097        2.3513840341968621        5.6591177583345971     
   1.1557328855710751E-002   1.5466706745231413        6.3210767273312625     
  0.80525888062906725        2.3077563423055589        6.3318659821785817     
  0.77710539696437819        1.6128847430459625        7.1241899400026174     
   5.0420406444590046E-002   2.3780613149335386        7.1503059360132601     
   5.2720546063121689E-002   1.5782491592641850        8.0673346438360785     
  0.84248750446812282        2.3215901983869029        7.9202912150019182     
  0.77863626999164903        1.6020462875692509        8.8799867059595652     
   9.4372404416302125        2.3896285529862702        8.7745786969352562     
   9.3276013641096469        3.2006611522555830        7.5489071505777355E-002
  0.63736906455137932        3.9554079356102223        6.6795109826395235E-002
  0.78088110536509470        3.1716963573198291       0.86953951781972139     
   9.5107766880875833        3.9560627674144957       0.89794488621624668     
   8.2561215170104951E-003   3.1882209817141320        1.6604322760153964     
  0.79337151556321117        4.0846880370993830        1.5489404931711659     
  0.79087964059116234        3.2108788308698935        2.4872804313158827     
   2.8228162440059369E-002   4.1265218430493986        2.3746966344817122     
  0.17377449614606069        3.1649877266431314        3.2029557937814519     
  0.84879875397334248        4.0633943528935941        3.2321718451731827     
  0.81316674741786610        3.2242953571333817        4.0232748613470610     
   9.5148309761685308        4.0589802889080602        3.9072653141879674     
   9.4726537656596150        3.1297168963355877        4.7678686347862902     
  0.81242710596223866        4.0767758949527559        4.7165118025292401     
  0.76808138137112791        3.0529625016902515        5.6165104333585747     
   2.4567825035292371E-002   4.0073375381366869        5.4894804273565247     
   9.4972524493864690        3.2345857132241562        6.3991192162804813     
  0.86672597651320815        3.8566918072409155        6.3367757056313776     
  0.93604654936434095        3.2138206074769466        7.1241637098298360     
   9.4492201222115835        3.9932081461172246        7.2521721588065233     
   9.4998534546617552        3.1535333927043863        7.9839751423564298     
  0.83582853062924667        3.9390633318423016        7.9159145920202834     
  0.74875904119885428        3.2063014033478163        8.8309205962381530     
   9.4882307908959707        3.9499514223991623        8.7256984301971237     
   9.4000059175011934        4.8303143305684353        2.0475601990766930E-003
  0.85816256024607851        5.6900486463199327       0.11235318710238312     
  0.75482498838363177        4.8168533374698601       0.80687539048279355     
   3.2249207034230142E-002   5.6062709468034475       0.83576886471398437     
   7.3678058451070366E-002   4.8078149271250403        1.5619852605498936     
  0.73589053436745167        5.6084498326861922        1.6286558534263402     
  0.79839933310162470        4.8669272713420080        2.3748749845342312     
   2.6864228697510689E-002   5.7204338467603053        2.4465573796433846     
   9.4727099165240052        4.9035403928293393        3.1348350921065737     
  0.86977141190466634        5.6636604978391736        3.1165569666144290     
  0.79436737729544760        4.8521175631725555        3.9915164695276215     
   9.4832889195585128        5.5881509854823888        4.0050803427087107     
   6.5032670729215342E-002   4.8307380845409531        4.7538767763983678     
  0.75409249917300369        5.5165520867860307        4.7062019972650058     
  0.75654369404045463        4.7435154214514919        5.6531554789707350     
   6.4235669886684270E-003   5.4403489817894481        5.5511584749727856     
   9.4886782119667252        4.7346996973139461        6.3572589969265785     
  0.79592672783439855        5.5247142852012354        6.4432672820391002     
  0.79669295012825692        4.7005069217645250        7.1563014761026702     
   9.4622549606424649        5.4897684488841536        7.1759271949491010     
   3.8715922649998798E-002   4.8052052209656262        7.9959099291469711     
  0.78889773835666366        5.5501632646095906        7.9295127557518548     
  0.78887719524859345        4.7316451345235393        8.7617500208228662     
   2.0743305072426870E-002   5.6204371160881585        8.7314927253696446     
   1.2118397776228293E-002   6.3311933151902693        5.1866043314841306E-002
  0.84255245840981374        7.1857706677196118        9.2797226644639810E-002
  0.85902216116615404        6.4618528187300361       0.87204022029885098     
   5.8210354542908002E-002   7.1852006585111159       0.84162404123043322     
   9.4915901297434626        6.3850427352632089        1.5949785038904722     
  0.74440806038400709        7.1642621760304168        1.6624937153723409     
  0.84584489738121704        6.4581053322671194        2.3859292763994850     
   9.4250521321108849        7.1590743307894744        2.3570479814905485     
   9.5033873180862170        6.3982689326098496        3.1934714113597455     
  0.75010198378773418        7.2357799016972466        3.1148236603446664     
  0.67392521262003457        6.4294833919599501        3.9807183780930679     
   9.4909677041844276        7.1943613152899646        3.9546650678724906     
   4.6905776842315068E-002   6.3163093337378369        4.7827555572879028     
  0.85324355031426691        7.2179744235453533        4.8380205906971856     
  0.72595935130708833        6.2894409498775170        5.5584976288931642     
   8.7755604392327449E-002   7.2325610522748924        5.5625362403190515     
   1.5692004233406907E-002   6.2889121686029164        6.3370093896384301     
  0.73111927363807028        7.1544414394297036        6.3857736041262099     
  0.71736624647804403        6.3546036711135541        7.0921743410605353     
   1.3723914166277953E-002   7.0662194074146933        7.1889409824771322     
   9.4607903303509868        6.2923943662748956        7.9015198864262688     
  0.80195449604810709        7.2307443925025590        7.8441411497305928     
  0.75765853532822747        6.4029139821747370        8.6495046947136487     
   3.8485144368430202E-002   7.1482667651393212        8.6719109084996386     
  0.12458427171709503        7.9026245800465880        9.5113858045015576     
  0.93045601665082167        8.7627798865946787        1.6492408360602492E-002
  0.84394966184889408        7.9297017361227633       0.86557980867392803     
   7.5247138951865633E-002   8.7212533725313506       0.76298692911193000     
   9.4940045704810725        8.0001826590035297        1.6034646874501921     
  0.75083211699435648        8.7264765955577346        1.5808590362496981     
  0.65488112426490130        7.9703146373644413        2.3720865446143753     
   9.4669310360680186        8.8535652744252271        2.3871429549416288     
   9.5037327512607526        7.8851932105719635        3.1769819203492426     
  0.77068090108911558        8.8616559702800668        3.1221890145911337     
  0.85741114621678860        7.8503706806064049        3.9680875192894760     
   7.1039167505894354E-002   8.6348861325191528        3.9447570334485409     
   6.9661492507083242E-002   7.9764391165512301        4.7763010550188367     
  0.86102795370269114        8.6409289364583035        4.6334256919909862     
  0.78747610690673808        8.0735045017742575        5.5420333383298015     
   9.4217574097275687        8.7512484557485966        5.6234455312412770     
   6.0462242066823185E-002   7.9481962043584371        6.3723646157479141     
  0.79021057558979069        8.7725939999570226        6.3621622902968680     
  0.89766533910772650        7.9446106490977995        7.1148989343144464     
   5.4225025165329142E-002   8.6378118284556340        7.1631831487460316     
   9.3863489775517145E-002   7.9920619885203941        7.9211630806891513     
  0.76473380271523639        8.7544255035021834        7.8901536535464727     
  0.90414808873178076        7.9575948338345199        8.7575658624850945     
   9.4929246501654596        8.6344684831722365        8.6891923359959584     
   1.6270298717355818        5.7457761523303730E-002   9.4445761987943855E-002
   2.3649347383167685       0.82338917359731001        9.5229936507796626     
   2.3099721919960627        3.1552824475345538E-003  0.87963126803123159     
   1.6044732080884492       0.80461247006098868       0.79919410273142732     
   1.5423753208994926        7.6416838776414264E-003   1.6059227142161545     
   2.4064872103440038       0.84590230071355266        1.5442912334834615     
   2.3330334547580729        9.4814274072000355        2.3856406607368692     
   1.5870959668732743       0.79612010584391724        2.3187889446224998     
   1.6138216516036101        9.5020611360613607        3.2003149307520711     
   2.3724634442111210       0.84485638862193124        3.2644734953267354     
   2.3532365579750198        4.9166169260314273E-002   3.9935761451300151     
   1.5934788299940077       0.77418747152432177        3.9794373873279301     
   1.5840098757779348        9.5035098733719572        4.7385440851472858     
   2.4248794113982450       0.78934727439296481        4.7666296357979610     
   2.3881651731841305        3.2506494627166205E-002   5.5585641316895762     
   1.5863159094521893       0.78268551617798721        5.5735997541301465     
   1.5836222406274914        9.4815833795845812        6.3864231199555590     
   2.3679640677886398       0.70584760693423432        6.3520214702869371     
   2.4529343356007063        9.4795907925672083        7.1031577653842506     
   1.5497370219216375       0.87119995611361234        7.1233822415081747     
   1.5902655862393873        5.7025816201823974E-002   7.9400560668239182     
   2.3671229333807573       0.74813645999989242        7.8399859808814272     
   2.3954554914649213        9.8866991945769159E-002   8.6879580623073753     
   1.4890293482283885       0.78082634044098664        8.8034429721695684     
   1.5310179815212519        1.6395498808204294        3.1751541497845662E-002
   2.5170388652389817        2.3550470285994405        9.4104956491065508     
   2.3717103615615667        1.6270114759733203       0.73044442440179114     
   1.6510010639732289        2.4844204776245298       0.77411423855675177     
   1.4868518110475826        1.5296879912642891        1.5496463063557557     
   2.3110378612038813        2.3422870288523132        1.5213023994908741     
   2.3337619503472125        1.5939813445782385        2.3787688439531403     
   1.6165863368602256        2.3110272471388300        2.3373168128215576     
   1.5670906523205137        1.6037245422604620        3.1545586008331163     
   2.3746647331868576        2.3764458774985129        3.2394943889526400     
   2.3757792115726173        1.5952626414582443        4.0630440151132916     
   1.5454526773507382        2.4293820982451448        4.0249803317320421     
   1.5805635959292725        1.5876114329069144        4.7855383905309807     
   2.3474089512406486        2.3534255985409400        4.7896645518647558     
   2.4704348241180036        1.5654256519148921        5.4726674186368198     
   1.6428960965092181        2.3782014494122738        5.6515857153769247     
   1.5132281173080160        1.5741491345867165        6.3197300403565899     
   2.4383093015002082        2.3353477537343759        6.3929884467810094     
   2.3818881696708858        1.5654562721897647        7.1274745443484306     
   1.6499996382708624        2.3359036779577353        7.1312024398094644     
   1.6352635470100800        1.5193468568983926        7.9301235506998857     
   2.3121492601605094        2.3477961146417399        7.9481780956884407     
   2.3423085241434416        1.5455661163277379        8.7994033136133663     
   1.5335812855263045        2.4342597349103516        8.7983449204302087     
   1.5860496029360727        3.2852058516241529        9.5115586956267517     
   2.3430602899912079        4.0458745882199052        3.9873469696275490E-002
   2.3559522743155914        3.2530005967795179       0.78252243919642894     
   1.4723888477602123        4.0380562726678280       0.79097694961406306     
   1.5812055529366082        3.2003233571720142        1.5291428587184488     
   2.3337514103230341        3.9590835951625900        1.5592699979456732     
   2.3083158122763692        3.1251208320503574        2.3614408061463048     
   1.5742306288146901        4.0811601587332387        2.4118356120892717     
   1.6040168992142871        3.2217965310306016        3.1831565374227377     
   2.4159473569845473        3.9815132763893226        3.1377525123550858     
   2.4114427292122391        3.1669399496095383        4.0541315079200073     
   1.6071376784048335        4.0015258102060161        3.9151336875374909     
   1.5043170876101284        3.0889142983515878        4.8710315237816735     
   2.3632796012954027        4.0599952369765910        4.7493824810962524     
   2.4314480058433565        3.0845802248993541        5.5722499412321405     
   1.5897383449335110        3.9643858021406566        5.4976259756646080     
   1.6432581223281044        3.1584001745590826        6.3840276230386843     
   2.3984449736698203        3.9676718667511182        6.2493507530532888     
   2.3833564378308445        3.0687992345411428        7.1228407035406738     
   1.6168304972776468        3.9588198404879815        7.1429892620353996     
   1.5924461539292234        3.2761968964439716        7.9279007304570346     
   2.4347203532178132        3.9870413289382576        7.9189467965939437     
   2.3400500488822420        3.2436444341588735        8.7013896513768767     
   1.6438916477672025        4.0592696200513352        8.7485342702713602     
   1.5586627898414738        4.8293792113855307        2.5474135226941447E-002
   2.3458681535989423        5.6321889485158874        9.2322242162972107E-002
   2.3355894623471687        4.7375914514031487       0.79820070617264982     
   1.7133328328263748        5.5337250214226472       0.87931958746647620     
   1.5812217058572602        4.7757342339064870        1.6240145015364245     
   2.3908364406595339        5.5705036345250516        1.6257633467833086     
   2.3926744064275853        4.7664510623599554        2.3243051627115441     
   1.5711766524049171        5.6295209789932050        2.3164753117909171     
   1.5608595346198351        4.8127695191153386        3.1188256470586615     
   2.3870237546865067        5.6014022844851228        3.1473057034574339     
   2.3598059072581763        4.7892097495184975        3.9680155749425476     
   1.5910151846527514        5.6128276780082604        4.0433634639782454     
   1.6267204094043204        4.8422944593394117        4.7397208502000865     
   2.3516816773724014        5.5737639828738450        4.8053213006587097     
   2.3493356616827112        4.7720761083847689        5.5127354447048402     
   1.5569126850669748        5.5130608325042720        5.5632637462069887     
   1.6067675661066534        4.6639312494163150        6.4123974839611213     
   2.3184772273237502        5.4959328035328818        6.3249966339754655     
   2.3985708716548753        4.7361692064940142        7.1536925343487594     
   1.6009356924586786        5.6105180180466379        7.1460776880622383     
   1.5555774185180560        4.7687078949450923        7.9750611618884895     
   2.3133526690075277        5.5791711745222266        8.0351227079066465     
   2.3886420184988033        4.8330777484439027        8.7428186915333281     
   1.5420915760772960        5.5456199111650131        8.7954770116111440     
   1.6186777330424862        6.3790955744917017       0.12046098385314528     
   2.4564119073930453        7.1127563701829262       0.10545183341837992     
   2.5913337669817826        6.4273867386579324       0.88950722219418576     
   1.5952131010482615        7.2434711176238418       0.83587763191338427     
   1.5503553586731469        6.4658119498933173        1.6463618781006000     
   2.3989669237860491        7.2757181707866527        1.6611645256892984     
   2.3819276886181227        6.3374788642851749        2.4128805728304568     
   1.6189430172908053        7.1869224077184723        2.3908383437344782     
   1.5913209748588402        6.3892170634789673        3.0955682276807348     
   2.4104175745990108        7.1524150485254969        3.1291087380915501     
   2.3478267837872884        6.3568609655535395        3.8590912157776551     
   1.5493020891172944        7.0991935350610262        3.8512339930763275     
   1.5322866304516065        6.3327476826371205        4.7857785465352070     
   2.3445054368565312        7.1403241248964520        4.7476640581630098     
   2.3071388830781778        6.4046419932981786        5.5288648461949448     
   1.5576341890866205        7.0605881489801243        5.5714303992319696     
   1.5606217890235734        6.3060666739780578        6.4055756259808563     
   2.4013409965395902        7.3145573318651795        6.2777880405964828     
   2.4722477508899887        6.3819196083074292        7.2144156929745549     
   1.6711513792749855        7.1171255265792155        7.0487351648618644     
   1.6220077060461564        6.4536477118774478        7.9094961974042395     
   2.4370047323067685        7.2326170340191034        7.9504013957183606     
   2.2797231557321727        6.3686070424508650        8.7716160181447904     
   1.5952409609522546        7.1385921239445445        8.8402845356656741     
   1.6250431310617530        7.9601596135982469        3.3799366709438762E-002
   2.4599267614937519        8.7868349974580937        9.5027340260688042     
   2.4037110416613623        7.9580320705562766       0.75252768668310943     
   1.5930187426287203        8.7633851837276939       0.86712404238686325     
   1.5595643930750811        7.9689483019158063        1.6012949005948469     
   2.3015125285172622        8.7155478291612738        1.6347811719522078     
   2.4451617665659202        7.9989300882490362        2.3982993154447283     
   1.5612976491822526        8.7339465263156200        2.3746990855067880     
   1.5190002719241709        8.0125638826710563        3.0644983898399674     
   2.3585761528708611        8.7737364888287086        3.1014010137671737     
   2.4732691529854205        7.9108534783258717        3.8379820557907376     
   1.6544371550363666        8.7056736606853864        3.8747478435137848     
   1.6715630687250254        7.8868337639412420        4.6903387174632307     
   2.3447013327474746        8.7321876708073471        4.6852617851538749     
   2.3906924701445469        7.9925428591368286        5.4843806376543318     
   1.6052575029682834        8.8450628190261558        5.5716403876461875     
   1.6016426929762173        8.0256593491312120        6.3177306112295923     
   2.4720282157672502        8.7091028559528070        6.3311967212176716     
   2.3573065509211251        8.0772081259202402        7.2252226660459575     
   1.5827429718038477        8.7945998241349894        7.1793423516165698     
   1.6447677101104587        8.0101360274209252        7.9441937946539909     
   2.3373064278871873        8.8569449908064577        8.0062795284331152     
   2.4493380468620911        7.9547055099268986        8.7168742934810250     
   1.5894106905181544        8.8192854725352188        8.7274544850462483     
   3.1780284857163141        8.0471587430938921E-002   6.6423809802678155E-003
   4.0107288405013621       0.78752480638471190        9.5099132684323102     
   3.9670728937948048        9.5183928220011964       0.71643738787882838     
   3.1951869920182161       0.75412400156398796       0.79384205196357149     
   3.0893377775513180        9.5216537171098246        1.6163056168843883     
   4.0211577701771901       0.80487649771291425        1.6245184903739986     
   3.9913324443498452        6.1320817646208489E-002   2.3254685392277277     
   3.1467442064980626       0.82240015645548115        2.4290316487138934     
   3.1824203512502924        9.5052274936478085        3.2407434059890985     
   3.9633120475141226       0.75013412043227568        3.1771048081188984     
   4.1144230232717049        9.5075954180141125        3.9311590176339188     
   3.2053523078822903       0.85207644540342431        3.9519435969761947     
   3.2132009169357887        9.5057526604290423        4.7286401906990321     
   4.0541605913439591       0.74266298394340868        4.7118043488907908     
   3.9241477092689139        9.5070321179277055        5.4712755187682447     
   3.1608587344151999       0.73539192859613545        5.4893473631036436     
   3.1893689608080091        6.3307004988579704E-002   6.3039150790776963     
   3.9217798295234059       0.78561588495743351        6.2605041890645161     
   3.8499848580701790        9.4667680544601858        7.0590106740366902     
   3.2210079364996633       0.78907332878367031        7.2054297916166403     
   3.1813848359116039        4.4886734354078174E-002   7.8724302873533061     
   3.9959008135382388       0.76749370806481021        8.0380208256753267     
   4.0879239602116586        5.5429960478520314E-002   8.7415958601497419     
   3.1819455899440396       0.77094699643117537        8.7299430266526983     
   3.1949541553918408        1.4840674107717760        1.3185542128175401E-002
   3.8265550439050942        2.3643368107618854        9.4659594359477079     
   3.9450177371842994        1.5793179933034791       0.77121122154573829     
   3.0885223922491112        2.4487459204052571       0.74177498208240844     
   3.1971418687468014        1.5950927081590274        1.5740235887435652     
   3.9045799190480062        2.3741949547508612        1.5333008002234156     
   3.9852252724188624        1.5970759058677169        2.3711342728280407     
   3.2652843024009846        2.3175873343250455        2.3601983491273950     
   3.2518007965434421        1.5937032198829901        3.2281607934474148     
   3.9968348211656881        2.3240784952840712        3.2028368467914032     
   3.9949397282340016        1.5749261468318612        3.9694153131074033     
   3.2220109077235488        2.2969550308302700        3.9643457054181939     
   3.2573082690705868        1.5467070466765447        4.7173291034339089     
   3.9964671666365117        2.3071809712857472        4.7614494426517755     
   4.0167982736637091        1.5141535600874811        5.5057574561240523     
   3.2122462609985067        2.2732376862751811        5.5144220377809843     
   3.1739382635572730        1.4839230805311217        6.3688760375980298     
   3.9326192403582656        2.2815148172267037        6.3469400327112986     
   4.0444404172039610        1.5890856238210826        7.2081899499170161     
   3.1482869935082158        2.3003741348104159        7.1725624145368485     
   3.1662062121332291        1.5949758255188460        7.9933989372391530     
   3.9828600084298480        2.3641656009165204        7.8777972569208670     
   4.0400776255745541        1.5502071234240118        8.7366108451608788     
   3.1722740286181002        2.4052499120326800        8.6784195351945179     
   3.2296134819943672        3.2263775851963032        9.5090768324103969     
   4.0564958929093811        3.9061113183746250        9.3096172001920863     
   3.9451312901451803        3.2232290738057414       0.69134462697756360     
   3.2690089306172876        4.0108510905463444       0.71255702871464710     
   3.1131886282525882        3.1898271653481105        1.5749085031174725     
   3.9605065618761408        3.9805593484284971        1.5651462809734578     
   3.8971518180404074        3.2128795378708963        2.3070226826638236     
   3.1298007367826979        3.9017479109536430        2.3903248437241595     
   3.2045093156757818        3.2150071505009343        3.1938147237403891     
   3.9068518916241759        4.0814594296584952        3.1358392428566613     
   3.9502359297662641        3.2568530625421763        4.0036191468081901     
   3.1674577693869055        4.0310003847435016        4.0350134667540836     
   3.1859800051079903        3.0838741167514589        4.7908965844712190     
   3.9457261319764929        3.9817627401801823        4.6916146945126904     
   4.0039782598039126        3.1242631195988642        5.4445797811668264     
   3.1613795145127308        4.0000244068264950        5.3921065966901986     
   3.2213594276777466        3.1052737188421791        6.2929615648877242     
   3.9445805631498567        3.9159409608615974        6.3101172378195596     
   3.9595535260361872        3.1009379222223212        7.1049259703481207     
   3.1160721862354297        3.9687246660625317        7.0961033824767927     
   3.1500717810436849        3.2148844644347654        7.8997127987089302     
   3.9174331839180088        3.9290448695462210        7.9441709449185405     
   3.9805834193945686        3.1572097205960947        8.6264139668465347     
   3.1395031437641392        4.0421760591283595        8.7758463725589184     
   3.1271332607220277        4.7989834774921931        9.4797053235613014     
   3.9408835578164791        5.5576797016578867        9.4731700980377944     
   4.0439512064316361        4.8446854436601612       0.76683226112610370     
   3.1938056361146097        5.4395253689461986       0.81509361855043916     
   3.1223729669264437        4.7121496438300570        1.6146315909534419     
   3.9791112832359898        5.5352555472742440        1.6169941459231447     
   3.9202928365868397        4.7839936958196674        2.4056655103183835     
   3.2235098134233859        5.5325671569649257        2.4109449251944639     
   3.1052989180828994        4.8254616430077961        3.2141491534211442     
   4.0519596576279389        5.5690087068938698        3.1965462471247430     
   3.9500324813122112        4.8396569896028581        3.9639744680373048     
   3.2058693620103988        5.6536531883725916        4.0302042239495028     
   3.1876891923928463        4.8178669805291809        4.6883627948262188     
   3.9659443790788114        5.5935812710098132        4.8084099869954384     
   3.9531474708543191        4.7517066885369728        5.5216728214124755     
   3.1139662476748660        5.5350020930342652        5.5990405245871120     
   3.1569326619313447        4.7174579089840893        6.3571766959411864     
   3.8629516517228955        5.6682820379145689        6.2580816153272218     
   3.9733279823978824        4.6665530500008074        7.1680451056228955     
   3.2181659268034624        5.4522094611890681        7.2262429858132498     
   3.1503121301235590        4.7725779725069648        8.0346120828583540     
   3.9510862947439258        5.5366959366247448        8.0396993199417182     
   4.0179702739684542        4.8921119757892599        8.7466167019115879     
   3.1413526942799863        5.6172736117097317        8.7340520163429645     
   3.1096440338855049        6.3273525465917437        9.4851003103350671     
   4.0410986542364400        7.0742355725150681        1.9046407867783988E-002
   3.8750677973320893        6.2837363578126544       0.83391123393849886     
   3.2355808789701150        7.1946712754672761       0.86064793492625946     
   3.2416768556354052        6.2880704571720214        1.6880921442856425     
   3.9835204401005639        7.0951563463852727        1.5840991866640841     
   4.0499382273814817        6.4281192407316601        2.4018349438421795     
   3.2229192468319647        7.2212915257471479        2.3966075565050442     
   3.1897486553035774        6.4329872680845739        3.0717672853572497     
   3.9808163476359208        7.1273416932774944        3.0615937776746254     
   4.0281118652672605        6.4086658267022569        3.9697739159733962     
   3.1648616417674660        7.0818489114300807        3.9700962374913331     
   3.1445108911014614        6.3781406251981858        4.8259348465945893     
   4.0021498932821071        7.1586518479446735        4.7031925564801638     
   3.9613220672233189        6.3541199151493561        5.5096292387150534     
   3.1210684510525817        7.0867801949525457        5.5737418986300549     
   3.0990817277318556        6.4242248602797813        6.4129781548985312     
   4.0111104393051846        7.1501220902762839        6.3593989375501474     
   3.8192279235696547        6.3314489053350229        7.2043993459457871     
   3.1565366119479052        7.2800947229697863        7.1152596146430840     
   3.1912101959949069        6.3025433410940384        7.9677086978424105     
   3.8017199707565652        7.2698487966658076        8.0008998584575597     
   4.0201548764797241        6.3233170948041240        8.7567813672551686     
   3.1056520342234153        7.1248311303342762        8.7997334663267583     
   3.2289007797565250        7.9305959057160322        1.2620386152048000E-002
   3.9980763743315899        8.7743004631746793        4.2509854050814026E-002
   4.0034215396539334        7.9540717052276317       0.80365982751230647     
   3.1176188992968652        8.8126921476998650       0.76522584833268692     
   3.1921435943713634        8.0547054755672907        1.6024186490633425     
   4.0225998056323373        8.7379252264830392        1.4963666188217177     
   4.0583610207902918        7.9860391256911436        2.2842389407743040     
   3.1746294881811958        8.7628167858954313        2.4111461423654057     
   3.3271163497701535        7.9557287107082741        3.1057041993798724     
   4.0569610586746441        8.6926328877424552        3.1823707361121616     
   4.0079614873029827        7.8983798524664008        3.9024911747723499     
   3.2082637428801228        8.8007125517837430        3.9711175644022094     
   3.2075387254262053        7.8738504380265724        4.6832855415989991     
   4.0301002965684694        8.7319966053352402        4.6496086508186920     
   4.0900701679636384        7.9329361556168649        5.5020088440077490     
   3.2091708262111278        8.7052691551597405        5.4914658381772430     
   3.2824357746338326        7.9616330242708262        6.2214247679612322     
   3.9825711947280031        8.7658899395415499        6.3363741471995354     
   3.9451875229914659        8.0340025075096761        7.1488852860822281     
   3.1630481551734997        8.7289158931838013        7.1464622382086231     
   3.1634966936393871        8.0774292473284799        7.9562898397669066     
   3.9672637017055976        8.8421069618330019        7.9038603655162047     
   3.9718424479948724        8.0828083690401495        8.6698959207082993     
   3.2414022391625186        8.8752095451801623        8.7209465943979225     
   4.9122008760928484        9.4696074362199383        6.2908127052991439E-002
   5.5656724085040885       0.81698971668335285        7.9586224729545546E-002
   5.6882778718624980        9.5039060587859261       0.93059120488698088     
   4.7676033193083400       0.84841080254016288       0.75513802595776303     
   4.8228072797929915        5.9076510983605821E-002   1.5046487796086796     
   5.5679152676633432       0.82014650605687123        1.7127106684404638     
   5.6126458078465626        6.0249757414420173E-003   2.3973166994655237     
   4.8045237467698838       0.83635226115334382        2.4201257849922988     
   4.7374720201368223        5.5190181060350589E-003   3.1415391863181221     
   5.6290458521233662       0.77052819827609764        3.1774629975387660     
   5.6340550883848524        6.9375050958509585E-002   3.9927986063748935     
   4.7503874317152812       0.74516109402093222        3.9557962635621791     
   4.7985455165712265        9.4283929471890371        4.7360023271041856     
   5.5332117842370305       0.79252057599311942        4.7222091416281327     
   5.6003680447205264        9.4976013614972867        5.4912895731450950     
   4.8185160501894959       0.74762592787343274        5.5337625799174219     
   4.6669574967530432        5.0602948147133217E-002   6.2344984703887869     
   5.5350940385501231       0.73369735871641206        6.2860732327215949     
   5.5337875634653626        3.3207351096295440E-002   7.1075329412240595     
   4.6976788061425188       0.65730574198940861        7.1388984075207071     
   4.8032376390086364        9.4888936089315212        7.9088971069070499     
   5.4751753784463952       0.87314699727876444        7.8867928333858295     
   5.5497035519542823        3.8118379125400018E-002   8.6859198673044382     
   4.8059972510405551       0.82057158125867702        8.7189940467498754     
   4.7565294184923559        1.6462020942520652        8.5930080778836737E-002
   5.6017433726572730        2.4065704894940141        1.2485421560360709E-002
   5.5831925275038143        1.5487718772159300       0.79027082763299117     
   4.6777039049805227        2.4721100452645532       0.74966772369373258     
   4.6738760297913000        1.6633056583585908        1.4217732170971975     
   5.4375415362598050        2.3190608195648013        1.4270456950794073     
   5.4335667995859342        1.7012402332091225        2.3796805936186387     
   4.6609957110021121        2.4324476849040240        2.3643217828936041     
   4.7933444659359283        1.5496752156476956        3.1955400684243447     
   5.5718192164253253        2.3524405495738079        3.1842304711881466     
   5.5796165745076589        1.5447400556279476        4.0054224281482451     
   4.7174162084280615        2.4471848027964982        3.9838303555162393     
   4.7527739327227190        1.4993721005285208        4.7747828247482218     
   5.5722658535353959        2.2932555067461853        4.7647019816608589     
   5.5510947877886228        1.5731073155623740        5.5168974626511460     
   4.7598751324237876        2.3524774667345558        5.4894139164841125     
   4.8243337603511183        1.5884049479833779        6.3475353817068907     
   5.6404108723448525        2.3021559101570239        6.2822629211551559     
   5.5057291516618250        1.5907343173267419        7.0224308176005259     
   4.7248785859566196        2.3743710487307057        7.0460273440789933     
   4.8157472418837415        1.7205088743243118        7.9009684097978754     
   5.5501389197338771        2.4186205733668320        7.9817615140260596     
   5.5526864963521092        1.5726271981413682        8.8288913548622805     
   4.6839899404785230        2.3745715005346417        8.8055777622859477     
   4.7809702831458489        3.2515074671335600        1.0835777401807410E-002
   5.5419821891570447        3.9569123089375915        9.4754100806801578     
   5.5393533253895848        3.2356346570373082       0.84165710508417146     
   4.7351034123874953        4.0413267558411459       0.77971711816144240     
   4.6022623714507862        3.1833488025309893        1.6036919566927252     
   5.5342279195002586        3.9578893587389374        1.6686795456199151     
   5.4585302736858026        3.0966229556449907        2.2536044380332858     
   4.6313866740078460        3.9055346410647735        2.3942209043770792     
   4.6261162443998662        3.1653686233631553        3.1316946848633807     
   5.5127627941242485        3.8976205948328162        3.0119376265854583     
   5.5551319302022186        3.2768686012173474        4.0027590333314702     
   4.7174192068944460        4.0364065275542460        3.9783083198735456     
   4.8092005302923377        3.2300902345569296        4.7357364956407224     
   5.5440752762140617        4.0549976371124510        4.8044610124523102     
   5.5575873964757125        3.2771900330142958        5.6120575933387364     
   4.6671683134650115        3.9561078157939313        5.5229747634448181     
   4.7413644516086304        3.0788480871938599        6.2768675290482374     
   5.4697015146419075        3.9826061412193861        6.3393314849821190     
   5.5482073256901572        3.0572557780455210        7.0850909515313880     
   4.7653216455280747        3.8294147096901527        7.1229154818028659     
   4.7988695546129492        3.0833859908832895        7.9047682883391532     
   5.6019641301501535        3.9008649737063159        7.8898723687285583     
   5.5138763214064106        3.1788427266032913        8.7706982959432587     
   4.8408407294041513        3.9508724910408493        8.6939422277081313     
   4.8230332566153997        4.7263064702354862        9.4305206017923986     
   5.6545948358053684        5.4694983353139257        9.5179651328083406     
   5.4552933689896772        4.7343780081789486       0.83677575013331706     
   4.8258122602349740        5.5469705555089126       0.78273860260126704     
   4.7501347306358142        4.7496936148000177        1.6723542401765550     
   5.5791048441848661        5.4837377685711628        1.5925494968585492     
   5.5207191997043612        4.7090133570699830        2.3453374042721418     
   4.7557791224274091        5.6050964758366746        2.3762153044127721     
   4.7819926945037166        4.7662892889079727        3.1270008625243895     
   5.5390909372147119        5.5762493403138551        3.1789601188512013     
   5.5490052323356318        4.7853299896759793        4.0055513109561049     
   4.7622388590983409        5.5857056386238613        4.0414045398251099     
   4.7387086484677381        4.8050650692714409        4.8221004159857150     
   5.5622604240415257        5.5665160451707116        4.7925339232792101     
   5.6154996680760227        4.7812075040521895        5.5373553865249656     
   4.7399209465964285        5.5909093452247864        5.7099663196550727     
   4.8251500069622706        4.7218970611020215        6.4045094023700164     
   5.6269339612868556        5.5123080515688185        6.3720593866182442     
   5.5387390528786371        4.7693955498853233        7.1930286644179446     
   4.5625951222033283        5.5684620734146772        7.0748009058981864     
   4.7616316867811719        4.6441520127979139        7.9507397069719445     
   5.4741914242218295        5.5869891188507657        7.9161904087595607     
   5.6126868674113037        4.7254299036124445        8.6697565412443556     
   4.9446681624578597        5.5561635124886219        8.7119718251159757     
   4.8110836434460476        6.2199204296970487        9.5225134149518134     
   5.5400145061874628        7.1364456917301045        9.4321857286431552     
   5.5414099835641339        6.4613373156144611       0.81539729030945474     
   4.7634836520538206        7.2705056623170510       0.82126237572170135     
   4.7462572688014157        6.4166235562159883        1.5995104722101317     
   5.7200467963508670        7.1453517724383886        1.6621950241586496     
   5.5620922204755994        6.3865652147475371        2.4161449371974708     
   4.8374735588329454        7.1480263264921700        2.4476390009877731     
   4.7733764507780130        6.3694749031829287        3.2167562420863787     
   5.5934151684232347        7.1370314437508320        3.1876652432464740     
   5.5225627984174013        6.3540282695785457        3.9504665566804018     
   4.8608144751865412        7.1154608322602844        3.8802614097800432     
   4.7406344960521345        6.3277635213171228        4.7553960220407925     
   5.5282576145594700        7.1183336265666846        4.6906050524510405     
   5.4753579202903842        6.3082899430363613        5.5478735171489193     
   4.8161912473870903        7.1445291883512079        5.5289502249437481     
   4.7229875686904572        6.4250913465715946        6.4165132856363538     
   5.5290071327278136        7.1777169738123119        6.3646206469582447     
   5.5254735391326237        6.3633023473052761        7.0751111047377728     
   4.7573752752641774        7.2124775269253449        7.2399371076809818     
   4.7545776210879707        6.3400373555667606        7.9185039224052494     
   5.6757513330914513        7.0922632530253926        7.8967028028870132     
   5.6261221125946150        6.4268565329615566        8.6794947441680090     
   4.7904615634626815        7.1475806421798262        8.6173615868812039     
   4.6678471779805903        7.9228577797201520        9.5163365323682712     
   5.6201388572145810        8.7532040627674856        8.5219468569730020E-002
   5.7237865310527116        7.8839215853171263       0.74438532156474324     
   4.9174931329834637        8.7041431630100021       0.87149523531716278     
   4.9263585826504839        7.8912786798207488        1.6333395154925687     
   5.6175620725465292        8.7136072079334639        1.6240409246436229     
   5.7086286544659171        7.8707127470061939        2.4263554385886921     
   4.7898013570493490        8.8225316047792894        2.2452254895604606     
   4.8006847810230076        7.9771110781242536        3.0357956250570850     
   5.5929706110810375        8.6899903746108436        3.0821889504755116     
   5.6011409236046328        7.9955438753063444        3.9156350059756519     
   4.8175695425471208        8.7212205987943285        3.9835793286744106     
   4.7988926040742825        7.9451978962967509        4.7139672313460945     
   5.6161343913265771        8.7186054604343219        4.7486757643339832     
   5.5318163839018277        7.8754997588209337        5.5224177584702252     
   4.8115085215505413        8.7520412479243355        5.5585096858452570     
   4.7427459987096192        7.9607723856836685        6.3466170327624418     
   5.5534056572791766        8.6556093699307706        6.3447820672575315     
   5.6295522116750503        8.0148831810845600        7.1492089896893729     
   4.7551153286446768        8.8578238172023749        7.0196234590393463     
   4.7968034910947255        8.0723988077979651        7.8917664251769315     
   5.5642256345014633        8.7506631903337695        7.9115961777720489     
   5.6002651345646122        7.8710514053814054        8.7246856519088283     
   4.8602933268105817        8.7656980035146042        8.7883438105915506     
   6.3436765485120654        5.0641463087601084E-002   5.0897264610268292E-002
   7.1066563000063505       0.80556993414892042        9.4955643892108679     
   7.1175338443599205        9.4624199125625896       0.81189581394001087     
   6.3479923519267043       0.78634621540627925       0.86103443982096195     
   6.4543121155115166        9.5029102899449747        1.6629612111520691     
   7.1237664209036895       0.87734642410297270        1.6701825443966114     
   7.2261974728555725        9.4661708888447684        2.3902946679744974     
   6.3951205358470631       0.72550781918822926        2.4432412655088149     
   6.3916295207173235        7.3097208255673641E-003   3.2241619964322852     
   7.1349765831842298       0.79916899795358165        3.2085924324307302     
   7.1727978173820794        1.4000164758239590E-002   3.9958112410311286     
   6.4625841711086753       0.71436927901096536        3.9771952554023753     
   6.3946337770117427        9.4930699453006575        4.8280631348420240     
   7.2317853425130716       0.77405730274061757        4.8106573226247171     
   7.1153237687474880        9.5033606603624303        5.5819418132720351     
   6.3239810726543126       0.71961359187003626        5.4927409420058817     
   6.3368364567338800        9.5072141086186477        6.2826634851784355     
   7.1112725672619890       0.79246173156967237        6.3658968726659344     
   7.1526539803750397        9.5089500672209457        7.1514809333373925     
   6.2844038770888444       0.82877759609450496        7.1334661530760020     
   6.2975435328300096        1.8136253092476556E-002   7.9152680955390879     
   7.1357995279022983       0.73053712286868855        7.8441039920455990     
   7.0601318889126761        7.7147235219239829E-002   8.6263534811657507     
   6.3702181383431222       0.81165583434405186        8.7212604084583916     
   6.3878065905901531        1.5970510339491881        9.4598103510595433     
   7.0673837019362828        2.3374594932178585        9.7535789938057088E-002
   7.0806848207942554        1.5143988466695648       0.80650248991227724     
   6.2537662228827990        2.3351833350995057       0.73761690993229612     
   6.2300337957200993        1.5284643233654367        1.7070481929039785     
   7.0159127695164321        2.2389290100937518        1.5140823287794307     
   7.0758929269080992        1.5290496317240381        2.4443853548799228     
   6.3319993118782651        2.3279946867589230        2.3537654879607017     
   6.3783524196863253        1.4946468008190972        3.2140202055710705     
   7.1186952233174177        2.4027636873764471        3.1120853105549271     
   7.1485473710423966        1.5176663156828694        4.0223858069241256     
   6.2911620372182986        2.3276645247194607        3.9756499739289071     
   6.3288810423773505        1.4633010986518944        4.8021712745858505     
   7.1840102593308677        2.4363020746087702        4.6753649626682376     
   7.1590490233352106        1.4606057252111666        5.5845317969003254     
   6.4853844402894918        2.2452728882551067        5.4738648938199717     
   6.3702066663546111        1.5373708989660586        6.3158268601379968     
   7.1415286616469444        2.3484769445748452        6.3987082737167693     
   7.1566559051110836        1.5421903899637988        7.1695596595205631     
   6.3416613698367694        2.3138928991853107        7.1089547059788822     
   6.2761554130145578        1.6284538095442911        7.9331725827739978     
   7.1161678812333999        2.3828371816981946        7.9161353011088256     
   7.1261614489317635        1.5204070656040205        8.6647458110317750     
   6.3408130762819672        2.4840224692537429        8.7955973273643213     
   6.3440973602809958        3.2746433203828125        3.8259587567052417E-002
   7.1488968167804829        3.9454834634821920        3.4413767557461242E-002
   7.1654512667294652        3.1622947579057494       0.81693167485666462     
   6.3363903417981993        3.9855518020957459       0.79794374415798308     
   6.2777442556361693        3.1402778444914881        1.6361771456680492     
   7.1223171804450001        4.0074043121630609        1.5895444628868245     
   7.0756816814090060        3.1295609803146855        2.3814383516857496     
   6.3610604770465580        3.8659322797280864        2.3541161929564605     
   6.3439152171275959        3.1244543270115779        3.1685639733861128     
   7.1243365495051272        3.9908204625514405        3.1369706716987937     
   7.1306557428013226        3.2197908413564669        3.8697631242687054     
   6.3622941385161278        3.8511314026404144        3.9281151793517477     
   6.3677107918174789        3.1327895448331513        4.7311747217042504     
   7.1387114130866527        3.9736898914470387        4.6347787225703074     
   7.1196123410620089        3.1332363753677979        5.5593607043350692     
   6.2976411712358740        3.9226790986086759        5.5438514389523448     
   6.3544896614599180        3.1615439080210725        6.3060493739114456     
   7.1058385928404713        3.8951582099858677        6.2684132866590794     
   7.0941831709206680        3.0920571764023976        7.0765858739686829     
   6.3164806379103915        4.0385445250485477        7.0713811957038573     
   6.3018511882026775        3.1448556584914233        7.8229840993346427     
   7.0408913790562586        3.9115216904306411        7.8230373466867178     
   7.1175947124501544        3.1160212253074997        8.7164423871112326     
   6.3552184794295234        3.8644355627533713        8.6828922953362113     
   6.3114569699469847        4.6762928282123992        3.8696041757334411E-002
   7.1354792149524675        5.5619540172312982        9.4805805912964143     
   7.2192214098480880        4.7650469278184957       0.76958170577671026     
   6.2739856913243823        5.5081239543359279       0.76158886833083117     
   6.3083890322785674        4.7004949607732440        1.6426640197888196     
   7.1587308647716359        5.5539656320990227        1.5614816924272132     
   6.9817814541732384        4.7586996235798171        2.4175370561490195     
   6.2640494666707962        5.5688805411429714        2.4912957236699285     
   6.2772103137057691        4.6860185669730683        3.2496039834871566     
   7.1130072388921670        5.5362812613577024        3.2964227088226781     
   7.1944241786724739        4.8232455896375948        4.0122343886928622     
   6.3537675279182597        5.4939353869889649        4.0383311586677086     
   6.4106095353796508        4.7064623426291874        4.8263965344323490     
   7.0848840790098757        5.5443714672196771        4.7542300314215673     
   7.2020937486874725        4.7721946440274063        5.6004920886779459     
   6.3144772223732302        5.5134007715625710        5.5346380822118872     
   6.3082968185474142        4.7241328808743219        6.3157540251114810     
   7.0549844123702261        5.5957754333133867        6.2940274313104787     
   7.1716220508321031        4.7332133504221670        7.1215574987456369     
   6.3485982667486498        5.4160132878889415        7.1447864880329934     
   6.3361642664305764        4.7309307690696425        7.9295825906858584     
   7.1135558468167446        5.5316872178622569        7.9488213236259861     
   7.0703966692606288        4.6866354645337029        8.6371673430503328     
   6.2802555045459503        5.5501320856072205        8.7548999844172819     
   6.3831394976762317        6.4277239369075785        9.4541438985592094     
   7.1898213139994445        7.1803980704725063        9.3934632831964198     
   7.1130283593292365        6.3758068382365032       0.74840344954445526     
   6.4617440387218661        7.1306199053709873       0.72281306571946380     
   6.3798065551186252        6.2496276022390704        1.5730814999663261     
   7.0792181929871356        7.1013733049844721        1.5642195273227355     
   7.1693530373058749        6.4137551297172406        2.4964630211943426     
   6.4655576264278896        7.1860742608347694        2.4322596962516987     
   6.3272369208840118        6.3561790332165584        3.2078633600582371     
   7.1691739670580672        7.1512646454105697        3.2781171089334338     
   6.9889071255302948        6.3736578119709009        3.9755188653948705     
   6.3259720930380690        7.0998306009653271        3.9446791459733253     
   6.2457911756105702        6.3316560844363234        4.7784607656627553     
   7.1154835449211173        7.0477602598144697        4.7262627587049906     
   7.0865907394335359        6.3329624127663209        5.5049918650689973     
   6.3169095202933665        7.1503596993838698        5.5868273014966281     
   6.3145235908782587        6.3523179522737703        6.3368656775038312     
   7.1389934041954293        7.0936707223523587        6.3924394691692878     
   7.0502167257447086        6.2339442124366737        7.1095834088925685     
   6.3799762559900888        7.1380526638556940        7.1253137966943880     
   6.4339629285691098        6.3449327438154821        7.8998606389431343     
   7.1957452500353263        7.1243572259998054        7.9304311915191006     
   7.1640232250156171        6.3081318916056306        8.7496342004796901     
   6.4485772182458980        7.0695792800542412        8.6269323670130209     
   6.3940448888307824        7.8408175999869654        9.4787067019772735     
   7.0159235129693807        8.7416981595213219        9.5123549062923978     
   7.1506130033008493        7.8482692237848450       0.77102108713677475     
   6.3490560413272172        8.7003140970012716       0.84877266297196841     
   6.3856553134685043        7.9647694364553567        1.5856078664088373     
   7.1795790119364282        8.7694091163291912        1.5507343797047259     
   7.1987283664350761        7.9439559441979100        2.2667659185126019     
   6.4531157924063631        8.7855611904066659        2.4215570219262577     
   6.4185400324194823        7.9898262834144038        3.1535617669931413     
   7.1599765720315292        8.7101574340065611        3.1435818852090205     
   7.1658234478545921        7.9690523122989561        3.9648918591697626     
   6.4351525694648730        8.6930945613348971        3.9025801963872437     
   6.3157104488480842        7.8626714639478230        4.7191974221611108     
   7.1609911603367653        8.6592493743859134        4.7454443210724602     
   7.2091137910979333        7.9912271066824223        5.5415075221914813     
   6.3595136879162446        8.6189684586332262        5.5719992983664675     
   6.3961065246355684        7.9073534700492925        6.3548877524747933     
   7.2270322677648569        8.7451294535394144        6.3592353394327281     
   7.1335108258259901        7.8875184398925482        7.2121044656004143     
   6.3631318998605844        8.7369761643075652        7.1091916081512965     
   6.3736737548860587        7.8639792175118561        7.9043195844545879     
   7.2132522667003709        8.6483822556273484        7.8600869001354008     
   7.1731934444533891        7.9396461254740620        8.7306893740383611     
   6.3160703688212703        8.6632265928865149        8.6960585407785551     
   7.8468811724605105        9.5010230657643895        6.1714543182656401E-002
   8.6513824669696984       0.76142807809668778        9.5012211556763724     
   8.7159161486819539        9.4704527268361982       0.68577400631032082     
   7.8295412484888800       0.74265894006030297       0.73037636095480918     
   7.9721451379553008        9.4987764261695560        1.4771233678084230     
   8.6983950086928452       0.75280039502171092        1.5856643278693823     
   8.6743576069471953        3.9559687793738779E-002   2.5177335998167432     
   7.9168527108378228       0.79128008692465190        2.4926838018977384     
   7.9315344464471700        2.8518594614981525E-002   3.2517803954820041     
   8.7057829070977792       0.87910310282074011        3.2940911002840378     
   8.7820305462311072        9.5234256108974176        3.9464113424315124     
   7.9834661776713665       0.69136943239638804        4.0331179752927060     
   7.9644185470584361        9.4983793756500798        4.8182549157360084     
   8.8376661071292411       0.69080380499587568        4.8316612339795366     
   8.7016267074431557        3.6196266424428351E-002   5.7236944210956082     
   7.9538282068841379       0.74501463481768015        5.6364013940162883     
   7.9993962959084142        9.3435460160039572        6.4585398332345214     
   8.7045218668008300       0.78369171420063466        6.4025702921517009     
   8.8252560825660957        9.4226495216007411        7.1732770715429952     
   7.9912808922535445       0.77112482016665107        7.1768237298206525     
   8.0146657964376722        9.5030173360783579        7.8617992260038445     
   8.7848857542287035       0.86596721297982027        7.9314015728854397     
   8.8177675891658485        3.1490742950105975E-002   8.6898635951444874     
   7.9699652390376077       0.65351959286632910        8.6681416527373969     
   7.8408855964388451        1.5753337575734703        9.3986986857249590     
   8.6312072175525039        2.3773825174195822        7.3919387589645100E-002
   8.6092719931808350        1.4863698225297368       0.76013786659973148     
   7.8189908693886636        2.3149836006345752       0.86066998519802373     
   7.9089218190274542        1.4780491867928176        1.6533815006528068     
   8.6085169257676615        2.3866633917798432        1.6229403161162101     
   8.7900986143238953        1.5697589166556494        2.3606577427693214     
   7.8525568723731674        2.2565997390495474        2.3891221975919033     
   7.8953189029699757        1.5579836667052278        3.2896906278314773     
   8.7457696526868620        2.3495270997366733        3.2030372418670474     
   8.7572653975738017        1.4975574575469313        4.1039483763015152     
   8.0161452130116491        2.3753216971083222        3.9485628648683262     
   8.0025030393990981        1.4330919193204084        4.8357192861091169     
   8.7517326112057319        2.3661137511796921        4.7642932014956783     
   8.7122428069585993        1.5290439861003136        5.6744901925996203     
   7.9565401469726700        2.3679791213960542        5.4997657257110619     
   7.8493993674493288        1.5067166289544760        6.3604151637251913     
   8.7672284477701226        2.5223689913127276        6.3858107960360480     
   8.6785371078407962        1.5985961097918457        7.1359237745444251     
   7.8028879262810884        2.3517188628864183        7.1206851611963771     
   7.8902562840994399        1.5257828888777638        7.9736463879294774     
   8.5750442665782405        2.2990144098871181        8.0229529333547056     
   8.6593237026018315        1.5206127855456175        8.7583487538829896     
   7.8558216461323171        2.4692610845786596        8.7749657921766282     
   7.8831188344824117        3.2197305495190860        2.6959972310332623E-002
   8.7186796225417940        4.0441507055964498       0.17475231095235144     
   8.6824420395281710        3.2004121479550731       0.90738258719169251     
   7.9408779794389801        3.9488795195905522       0.92353657920014487     
   7.9020950069192928        3.0703411824115259        1.6058347497469041     
   8.7232342793847408        3.9643228816330951        1.6858750397664124     
   8.7128897382058810        3.1810161753809885        2.4293939851009752     
   7.9116180017122737        3.9388814147267692        2.3695646557341559     
   7.9104787917503421        3.0928565693378971        3.0791727210580255     
   8.8678866031507599        3.9846494514384672        3.0778782817255599     
   8.7867869154942060        3.2008926216306959        3.9532392868787194     
   8.0170456146252391        3.9493259245534142        3.7228432242490759     
   7.8906633660080603        3.2815322304160195        4.6974676216455409     
   8.8171628160448705        4.0344593554619124        4.7199442205273332     
   8.8133667182359083        3.2044114357395315        5.5212843399873552     
   7.9609788851523682        3.9503302916775236        5.5023683324511428     
   7.9883690684406297        3.1643019126261205        6.3279061024557919     
   8.7928973015849454        3.9246231492213624        6.3195295688415056     
   8.6545741173143433        3.1268335840363286        7.3046853744719558     
   7.9255223132503350        3.9438949780983084        7.1418592952429742     
   7.7743685139798897        3.1243666032791917        7.8826789065206277     
   8.6163315695059008        3.9443729191506036        8.0413279719354360     
   8.7018974863655316        3.1190456195608780        8.6345475437047625     
   7.8105300793750230        3.8742362279319149        8.6646716819826395     
   7.8773316566132339        4.6987223051633364        9.4054089235680181     
   8.7185443604437083        5.5940094509534113       0.12356015112573386     
   8.7352749845945379        4.7509945798814464       0.96283567377119561     
   7.9428849547435245        5.5884367271961457       0.84496544882327740     
   7.9139968141711812        4.8141649902906298        1.6905586189583590     
   8.8149120808427011        5.6168454919146011        1.6483838337974541     
   8.7211476780505777        4.7845452804270723        2.4104293079114525     
   7.7780933132787480        5.5236898865775483        2.4327287720457282     
   7.9611080710694297        4.8378725604313964        3.1965563443086000     
   8.6794584546557250        5.6120076522000542        3.1159556681669498     
   8.7028677642206222        4.7170667117968259        3.8984111197268181     
   7.9326293533516896        5.5869566078697570        3.9629972239886291     
   7.9560852262666453        4.7135076811364032        4.7808049539056823     
   8.7445054752406950        5.5199012112125088        4.7156610618774160     
   8.7108801286450390        4.7352441297219023        5.4495900111634521     
   7.9529215354792049        5.5662115324157568        5.5736765046174259     
   7.9266821099905256        4.7034293441560173        6.2982339725786467     
   8.7642180730671324        5.5124396371729203        6.2850672298128245     
   8.6756012884040423        4.7640884410819577        7.2161749879033446     
   7.9418892963872372        5.5142675759593134        7.0970966481919380     
   7.8757860714859200        4.7378846025969583        7.9909865270402065     
   8.6715174251994203        5.5386396098914847        7.9305843370493765     
   8.7647680640235173        4.6921472229144250        8.7191707642257494     
   7.9659825568799008        5.4865404798204995        8.7278273879723862     
   7.9422313889027079        6.3445164428176248        9.5204478904751326     
   8.8002842702676141        7.1931750511487671        9.5113387460595504     
   8.6740833987189596        6.3923956999720728       0.87076411410771215     
   7.9795120008139069        7.2074958577721455       0.76536217674976736     
   7.9047567532816627        6.4148397781330875        1.5732733194234279     
   8.7384406070155496        7.2226486672479346        1.6603751819447814     
   8.6716290004854830        6.3200956803602342        2.3545259501330378     
   7.8846732158398041        7.1614817756762763        2.3747316839473966     
   7.9490247135472192        6.3740653825606541        3.3427490616639717     
   8.6647722148772655        7.2071294987306187        3.1221394711078712     
   8.7887337850294696        6.4698312436002299        4.0484199618898007     
   7.9902334225135982        7.2296607162142905        4.0599633343055750     
   7.9184561286088844        6.3488074818915177        4.7573477201663019     
   8.7760677517582533        7.1940976282763840        4.8247429911773132     
   8.7749107483589164        6.2574068768346320        5.5426236175625894     
   7.8890005789345050        7.0761905780291841        5.4931461132861212     
   7.9782077105070170        6.3589012458879051        6.2754197010072934     
   8.7406056722124124        7.1049382153333687        6.3398618713566703     
   8.7218615700258884        6.2439575955733257        7.1078981859246175     
   7.9235780039254511        7.1008485999852216        7.1185048936671933     
   7.9166005401466100        6.2948266490775628        7.9670174946851402     
   8.6538467978730313        7.0546374433518881        7.9128442686671283     
   8.7856011134160337        6.2669292360008466        8.7954593939565537     
   7.8810176032878445        7.0986718645484945        8.6046559222347341     
   7.9166459348897966        7.9276521911217266        9.4594268369782704     
   8.6874536150589670        8.7225923541844459        9.5078746061882562     
   8.7764999311089849        8.0012098891330794       0.75601336423850463     
   7.8549604727535645        8.7048842955263090       0.74536217461395493     
   7.9165086940514593        7.9762609441299626        1.5209131923487185     
   8.7191020875468723        8.7335304037461921        1.5054159754193683     
   8.6167374955692750        7.9522975511410783        2.4348174852007718     
   7.9583814270178985        8.7663263805046476        2.3845836251177301     
   7.8480686707563798        7.9575240197064394        3.1595649924504778     
   8.7161094961891781        8.7388250072203917        3.2233935356339720     
   8.7690652159101390        7.9333353700234257        3.9342139734303210     
   7.9039209035791531        8.7134241050883716        3.9399432908485541     
   7.9743890714216157        7.9416059239029400        4.7734449337086780     
   8.6944063546449790        8.7423673703664253        4.6642432018327993     
   8.6925506709286910        7.9194698574003937        5.6361864328245739     
   8.1071583039767496        8.7475196603016787        5.4950500332185745     
   7.9136927151678060        7.8650857671381047        6.4192027955621196     
   8.7443822790446415        8.6593928918479737        6.4262577631580502     
   8.7492697644241009        7.8631675879842033        7.1938817443088707     
   7.9855640713091924        8.6817680794163028        7.1786603561915499     
   7.9402660184848006        7.8926898753830050        7.8760251393493901     
   8.6723385927515277        8.6668809530078583        7.9674299288854531     
   8.6818076056010813        7.8439371477879449        8.5994353297292729     
   7.8807584888763671        8.8312038166833364        8.7533328126352608     
