   9.3776534942718808        1.8236299948101987E-002   9.4939877886181314     
  0.79435874824920816       0.83421933829700434        5.4342223601237943E-003
  0.69884137001565905        9.5182455783709656       0.71569650369553106     
   9.4720990952891313       0.80121257646326782       0.71174839150488833     
   3.9873404843197291E-002   2.7803979879179524E-002   1.5636347547299103     
  0.81289262548937213       0.67756290628709570        1.5719159894938786     
  0.79418731936112885        9.4844719425528545        2.3919609329157447     
   9.4831222077231896       0.78170009591395972        2.3542838839779536     
   1.0395730267277447E-002   9.5233180677227836        3.1133341705519206     
  0.67701996802738040       0.84664392050487369        3.1185160563875405     
  0.74141185635501261        9.5125405926525932        3.8893709222622759     
   6.3492184843967148E-003  0.77439255503637150        3.9304654061080257     
   9.4510436165052187       0.11969641247390797        4.7548571451498498     
  0.77378113399837289       0.80141058414369504        4.6791371377238127     
  0.83432058722726510        9.4849301378672148        5.5903441940111529     
   4.8994284637968476E-002  0.81044496593345239        5.5765908513552924     
   7.8569805213622335E-002   6.2022189014284426E-002   6.3533642490563942     
  0.79931925880258126       0.92765065232163912        6.3471258086996629     
  0.85386363050791370        2.2873641468172921E-002   7.2264920843601343     
   3.7405014455409016E-002  0.74684854617195084        7.1418578574328340     
   9.4934905720292129        9.5191640336200276        7.8936853149445918     
  0.78781981903034815       0.84856554983031252        8.0160019930805966     
  0.80339689428639027        6.8650426053474559E-002   8.6856501240033239     
   9.3754841070089281       0.83530499490861732        8.6840137578308134     
   9.4185153927975556        1.5377516639478739        9.4595257522206122     
  0.74266496365330525        2.3621429802346445        6.3210797942090557E-002
  0.74150951378937646        1.5865136999977276       0.77340645540814967     
   9.4730003143950583        2.3075921910618780       0.76207740547667602     
   9.5162716819744766        1.5581876921634459        1.6365016969019479     
  0.73252002557882823        2.3203162643832154        1.5120598906508933     
  0.77662434387366674        1.6747633765488792        2.3508803947628767     
   9.5129760028682373        2.2843924303806182        2.3939621967569114     
   9.4426290322249677        1.5253911186042435        3.1574208512919930     
  0.71556544464635197        2.3323989263661971        3.1607528231767947     
  0.76467104519599172        1.5796149618849178        3.9788638392472460     
   1.7217450203056747E-002   2.4349937491806388        3.9752633626061065     
   9.4451072301903114        1.6086764787506089        4.7337820891625437     
  0.89768481355663299        2.5171047319763145        4.6565423295777517     
  0.77898970933648926        1.6301909282856795        5.4730713110653859     
  0.17011426733651247        2.5003655630753743        5.4454135428358077     
   9.4521020481383253        1.6044152274346151        6.3686867105054903     
  0.83647815772198231        2.2803491863235705        6.3122911510688624     
  0.85327465803322855        1.6689075069976000        7.1851117072808872     
   4.6456652819388912E-002   2.3843924264746850        7.1161008372916585     
   9.5085017588043392        1.6060250425540035        7.9373726551854089     
  0.72597893179845863        2.4550666273225175        8.0024895255638935     
  0.69588391420497298        1.5360525745018654        8.8387651179103734     
   2.6819363737421949E-002   2.3696180290032838        8.7249809331227137     
   9.4800200862639237        3.1195686721661695        8.3871337364133436E-002
  0.84028576834038238        4.0740688828294642        3.5542584052634170E-002
  0.77150814221545028        3.2977870556880204       0.76857362121590544     
   9.4996838359999440        4.1063429607375062       0.71933362182412530     
   9.4616650275352363        3.1416945130867053        1.5163350947430985     
  0.76797057725664752        3.9213274896818744        1.6241638450587561     
  0.73142746683021231        3.0937393435633180        2.3804300382231558     
   9.3774529518835781        3.9191078043940353        2.3636968446084254     
   9.4628717439842909        3.1280228776756172        3.0375175997232753     
  0.92292191018120673        3.8503911266496931        3.1154928815501082     
  0.77877374748820072        3.1493738588292435        3.8393257347679941     
   1.1372262053142923E-002   3.8719165305855023        3.8508143980702583     
   9.4989658206783592        3.1986914919310574        4.7745643840052638     
  0.87385291044960023        3.9867168382426108        4.8116865040555226     
  0.96092751532314025        3.1973490096566768        5.4948905137602981     
   1.2034761483662847E-002   4.0341745490890171        5.5858093863554874     
  0.16448898229420489        3.2090638067193678        6.2082424525535451     
  0.99373275022833163        3.9797297506865514        6.4143094392055149     
  0.91237194030753144        3.1755868197617501        7.1488302430102202     
  0.16464340755848778        3.9163855839847304        7.0748469904482487     
   9.5181036887756463        3.2299739683484412        7.9776434210873983     
  0.81506051638155363        4.0265156433780458        7.9936591949902187     
  0.81833754464148134        3.2152302507037658        8.7480780079744687     
   4.9537110694395821E-002   4.0534493105595812        8.7149712143740015     
   9.5099251423795064        4.8391947970038958        7.3006790474413608E-002
  0.74953694026164197        5.6306647319226579        5.6589574916860397E-002
  0.85403869306578717        4.8712802169213187       0.82563898808024538     
   9.4674275511929746        5.5863796269004888       0.85268749905554864     
   9.4987133340673360        4.7551156590685064        1.5275234865127458     
  0.74073667942916643        5.5475338962228955        1.6953879605042119     
  0.87252858614073303        4.6651992075444202        2.3654567119310022     
   9.4336636177231572        5.5978388768797132        2.3650377923149359     
   1.6582938080532780E-002   4.7170650572077664        3.2035701092103501     
  0.77252992778558349        5.5148625891897050        3.0135269004249721     
  0.80474012269624406        4.7415513600451709        3.9768839891762249     
   9.5232319507710930        5.5265836409044633        3.9588254883291514     
   4.9269560159823880E-002   4.7281710069556970        4.7638762117563251     
  0.84272929881741243        5.5583324066748370        4.6961163839425817     
  0.82028655264169936        4.8121965682809478        5.5280677787292367     
   4.6187764350552940E-002   5.5413384178959877        5.5569971342170588     
   2.7007905325410971E-002   4.8410614735824691        6.3806452069974782     
  0.86597500012311512        5.5585692696113700        6.3558677309755369     
  0.90866565126390053        4.7578246788747993        7.1684225800972037     
  0.10891514518036782        5.6260733035937491        7.1489162998178513     
   1.1181752634797806E-002   4.7508035522743279        7.8433619308107279     
  0.84464689788327452        5.6052429251432363        8.0138939309548576     
  0.82798705472544076        4.8258436722087836        8.7653081821521255     
   9.4828217718864654        5.6344497646973464        8.7303318440420057     
   3.6297669801796807E-002   6.2943372336204275        9.5029347977314185     
  0.81486470880207773        7.1899101864182526        3.1630320018420373E-002
  0.70351165972398932        6.4083781513433884       0.77030591306675322     
   9.4802807060807837        7.1048254881404489       0.75563277775997983     
   4.8986077793237558E-003   6.3389634678413911        1.5950385267786176     
  0.73200708800673087        7.1226785311578569        1.5260831321307817     
  0.79372696599588810        6.4263178731464681        2.3861185778108513     
  0.12575647992981773        7.2024811278256999        2.3789868052716026     
   3.8287616939860830E-003   6.3426673503031425        3.2288343321119908     
  0.79803920858343280        7.1819794768481255        3.2479352365027911     
  0.80292566003174559        6.2759210443110263        3.9432256445999538     
   9.4681977888997206        7.1030456321951085        3.9116614669880589     
   9.5173535883716021        6.3510058104397098        4.7562714228802072     
  0.79204377158124883        7.0974369203274845        4.6824273701963071     
  0.87691966405812138        6.3734926435676531        5.5778504538999227     
   9.4816995395131496        7.0269192958485567        5.5200391118162706     
   5.5675423294240703E-002   6.3148106465825027        6.3511894450190960     
  0.81809560562897410        7.1270907211925607        6.3486662347323239     
  0.85737836270372780        6.3498115954739873        7.1705214363134493     
   9.5198878258005326        7.0937612973667550        7.2229038477797332     
   5.8429939212186463E-002   6.3547641495278073        7.9685093779567273     
  0.69452883502919738        7.1085524511503122        7.9938114978942494     
  0.85140456741653014        6.3536017432677419        8.7546713113492878     
   9.5109395571292215        7.0481119491383977        8.7622774870211355     
   9.5086421332331330        7.8957536872433405        2.3460161187279189E-002
  0.71758781375982716        8.6887364142342260        9.5169453503912411     
  0.82389134023133059        7.8574185808260113       0.76494333095083167     
   9.4752998610184740        8.6242215977373213       0.86312437816368048     
   9.5167973416989113        7.8816742684370222        1.5897027632844460     
  0.73076850946641336        8.7079606978090744        1.5357964843313607     
  0.89811177399558295        7.8818593340099419        2.4379554643690260     
   5.3242028729719733E-002   8.6529629182397212        2.3348442150641961     
   9.4142055056363674        8.0014958889968710        3.1761601763474907     
  0.70789127127238438        8.7546986631611379        3.1858674617420886     
  0.71933144257202475        7.9667895985620794        3.9838263219996777     
   9.4024388958018985        8.7783836822169725        3.9970650919353696     
   9.4946394919983490        7.9403178083037549        4.6357177805875835     
  0.71037961937990457        8.7133379839204981        4.7925306169406046     
  0.71542374762286898        7.7698566353143335        5.4841792915115706     
   3.5172457941170736E-002   8.6738209195407272        5.6151984592871536     
  0.12812793420389795        7.8830355774930885        6.3315514930275745     
  0.85754267287198538        8.7818316116491673        6.3788301525297859     
  0.76253344799873635        7.8600596461125276        7.2197606191812129     
  0.12252946161875491        8.7195455564887911        7.2168920394929277     
   3.6553621559321153E-002   7.9580757969598137        7.9797133582559248     
  0.82583419878175657        8.6587001734309528        7.9362897947072968     
  0.75722525464504609        7.8551953784154254        8.7143686502289714     
   4.7383197983845084E-002   8.8196856368887868        8.7079309749020943     
   1.5408961220651654        9.4683286508801672        9.5856726886361446E-003
   2.3745298513292670       0.79747551526866234        6.8242842187481514E-002
   2.4721848986325821        9.4665297005140019       0.78991824243449926     
   1.5723204766822725       0.80749273547056843       0.78332493380604606     
   1.5740693612944092        9.5041608489069969        1.4762106779573378     
   2.4309253328640930       0.69612455713989263        1.5514800578763019     
   2.4153818373374425        1.5263191451381830E-002   2.3904286533348973     
   1.4950885826110094       0.72611922655250127        2.3752757524138444     
   1.5962984502242255        9.4113516279010376        3.2073413312555110     
   2.4554932379076493       0.78277202251580902        3.1556094477243173     
   2.3775707030704596        9.4872689765542066        3.9326378052053297     
   1.5102690153803979       0.73026932597360339        3.8422062955613825     
   1.5310425195689286        5.9901168499089226E-002   4.6693548442356132     
   2.4176627043911632       0.85388939393445507        4.6642310763729675     
   2.2516265495248859        9.5106883767014168        5.4873972507100675     
   1.5484891525317870       0.79102865133003786        5.5314748799936062     
   1.5806645573052929        4.2868687879252861E-002   6.3505917904993368     
   2.4185733664710991       0.72375520652459824        6.3298576412836800     
   2.3544352895740657        9.4679957124515166        7.1557052151860656     
   1.5917847531374760       0.84979185150940273        7.2195371219028983     
   1.6367664644654365        7.0581085241774269E-002   8.0126611913696220     
   2.4281892924845754       0.81069242850400758        7.9917919573966820     
   2.4635492196747877        9.4986441510858519        8.7690335269592641     
   1.6025270257353508       0.80207102301226973        8.7586398786629083     
   1.6131971136175820        1.5219016030465673        3.1800524501415413E-002
   2.3722232795888401        2.3365860299388514       0.10389934846374509     
   2.3926883342624792        1.5189771505868077       0.87180048011823574     
   1.4976386158368005        2.3186491697660006       0.80896431102056687     
   1.6738761930173578        1.5774895181659121        1.6051157523647577     
   2.4385656253457286        2.4818692772972479        1.5906166754454978     
   2.4189082986936388        1.5389580421322218        2.4082339269761275     
   1.6117265096923388        2.3571051050967813        2.4462951119159797     
   1.6260083382984407        1.5612545452193589        3.1737713866900985     
   2.3947052501578017        2.3572179737786034        3.1315039600149515     
   2.4221717266884557        1.5503683056033810        3.9432139652168381     
   1.6644694250574565        2.3067386990977439        3.8824093729639593     
   1.6652492275811552        1.5562336655135540        4.6885467918706949     
   2.4532680326319944        2.4406092724692230        4.7483255107498383     
   2.3710964631791778        1.5473307651662280        5.4915815098311258     
   1.6404776804752557        2.4150847938791307        5.5455951624699793     
   1.6587316411825883        1.6198254144463289        6.4337759687112612     
   2.3778054409186171        2.4997313026223860        6.3728175892749244     
   2.4106085478306558        1.6360511724541369        7.2392283291187711     
   1.6088101002508126        2.4101533572836757        7.2099673628926446     
   1.6003344127829850        1.6725184443266270        8.0442525809538612     
   2.3951685028107770        2.3902875163816706        8.0079961309996150     
   2.4325421399311957        1.5814902005450509        8.7824214748314606     
   1.5275463621825582        2.2933916857235590        8.8580790770209621     
   1.5297476085688757        3.1119643794298346        3.8209025020046333E-002
   2.3956871384804450        4.0298786296277251        9.5021313838169981     
   2.3789581109255384        3.2224253464900756       0.75392377503409258     
   1.6221731187632875        3.9815930330286946       0.81445989207343428     
   1.6196802286405840        3.1191604374334814        1.5701757748633038     
   2.4306976354248575        4.0089171525405325        1.6220648335685808     
   2.3851732937275165        3.2131670527624867        2.3481681349199497     
   1.6610982524686790        4.0145749548759611        2.3341519206269692     
   1.6753541252621762        3.1365118085605879        3.1620524050384367     
   2.4322162324859908        3.9658889740255194        3.2487968389473445     
   2.3908682991897323        3.1390125714521302        3.9034434238996116     
   1.5260688309302390        3.8811714523753995        3.9746112930213355     
   1.6942766723041693        3.1751979512687036        4.6670691735031484     
   2.4420793366105169        3.9417818107254159        4.8232312879509749     
   2.3452022592927575        3.1360317288260076        5.4747100445800898     
   1.7033006919584350        3.9767073123535228        5.6398412886019740     
   1.5876367731326084        3.1466323485459147        6.3218858578778914     
   2.3729766988121090        3.9185072109581829        6.5009683236456803     
   2.3217615574414503        3.1697007747132280        7.2553892520630292     
   1.6080511368098758        3.9618163337635006        7.2765192882578775     
   1.5045221403505511        3.1733483507299693        7.9688370419019225     
   2.3847478532866075        3.9212200612018413        7.9428423276811619     
   2.3207228002877556        3.2203004006356042        8.7406229324276392     
   1.5415256822740673        4.0103506546317105        8.8451268004137074     
   1.5995983980648758        4.7298686998766257        2.4885129794234101E-002
   2.4528485980687256        5.5414424173825330        1.5755390559224501E-002
   2.3694497125419436        4.7893326467556339       0.75651718830662140     
   1.6249103189661585        5.5270305283846994       0.66148549460382744     
   1.6011405958421763        4.8440690125725672        1.6290888870665376     
   2.3191746667894542        5.5670002771184919        1.5369818032407301     
   2.4427002397075874        4.7702502803079643        2.3848482520540006     
   1.6532408832399523        5.5706333996811983        2.4450264706549598     
   1.6022608987533722        4.7044244908174511        3.1566155227467712     
   2.4269924558013320        5.6322380167742301        3.1669329037376142     
   2.4058941901321065        4.6751155316328949        3.8997850175929871     
   1.6071667239925505        5.5742115186824144        3.9644674214918436     
   1.7297495108045371        4.7934826359862459        4.6739381615190823     
   2.3832468326106273        5.5788135085852844        4.7059334405982822     
   2.4045169744676764        4.8215926180308299        5.5411244677546554     
   1.6581953031191188        5.6205695716268727        5.5865357354676251     
   1.6871982829760057        4.7914427151094223        6.3730860432680272     
   2.4195132212890935        5.6435298015680644        6.2718138481796997     
   2.4238707856697337        4.7493835047723527        7.1001069174951903     
   1.6182811192397681        5.5731244575420984        7.1615588515102342     
   1.6032032719206455        4.8104409950968332        8.0025751349913872     
   2.5307389056554404        5.5451224633877576        7.9316473131873479     
   2.4289419779242745        4.7904774024268848        8.7210388230625515     
   1.6675479092417396        5.5328634446149865        8.8877123223851910     
   1.4978272568377102        6.4419542720919338        9.5162921655186619     
   2.4988214038404220        7.0830514768617494        3.4064484820620702E-002
   2.3229170117264215        6.3588941692810099       0.78998136452626333     
   1.5436266152605704        7.1191959556415449       0.80519009065882419     
   1.5056572102979726        6.1852920994651628        1.5302711128792432     
   2.5058889621334455        7.1421832875988427        1.5786476076650742     
   2.4099021430765282        6.3830669125159263        2.3988840967649936     
   1.6065753344464191        7.0607497949052753        2.4163984931025446     
   1.5849952016145659        6.3574986783760528        3.2211489306653220     
   2.2786274385678031        7.0809010239887664        3.2127208674950358     
   2.4424686494045393        6.4507465285600265        4.0365787958954922     
   1.5490719281963834        7.1204891835999531        3.9705831586399616     
   1.5713689061737119        6.3891010885930140        4.7944548171099788     
   2.3938804908037628        7.2039155002722186        4.7684314792871456     
   2.4488161316469115        6.4021540824805596        5.4124972045328557     
   1.6229106555102149        7.1613357847350185        5.4660456715588879     
   1.6306286392995408        6.3611590964524849        6.3344402016732833     
   2.3433875880329529        7.0590523377600043        6.2466675343620572     
   2.3072934337745368        6.4890302715951496        7.1288190394914723     
   1.5110023435873337        7.1474279792736812        7.1926740249668200     
   1.7499049548288812        6.3469109308904343        7.9844434097716377     
   2.3907093846993375        7.1521436395880986        8.0224214197761441     
   2.5196259858317496        6.3567647330165045        8.8473893988256016     
   1.6896414167567386        7.1209627434431484        8.8127990752296554     
   1.5098209483433176        7.9111887252336750        9.4676214012954301     
   2.4384023532149586        8.6486413961485127       0.10516568312230047     
   2.3643876977217677        7.9469560128866208       0.79217516822250345     
   1.5794898677487095        8.7689006452927707       0.79929119498571410     
   1.5793187368563177        8.0383787842533749        1.5518820704764784     
   2.4140081209229156        8.7864040183948795        1.5839970515894475     
   2.3182772589494767        7.8833746397410671        2.2986614359551623     
   1.6319874414359377        8.7603734364745254        2.3976932560081563     
   1.6201299714548232        7.9216982171672310        3.2431466010395633     
   2.3979978962258564        8.6129741463576632        3.0322020107462904     
   2.3593215611686471        7.9054136276111358        3.9743882077637966     
   1.4774827052959794        8.7541181370077528        4.0551661030311781     
   1.4740018032012190        7.9523568415778128        4.7080312418915513     
   2.3428037278748408        8.6891077840882787        4.7023292979252540     
   2.3066035835569179        7.9288726915710122        5.5677432151965744     
   1.4682889523832972        8.6412300416324968        5.4922312245246738     
   1.4921576733914816        7.8782328806061823        6.3245019517826844     
   2.1777491321208999        8.7352533377065047        6.3678330193848192     
   2.2989484312499906        7.8800061073311189        7.0564594995450767     
   1.5412381567774625        8.7369568070794177        7.1508714922581156     
   1.5846684115758896        7.9192686435639992        7.9021395520875961     
   2.4391559494425534        8.6989890082433075        7.8794698832761592     
   2.4554215344743193        7.8597573188610630        8.8144823142953346     
   1.6612578272731788        8.7589556739845982        8.6855747241774885     
   3.2624034006529574        9.4574120354662394        1.4460121043943343E-003
   4.0079415805710275       0.73756652062122730        4.9430571225007970E-002
   3.9980409165618398        9.4568963985179568       0.85291400330126055     
   3.2208433320836534       0.68882450333250111       0.73977070671554213     
   3.2568384152682235        9.4647562217795596        1.5552176545851411     
   4.0493349022064384       0.75306777972170269        1.5347656412378214     
   4.0298137282590138        9.4544343395835266        2.4051065461573056     
   3.2006015040421087       0.76110745200372198        2.3177492844187935     
   3.2328828382422423        9.4301848388402192        3.0760683982519823     
   3.9782110519242160       0.75419615099845028        3.2601308820481485     
   3.9397897412030560        9.4912514204441258        3.9167367509095330     
   3.1916699042976404       0.77426470652043911        3.9469007167703261     
   3.1204755316311275        4.4572440917178505E-002   4.8071859940907764     
   3.9302471205203497       0.79549929965328747        4.7098728061691890     
   4.0157554997867688        9.5122747507546226        5.6039106490793014     
   3.2538890263283213       0.65964593123826720        5.6209648888211543     
   3.1144146506978423        9.4496000708851540        6.3748667554857539     
   4.0002785402598979       0.73018848029597283        6.3544953850295798     
   4.0218442040374702        3.1112161289457527E-002   7.1401984541012835     
   3.0709324536132856       0.71256240194218690        7.1218766741751809     
   3.2273294132973738        9.7545752649359774E-003   7.9314738188738909     
   3.9095145106578371       0.80395634761121981        7.9527025091056434     
   3.9309243757033809        9.5066824866709077        8.6754277355134199     
   3.2357873013998364       0.77773237130537243        8.8048938383604582     
   3.1291086277446869        1.5776431089481502       0.11917054494866686     
   4.0560454472509013        2.3204245060668649        4.7332205728406351E-002
   3.9757612168713057        1.4888180171859393       0.86594153749636515     
   3.1463163610887595        2.2996732371021236       0.78084341918840028     
   3.2206929302473268        1.5930691365412506        1.6903182630126035     
   3.9755075037477123        2.4465033999267036        1.6344262947684085     
   3.8918120516954309        1.5893127163768932        2.3670205850438615     
   3.2059912973170217        2.4456080849823638        2.3861752687034938     
   3.2392823817928122        1.5895190484522161        3.1843373063434326     
   3.9480286130416311        2.3554536223031275        3.1762788380100422     
   3.9311704883878318        1.6317292444307399        3.9496509786821350     
   3.1491206160971950        2.3307351668025689        3.9558807422880209     
   3.2078176192678036        1.5684860743376035        4.6953006001618762     
   3.9446960180837825        2.3196828544154449        4.7519524130379232     
   3.9239363101892324        1.5891058497165524        5.5426116843986337     
   3.2327708232604890        2.4019628111075719        5.5288685882344559     
   3.1728638492467680        1.6440415607849979        6.2448885400028598     
   4.1550993562855467        2.4249585654365720        6.3605305057106918     
   3.9583613301033282        1.5881809613060913        7.0527287202063711     
   3.1278536609175984        2.4776215947137121        7.1448625269188444     
   3.3219866467170256        1.6550266948775476        7.9474651226168174     
   4.0599165577732581        2.3441543388306294        7.9045871147132933     
   3.9373114432103544        1.6476944841383137        8.7443034595047759     
   3.1339071977555819        2.4507288042057751        8.9007278521206512     
   3.1197465003358218        3.2096846808239192        4.9430063425368355E-002
   3.9560450096295470        4.0216791338500499        8.3323886582815976E-002
   3.9490324107442287        3.2171489439396681       0.87657119592872823     
   3.0723731244880881        3.9887755067091200       0.81809653004667027     
   3.1594588944009412        3.1889612566723309        1.5593761456804556     
   3.9368096299206998        3.9533973063172936        1.6704543388942665     
   4.0517626537518741        3.2114386757092781        2.3249333333804696     
   3.1668845751931785        3.9941447629485061        2.4591026587021783     
   3.1371806765775552        3.1613890803144944        3.1385700823274454     
   3.9680635237113400        3.8579300302007375        3.1418947152690087     
   3.9094710228364846        3.1129273592617395        3.9646063692365074     
   3.1966310774179272        3.9447538437867466        4.0145675508669445     
   3.2242997672581422        3.2349416707372365        4.7933528976333015     
   3.9548787284914906        3.9968109836676939        4.8561021467999215     
   4.0216299577703154        3.2308955424748595        5.6005405834756772     
   3.1681752636620062        3.9889601538372332        5.6969584377370737     
   3.2235104886204247        3.1708997977726492        6.3328062956134588     
   3.9043226467270085        4.0522063526686134        6.4429288440935082     
   3.9297229673160317        3.2287279727544074        7.1695558070845831     
   3.1190139409226743        3.8997433541748205        7.2394999063740508     
   3.2568441047492773        3.1169800959151024        8.0146527321210428     
   3.9056587875635982        4.0215953088886769        7.9039597794006600     
   3.9808250495574651        3.1603528068090685        8.7162132317306060     
   3.1871248530808529        3.9289330244500800        8.7143665436608764     
   3.2196376259651340        4.7797256784832411        9.5003526443538231     
   4.0532598578357373        5.6655479467823069        2.9095863330305845E-002
   3.9884559077429360        4.7033398954158283       0.91417205132160884     
   3.2208404028941806        5.6042628806169352       0.68980900741818207     
   3.1905821888191768        4.8135059599591337        1.5703038466232526     
   4.0065355235025120        5.5691974829173949        1.6370187720659917     
   3.9301731039639840        4.7683077748922731        2.2964191670340841     
   3.1749399635069500        5.5450018295623869        2.3778447439494315     
   3.2239053256536274        4.7723859942549955        3.1721017119970147     
   3.9450871399816743        5.5913191482164644        3.1115442894523939     
   3.8642051350630755        4.7594296322757144        4.0124451319859595     
   3.1719813068951130        5.5290323607416205        3.9402682579314710     
   3.1254159403510680        4.7001098247443656        4.7543237821085356     
   3.9669752900869781        5.6178319644297421        4.7001099816608516     
   3.9533924186528631        4.8656792142044551        5.4869553234024799     
   3.1466635434825392        5.5779151538516292        5.4596029116546267     
   3.1058785112001663        4.7946225266320726        6.3178714242590024     
   3.9603018174537374        5.6549920094587991        6.3250157784780221     
   3.8476225482995376        4.9007565216045768        7.0672435176026953     
   3.1401526913639324        5.7370444926357225        7.1169502322007965     
   3.1322236226787634        4.6799974129033295        7.8650555646019873     
   3.8321741105079958        5.6515289265664022        7.8906546377203179     
   3.8561522743023606        4.7702539523654828        8.6372426383793073     
   3.2144622536084917        5.6397497120797828        8.8864778585094228     
   3.2958515838288185        6.4155088845575108       0.10716291640176945     
   4.0286814872911689        7.2669511707052026        7.3231577957753091E-002
   4.0781580675662381        6.3712349627081171       0.87754853180259140     
   3.3099288389000163        7.2073660018519137       0.78905746456341130     
   3.1719131973853698        6.3606204141778022        1.4977920723818374     
   4.0537015778472361        7.2394954821378317        1.6290064051665836     
   4.0203966404489746        6.4132211029793558        2.3022056744333934     
   3.2751357712404410        7.1197334210807597        2.3802098592799372     
   3.2297677813424395        6.3573960995470831        3.1264505333766057     
   4.0204222109989649        7.1091143972472031        3.1308007969869434     
   3.9793574316689253        6.3738525534431538        3.9006847107272851     
   3.1901013012161039        7.2292090403107583        3.9342665076481307     
   3.2142671732040142        6.4783418948462659        4.6475294399615699     
   3.9119790259700546        7.3084530901058606        4.7480610378363020     
   3.9794648802196422        6.3609424332133662        5.5695170858144847     
   3.1443154653290097        7.1842190635466210        5.5070009464947294     
   3.1600683858502414        6.4152678070833575        6.2800255317500762     
   3.8671840633093142        7.2828004624292886        6.2997647115906537     
   3.8960952500722952        6.3678125587335037        7.0466303867380908     
   3.1064708545727906        7.0988704859079261        7.1433649563021362     
   3.1850825224418018        6.5463085788833570        7.8922478817684985     
   4.0014293377214694        7.1416337865126067        7.8556851318658616     
   3.9346735397089327        6.4178778322016479        8.8203514685222206     
   3.3043137643110532        7.1620260706356218        8.7479639791241137     
   3.2525894002337647        7.9801992715485559        6.6918541532035331E-002
   4.0905648822497529        8.6573256423480327        9.5061695932710997     
   4.1062842835858273        7.9643749197989395       0.80684209249043626     
   3.3448142533294987        8.6386544140509347       0.82931705336977035     
   3.2404385265428566        7.9372137768164750        1.5329963098460451     
   4.1151822128916224        8.6284084551773788        1.7180289586042448     
   3.9272475397318996        7.9535998765609985        2.4526190709155045     
   3.1837279238735134        8.6553970981010071        2.3649890056474403     
   3.0302641837621214        7.8215162925102630        3.0982875446624392     
   3.9031499103215888        8.6838153503695370        3.2290076409817732     
   4.0123434898576855        7.9497467847797125        3.9646480267891446     
   3.0903826619258168        8.7637479091238486        3.8862608037850244     
   3.1149030520222811        7.9906478038980344        4.6311534000426029     
   3.8921981044219351        8.8844007057864491        4.7641000011395791     
   3.9024172546876237        8.0148143141077366        5.5274802468447444     
   3.1554673620209295        8.7622308922736813        5.5650689870755201     
   3.0143189135237418        8.0585469147383755        6.3348870631247918     
   3.9659861836455783        8.7822134277338648        6.4252815411482063     
   3.8979354052169173        8.0083640499302948        7.1195100008000738     
   3.2267561140765824        8.8105999607443213        7.1873995193036491     
   3.2228317009025393        7.8100444847663280        7.9005204495993437     
   3.9478429069587500        8.6715253879923928        7.9419005247468997     
   4.0146964765133708        7.9801493783375932        8.7640081044120119     
   3.1766524534703131        8.6273093817424211        8.7528841755795472     
   4.7415047557833745        9.4679899558504754        9.4730902737736962     
   5.4649887868770017       0.85008365885343584        9.4905285760442837     
   5.4927713886000245        9.5117167626744372       0.67126021196187502     
   4.8511978185731000       0.75736898952751364       0.84653916477257962     
   4.8306133241541280        9.4278423902053419        1.6592197229852519     
   5.5369826963488391       0.81056087608539851        1.7000674412870622     
   5.6497810483996114        3.4073971244632718E-002   2.4730457785038724     
   4.7564417376164254       0.72853570220087749        2.4525483126192564     
   4.6932317491820230        9.4354188308165572        3.2128038616023442     
   5.5545034912845939       0.80586578510524054        3.2633099448322733     
   5.5617290812637856        4.4902823433260984E-002   3.9368924586701506     
   4.7558621364758258       0.81803022768525846        4.0178147396623514     
   4.7419152323697729        9.5094736077715343        4.6729895744952543     
   5.6412666156480942       0.80490696519958649        4.7668360344203924     
   5.5378839883032853        4.1926754436783391E-002   5.5772827776484766     
   4.7929218422649669       0.78351548472518351        5.5140653646806657     
   4.8147228296335820        9.4805167796936818        6.3579516845440267     
   5.6086478091224174       0.76166863693956943        6.3676633102316478     
   5.5533927625328880        7.7838829665661238E-003   7.2426918311976234     
   4.8094844188578394       0.78410211033308874        7.2087683754623910     
   4.7459402110670981        3.1227194515412803E-002   7.9368295566087683     
   5.5900032483802873       0.74999990965526064        7.9794131286780168     
   5.5358758743612171        9.5024118968530811        8.7129305919073570     
   4.6492800291816074       0.68084980745471058        8.7211774203992416     
   4.7479035348995389        1.5984184128963501        3.4995116536426915E-003
   5.5982895375769441        2.2714677205190990        7.2803434592265320E-002
   5.6251723210779412        1.6114964071973217       0.88429380925148704     
   4.7624960356624433        2.2815986946654063       0.86279995548155297     
   4.7177546773581964        1.5848154248867925        1.6400135602460268     
   5.5984706952491274        2.3808489263738597        1.5757861072487034     
   5.5861681079198107        1.6069252543382062        2.3656518449062873     
   4.8019436773409092        2.3411492911781533        2.4508204409544363     
   4.6720475401591690        1.5322815508233116        3.1250406081822377     
   5.5334504345784765        2.3724723736338609        3.2208119863148399     
   5.5581447579494752        1.6853389032635229        4.0659768774093799     
   4.7454779081828375        2.3761709127901103        3.9874317561056531     
   4.7516020700130985        1.5203471834609934        4.7931252609864696     
   5.5463763327104214        2.4053117696243564        4.8139910087480109     
   5.5861041916601790        1.5511804621003149        5.5007995396308287     
   4.7533255395638045        2.3279239043050555        5.4904807418320907     
   4.8016650655711723        1.5399599793274064        6.2723166462381039     
   5.4553478233319730        2.3416186862127519        6.4480440102458365     
   5.6551798143572194        1.5603813070412358        7.1027990445408040     
   4.7487467986757679        2.2645360247807189        7.1835285989598416     
   4.8511252728308438        1.5170718314056191        7.9620931353380877     
   5.5903667471712613        2.3751014069737511        7.8926007762272450     
   5.5019104727892794        1.5528192274918398        8.7605526068975532     
   4.8082393257041574        2.3684143430478053        8.6773493112753961     
   4.8307212029451234        3.1132874989717232        9.5193017235195772     
   5.6083458791490726        4.0194597078050602        9.5203660438593758     
   5.6081467525533846        3.1379683659012256       0.78223676910014395     
   4.7862737497609107        3.8787229617474934       0.78044886057169749     
   4.7479027956731867        3.1836568414004325        1.6392978016371798     
   5.5660093827854071        3.9849784669552104        1.5154838796659964     
   5.5949165348249039        3.3054389295555180        2.5349264388507371     
   4.8261728133206425        4.0058208589545652        2.4374074913241826     
   4.7304046392468377        3.1240573884156997        3.1384449389760247     
   5.5328622822612559        4.0295489804700910        3.2597606838423299     
   5.5560215113831806        3.1662523637680349        4.0183592298929378     
   4.7306323945150419        3.8497262580958642        3.9975149841375659     
   4.6530913446011919        3.1917615611311025        4.8320358709266076     
   5.5259178803727647        4.0181322685950489        4.7237920299484646     
   5.4772600195574066        3.1884760890490251        5.5578762779135964     
   4.7323578876614993        3.9688749493907798        5.5615354590998054     
   4.7824023555495447        3.3336700313273036        6.3931842540843133     
   5.6826114163365293        3.9142524201325148        6.3955455033371891     
   5.5294650262071370        3.1966108455962168        7.1463458756149310     
   4.6315680593928219        4.0523867230384676        7.1070915140117972     
   4.7298761891514074        3.1807627263434730        7.8957093068101623     
   5.4409541712944964        4.0592721401510383        7.8748777699461980     
   5.5045974223467891        3.1598591988409392        8.7097097088384867     
   4.6643447455224445        4.0054780424303909        8.7705628903821609     
   4.7206273000099879        4.7597393226254168        8.7402900344792242E-002
   5.5448821680787344        5.6320691839266885        9.4547886283375693     
   5.6020220323077110        4.8378303187660219       0.75508096402093450     
   4.7545477449556870        5.5782576060950477       0.83925534724453688     
   4.7801860550114235        4.7542253876460485        1.5771237356839398     
   5.6066113600028560        5.4854402190639231        1.6048182539225493     
   5.4583776615205988        4.7538669054603586        2.4048308342442528     
   4.7582192618293746        5.5084954925597511        2.3894514277992212     
   4.6537708707642054        4.6378466443503914        3.3465611260791119     
   5.4967887155749207        5.6359832764302631        3.1821032226922203     
   5.4996260725684083        4.9088485473633563        3.9559712359706354     
   4.7033320467361106        5.6117271587851265        3.9491739539308504     
   4.7524664955815554        4.7301765285831232        4.6639027920824940     
   5.5003287530787128        5.6011177646590706        4.6750131709061540     
   5.4768855219277039        4.8000261857817934        5.6389136585829203     
   4.7247666626729821        5.5638606160931730        5.5108670138730851     
   4.6923066729381659        4.7653717428890925        6.3332458746905482     
   5.5278282070539611        5.6169496294286914        6.2781181232588477     
   5.5429185126559481        4.8282770142252254        6.9685191222341887     
   4.6936763781280195        5.6156011800332077        7.1200513095098099     
   4.6130045243248086        4.7679610483171668        7.8886532446431410     
   5.5839736319796991        5.5304655963810854        7.8688655105468968     
   5.4591773784995095        4.8383762638508339        8.7063705040929822     
   4.6461002540799790        5.5133314187505595        8.7332487335117559     
   4.8220095254793991        6.3836854561073615        9.0539742980899729E-002
   5.6308123587919008        7.0904960786933389        9.4330204835495639     
   5.5540823951480442        6.2845703074515722       0.91507544296873899     
   4.8649474257042309        7.2241294854157063       0.78303658764728079     
   4.8735497145978162        6.2340067688644956        1.7216518622819499     
   5.5139847070123604        7.1763062052503761        1.6029826428057878     
   5.6430664272859650        6.3255220261618117        2.4185075211546883     
   4.7973875459247548        7.1783745528286351        2.3649093011850733     
   4.7209105706796191        6.3548378245372161        3.1217194199009120     
   5.5693515712608557        7.1016788437016798        3.1795726692449726     
   5.4757592916423814        6.4298679265545422        3.9180228501832692     
   4.7616124672597167        7.1376192587381500        4.0101482611920956     
   4.7048175541263726        6.4346508215898819        4.7283951232908841     
   5.5385258842164875        7.2054227636317316        4.7448124247527037     
   5.4590136990324130        6.3069705984204063        5.4304489869451649     
   4.7251191096861680        7.2663087042543326        5.5337713325668778     
   4.6814076568396077        6.4417245259615212        6.2567188308275741     
   5.5355612945882502        7.0877246323154397        6.3462925561907495     
   5.4948895521803829        6.3238994287660155        7.1562667530658626     
   4.7483756092863025        7.1353087033609661        6.9904754680748686     
   4.6627909113924515        6.3954210465106618        7.9850645260022732     
   5.5267526887327971        7.0700252585511310        7.9254747169834197     
   5.4759502468284493        6.3010203443196309        8.6348444480139754     
   4.7907053523689882        7.0914110109114699        8.8592463288721355     
   4.8705522562882262        7.9387693986244638        1.1611647306312648E-002
   5.6665071247940944        8.6840147794265725        9.4223822584405355     
   5.6398839010768453        7.9536321510756238       0.75540131339631977     
   4.8093642374372951        8.7047432104091786       0.69522172237993529     
   4.8538228769705194        8.0040229581629667        1.6014518825284674     
   5.5520217985099123        8.7735019623463266        1.5224275941169267     
   5.6864314135723113        7.9560736653645234        2.4169158458795574     
   4.8902733175625688        8.6954166261744064        2.5047665152117857     
   4.7242556649051544        7.9123088046275170        3.2117022899995047     
   5.6233746342441604        8.6962745438022093        3.2031151662556985     
   5.5823874143941214        7.9725778727139902        4.0447925457510463     
   4.7714719691065035        8.6847855906978548        4.0068889241096848     
   4.7358585288174764        7.9485183596623186        4.7607535002328545     
   5.4677960810501478        8.7829064779281314        4.7291630760120933     
   5.5051122584238961        8.0486452676400511        5.5177214378973645     
   4.7737841269400798        8.7464153205748776        5.5580830734438962     
   4.7549916460715203        8.0119632640575844        6.3307808369115754     
   5.5977841480823392        8.6881910033370833        6.4052012423428240     
   5.4860527528413883        7.9961016025029412        7.1385445196839941     
   4.6443413509968625        8.7190180583071673        7.1713330880445518     
   4.7209627298693482        7.8302406807685099        7.9730721060401235     
   5.5155663385660016        8.7436709876417140        7.9187624202647333     
   5.5517536713312605        7.9634099176603064        8.5791474197890096     
   4.6685460586527059        8.7275115914891934        8.6097947142264513     
   6.3399863741995688        3.7259881387076005E-002   9.4808830106073252     
   7.0287851207041108       0.77459638886807614        3.0931481271466209E-003
   7.2554865299841635        9.5058179266920888       0.69910948656478689     
   6.2693641535144522       0.71535436111815787       0.77940221177740854     
   6.4061114415974600        1.0983190879132259E-002   1.6406371953019059     
   7.1920025967348247       0.79102074718101711        1.5520267592633616     
   7.1578407713144436        9.5830753248680092E-003   2.3842108157485664     
   6.3898574819088152       0.86959769650295526        2.3747820653387124     
   6.4315633603230449        3.6574822563258523E-002   3.2515848083457231     
   7.1432920468414549       0.86243317263911878        3.1851088263328449     
   7.2511069503879559        9.5118095464310090E-002   4.0652272500580411     
   6.3477412887076481       0.83393951740088246        3.9244546260088913     
   6.3380627257909588        5.0762443805445291E-002   4.7824443746180929     
   7.2129472772836500       0.84644768132702730        4.7861167412733661     
   7.0800174932638713        7.2671732831580280E-002   5.6011886620408093     
   6.3537544394363801       0.79434249272581225        5.5802816879953374     
   6.3226692775424995        4.1881438590944974E-002   6.4077244876205803     
   7.1143937224507532       0.93683891124311425        6.3501023003699144     
   7.1986104666574313        4.3128590438379216E-002   7.1498173078750327     
   6.3861631372668386       0.81615733419515746        7.1126685397014091     
   6.3941119463761673        9.5183055840357262        7.9181251287013232     
   7.1416123773162523       0.79247599095436039        8.0231723509500465     
   7.1668948017299314        4.7383940936464315E-002   8.7567788552720653     
   6.2769994051093541       0.80470501645958892        8.7794162382313115     
   6.2906861803461442        1.6107805065924234        3.9183855821657475E-002
   7.0866184404379959        2.3660722019820395        8.7212126226579017E-003
   7.0426793726932235        1.5161942383975624       0.76347263562316603     
   6.3891989287050590        2.3750996988418298       0.80923293661325513     
   6.4359315199085652        1.5809999476872647        1.6321451995505800     
   7.1504544560281422        2.4109790450271573        1.5683718544875092     
   7.1446925498319009        1.5412113164966033        2.3750698480673642     
   6.3760597530981098        2.4657880337904574        2.4535606406236714     
   6.4394839149002889        1.6460769573611267        3.2241807388997419     
   7.1877997694869862        2.4375561371027796        3.1501289218168393     
   7.1261915885634401        1.5611539052392922        4.0362841169399797     
   6.3973456681334646        2.4272644998232153        3.9944898532083197     
   6.3301792643492529        1.5405518761500792        4.8403944909559549     
   7.1575698669430707        2.4112811842375041        4.7499253255924447     
   7.1286599421571957        1.6414393120352537        5.5484659311654871     
   6.3131125288833765        2.4008555501779489        5.5068077724414302     
   6.3247996308239971        1.6607676905650512        6.2810276325538172     
   7.1238945928239641        2.3970992237043758        6.3151605963159430     
   7.1290350619950935        1.6472097588728813        7.1187266759418453     
   6.3207027730516092        2.4689544441074367        7.0709247681504968     
   6.3500985834807908        1.5496640046978025        7.8772801537059598     
   7.0647958727827964        2.3781487514079136        7.9519575386616461     
   7.1512151714929937        1.5338149355725990        8.7495188369660930     
   6.2808913925342651        2.3484930182806227        8.7240975956766658     
   6.3143127423768135        3.0959855977228221        9.4432400600929469     
   7.0327804946503774        3.9609164519387132        9.5009999195270556     
   7.1095539705800643        3.1469032350825317       0.88641462200831622     
   6.2718188138781930        3.9998883878836673       0.74889116114225074     
   6.3543040644546798        3.1840708227072732        1.6456452607338583     
   7.1151842804663294        4.0063264847651618        1.7103531806089587     
   7.1027989142064101        3.2360566376555204        2.4159077233176056     
   6.3382299658227783        3.9807592274449131        2.3547111849514200     
   6.3079647936870060        3.1496418080783966        3.3411400080505103     
   7.1621942279418702        3.9196830688033990        3.2471767616817853     
   7.2177169704058004        3.1947482855781888        4.0363304185800413     
   6.3929187318261098        3.9668535010214372        3.9378891578419086     
   6.4079567510768669        3.2673997317061665        4.7072965351930414     
   7.2228897297330548        4.0126734575256560        4.6948518024693930     
   7.0704363427730588        3.1846733020982785        5.5645962732521603     
   6.2043990777436004        4.0027562085857973        5.5268089336293045     
   6.3658675932008393        3.2177331674611116        6.2308265361661030     
   7.1627003932341360        3.9052131164503070        6.2959202721340466     
   7.1521874031780861        3.0721552533729950        7.1937362699548615     
   6.4892379768535458        3.9782454379391745        7.0610147941709522     
   6.3517680002094297        3.1989125721308134        7.9602714716362239     
   7.2169602090715719        3.9909768568850157        8.0418945952550303     
   7.1427967752973434        3.2490140158911891        8.7640212909862161     
   6.2971718023244767        4.0951382753141710        8.6394985037286069     
   6.3567304689002464        4.8220182116172055        5.3242999940214607E-002
   7.1102269483941578        5.6069963700052030        2.8581873954838567E-002
   7.0725863598537648        4.7224773538726046       0.84673152309598121     
   6.4044948989535779        5.4637197860257345       0.87613556138711002     
   6.3125765677636485        4.6819165650742391        1.6532582230269794     
   7.2173995168377374        5.4609737630918245        1.6101351656763030     
   7.2223057105266308        4.7977077885665311        2.3932574357512424     
   6.3488886766600006        5.5138216284179862        2.4454391523399881     
   6.3822457877360952        4.6868553922157297        3.1394907468427879     
   7.1640711218195419        5.5053454047813375        3.2027730142873363     
   7.0741235746161877        4.7421720412769792        3.9242347296264248     
   6.3656337021313369        5.6184003837886793        3.9499649157202175     
   6.2579893107221558        4.8163250137214115        4.7835690041490784     
   7.1929861457133084        5.4614986539144201        4.6510070830508123     
   7.0985929302776789        4.6919609371783579        5.4084178221895902     
   6.2183985673956030        5.5994871695398487        5.5807637980721063     
   6.3937249711164599        4.7853274371724099        6.3042178612370128     
   7.0764161605332339        5.5881375552260550        6.2593828366052744     
   7.1370469744994125        4.7468650356047064        7.1461608948662061     
   6.3757526449330566        5.6361756388857716        7.1663805532034175     
   6.3580595526002321        4.8126321003240857        7.8093266484557775     
   7.2160580848163889        5.5526238601836466        7.9077625863981309     
   7.2171689804728256        4.8113868379441538        8.7757557878122743     
   6.3667874916984610        5.5805121312612433        8.6032722901195946     
   6.3995241245205534        6.2335328704191779        9.4505464891981354     
   7.1362184409969167        7.0067836632752956        6.6545621525358520E-002
   7.1043677980442483        6.3200512943460421       0.87457566343354121     
   6.2871269885160155        7.0923730882245177       0.88707363893248259     
   6.3898618242876948        6.2531216179499101        1.6237794962967951     
   7.1199505420095326        7.0770141469924219        1.6367276390241907     
   7.0381612312866704        6.3123008386888015        2.3994693540316723     
   6.3211305387426773        7.1688604792888890        2.3600404691106696     
   6.2790821944447552        6.3622147749368025        3.1990483353962178     
   7.0125481821529636        7.0610811028184122        3.0945249385486804     
   7.0798668054421032        6.3480884427635411        3.9637592016919916     
   6.3574622855515255        7.1165548400650653        3.9526878604260536     
   6.3702281838198669        6.3584148199057138        4.7538222972192870     
   7.2634859014475657        7.1027405256904972        4.7240906887257008     
   7.1218273351813819        6.2947767008195425        5.4873933383350568     
   6.2714087271799732        7.1496916522021356        5.5362383880623121     
   6.3387579728097849        6.3593384830939454        6.3290865462062147     
   7.0939975078527935        7.1567487268195205        6.2552960471761798     
   7.2051888271951814        6.3758089240888562        7.0782906465532740     
   6.3285392253782531        7.1469911875306584        7.1371511855036571     
   6.3597176091583822        6.4077676110021962        7.8884433359655155     
   7.1878674485448890        7.1579957983689795        7.9751528059118124     
   7.0645627200932424        6.3742012607212484        8.6863532617909911     
   6.2778579790585907        7.1841955123890155        8.7240262341765238     
   6.3960369155666434        7.8615752858221537        9.5199272760702751     
   7.1991558371110154        8.6374098864931135        9.4377210811115013     
   7.0858220288819558        7.8914231299629698       0.79034680471375029     
   6.3377936955851055        8.8798617141046243       0.69386130440369931     
   6.4791355353208075        7.9884217601169514        1.6826036605915706     
   7.0643799780806340        8.7857302291413966        1.5766824820509886     
   7.1627982587039343        7.8809879321904797        2.4994381190319666     
   6.4323406661403935        8.7557198822999620        2.4806608049352619     
   6.3317509118272906        7.9319154641592462        3.2635334856588254     
   7.2527978106795743        8.7541816798078056        3.2579036137150861     
   7.2902613606808311        7.9670129003383243        3.9108104859992214     
   6.4383856269406952        8.6818359545827573        4.0311703271165404     
   6.3073928487115563        8.0129148183854717        4.8163597660991737     
   7.1489607039698271        8.7284643454452961        4.7664018683779128     
   7.0966861119323728        8.0122353018033134        5.6055309937640994     
   6.3471414275720877        8.7733039567136224        5.5196634059537564     
   6.2124234143432391        7.8893027856702522        6.3609752304857379     
   7.1160001479042077        8.7137798562543463        6.3834642063469529     
   7.0677314287741568        7.8938414327309276        7.0525056611451138     
   6.3634650985256522        8.6965820868611843        7.0738582404640855     
   6.3566551458720131        7.8783053856585177        7.8653339212503903     
   7.1986614772781481        8.6445327042564379        7.8754759107873902     
   7.0992888560542893        7.8086641773859329        8.7304771513959203     
   6.4169662420055769        8.7071602892510160        8.6257325879147171     
   7.9906224982571006        9.4322372077226166        4.5269816450654293E-003
   8.6445084552359521       0.76703299346399711        9.4678892400593515     
   8.7341507998003163        4.2759992126621432E-002  0.82923408796329012     
   7.9120860928501235       0.73783261155585123       0.74257287589200249     
   7.8447830482208820        9.4290058460755883        1.5780281912839851     
   8.7212366082596411       0.81472951723548914        1.5320732190267183     
   8.7865476279037935        9.4792895072383310        2.2880400594264589     
   7.9643012211388440       0.72814701140612870        2.3506717487013606     
   7.9537504308659885        4.6283266283807578E-002   3.0840028591842756     
   8.7059347041606028       0.76620230718427895        3.0621866679739145     
   8.7052505195064835        7.9353900167127345E-002   4.0386856009014851     
   7.9902269220587199       0.81380864944144971        3.9220207828818583     
   7.9031309417829947        3.1559399297605428E-002   4.8550281927248387     
   8.7149123683961101       0.90609384146480942        4.7588457422519088     
   8.8320782567007967        5.1894755986953622E-004   5.5903193292423454     
   7.9668697254340497       0.90662848316231859        5.4909098550878541     
   7.9092551381328908        9.5208491323297739        6.3786837133539143     
   8.7432595643882109       0.89946779629359797        6.2327419150735901     
   8.6051790534867525        1.7645175456625251E-002   7.2021135271231049     
   7.8326984051843276       0.80585504328468416        7.1375613221248964     
   7.8810119691339988        9.4885295735309327        8.0352810716774226     
   8.5990922263550527       0.77827314688053539        7.8939187653999454     
   8.6641548192159341        9.4479686961965026        8.6932906581589950     
   7.9550990619296815       0.85011299747087665        8.7203376321331447     
   7.8612915765792755        1.5052423328755129        3.2126659299703937E-002
   8.6551596826024770        2.4293297263867681        9.5076758020423728     
   8.7013733362425540        1.4899691997597677       0.80056069808689567     
   7.7960185248455334        2.3725706337450321       0.75692676132961145     
   7.8439016589162760        1.6252180667702305        1.5158767761561796     
   8.6712740832596467        2.3944658237339920        1.4994309347909387     
   8.6600826630314938        1.5684112714015948        2.1977365998731058     
   7.8300997606312750        2.3520874816047810        2.3894659400492606     
   7.9021982909226027        1.6167587515781279        3.1638879709306296     
   8.7092120706532103        2.3908164343540643        3.1578934350827095     
   8.7240584384385969        1.5917856577418688        3.8857149108041167     
   7.8956127003716077        2.3536801526844662        3.9238054084321603     
   7.9713157043769431        1.6786262055603802        4.7605480292520026     
   8.8303855514002372        2.3957144536933339        4.7064580461859755     
   8.7792072029445816        1.7089301542780027        5.5815803328080884     
   7.9917828816956895        2.3784315873034467        5.5895587888179810     
   7.8945487733818398        1.6085659959013210        6.3530292988725083     
   8.9142084317368777        2.4920879716667796        6.2504973880949040     
   8.6421295928857234        1.5055708125470482        7.1538948284350612     
   7.9189009364488614        2.4200062188423273        7.1336222865904677     
   7.9209916815196522        1.6045786696643110        7.8795557787983119     
   8.7077361228542163        2.3773345351899584        7.9649903691290938     
   8.6847199684381025        1.6019186459409214        8.7116484267616716     
   7.9546817270962507        2.3938203479424178        8.7875810283158380     
   7.8487876378099024        3.2109359745814676        9.5008003748711136     
   8.7245442749476876        3.9923646798553309        9.5181297341744351     
   8.6519454639784517        3.2473026960992488       0.76210728130018124     
   7.8915931092490270        4.0022897521126994       0.77700458071397627     
   7.9413923304827403        3.1773342321215545        1.5924996831820941     
   8.6747370692269730        3.9937831453299579        1.6155217050017265     
   8.7271123413350207        3.1582954999341690        2.3438070396075528     
   7.9043184619012949        3.8639492197566008        2.4381889484572037     
   7.9405935941572068        3.1511095852025566        3.1999731483894460     
   8.6548607991896578        3.9180665377289428        3.2689244498511005     
   8.7456656538192608        3.1313911627665774        3.9639526470977042     
   7.9983015554582408        3.8933989786095720        4.0046930185175453     
   7.8959026358660171        3.1327067562223316        4.8392500699083554     
   8.7091703993676663        3.9782077627108379        4.7513785153522887     
   8.7690958405380997        3.1658610937747178        5.5060360012318954     
   7.9588660620722633        3.9871056974482553        5.5315821766173867     
   7.9149418910094873        3.1225999803201403        6.3584598710251630     
   8.8511234560755359        3.8792889473642269        6.3090670509592943     
   8.7272105388882544        3.1064249380874145        7.0767494136893179     
   7.9647025396223068        3.9009782432048983        7.1006824480201587     
   7.9829919375997278        3.1435980121587943        7.9980171661320734     
   8.7631791751274495        3.9233596277916289        7.8995403214122106     
   8.7876897806319096        3.2108746369687662        8.7715639027725434     
   8.0071742842152158        4.0712181098707108        8.8103758637259553     
   7.8525521218076637        4.8607987202399077        9.6359271607560928E-002
   8.7919796109517545        5.6268130000234269        9.5214918611631685     
   8.7160256432514487        4.7715920272252355       0.72483455465928348     
   7.9237481280695867        5.5887371918770707       0.84865891386681269     
   8.0163459203537766        4.7028603840298233        1.5223766534162584     
   8.7597798849122803        5.5516188844606447        1.5899735744683248     
   8.7427620529412131        4.6673003971807967        2.3984293942340900     
   8.0526587578520665        5.4803547281669429        2.4062555219678550     
   7.9682015160395920        4.6730318813727836        3.1885710348389917     
   8.7827855384268521        5.5336046512760673        3.1968472488808022     
   8.7512935669705261        4.7252935915789163        3.9632430020047016     
   7.9689870582815265        5.4279293741316987        3.8882360456800136     
   8.0564559062590426        4.7846301843131176        4.7925176853138227     
   8.8408234182543914        5.5580408523232654        4.8595730753639508     
   8.7253727584206899        4.7219096500650988        5.6577655676420697     
   7.9351150175714373        5.5159306622614910        5.5707758900012907     
   7.8674043981232664        4.7533145845531664        6.2674641708899577     
   8.7638880805535795        5.6076446914690532        6.4034323645938018     
   8.7593608516448533        4.7192328741512535        7.0778103396686820     
   7.9780158828105803        5.4894013859397743        7.0852866320977279     
   8.0253607425988598        4.6571490310457477        7.8977639308895764     
   8.7238128462901496        5.5852429135452244        7.8308341996863318     
   8.6833549713635136        4.8043120021532859        8.7351082056719687     
   7.9297293871523582        5.5670600200081681        8.7440515459499792     
   7.9617360247180047        6.2894590101372012       0.11850100996953017     
   8.6760840643764183        7.1186798786906493        9.8387973425790781E-002
   8.6482781306346084        6.3233814701432776       0.85458977327260466     
   7.9102372531591190        7.0868788751136780       0.86655077349625564     
   7.9380403047547654        6.4107197524555772        1.6704565196501391     
   8.6865386170371774        7.1018270939003285        1.5734337544221861     
   8.8404134841122897        6.4840492937655689        2.4671835861838001     
   7.9468354283659064        7.1394649851505845        2.3919376564862924     
   7.8944680835229502        6.2647766679148154        3.0475051244250255     
   8.6957380286061756        7.1770151512782991        3.1466785754440476     
   8.5680876077453760        6.2742593893941514        3.8971142019864153     
   7.8715167185379444        7.1036184994633267        3.8973841109468053     
   7.9166999386241876        6.2585468753395874        4.8122284696968087     
   8.6838027359014447        7.0351137037940070        4.7321906674310190     
   8.7042376890679574        6.3039481229136243        5.6029808146765063     
   7.9443668621834647        7.0334538228791272        5.5155442282774816     
   7.9070470225447220        6.3149799459980844        6.3305290684350259     
   8.7049754758348019        7.0867096588206939        6.3556886871114449     
   8.6991572853726726        6.4021622575706951        7.1603671979664396     
   7.8981939134601573        7.2092356114699934        7.1124284168204319     
   7.9037425096237088        6.3620726478886711        7.9120594393730830     
   8.8112715465694400        7.1987437376462635        7.9241941180943867     
   8.7475506354143562        6.3405892766758756        8.7535585601052563     
   7.8642452125067424        7.0690830859579084        8.7776223863938529     
   7.9621338743562768        7.9317772400795139        9.4749232441650992     
   8.7176159081605586        8.7065117501624307       0.12002548653717769     
   8.5804561917058706        7.8832802286310821       0.89297023867100089     
   7.8288234932086089        8.7055949178055378       0.82616138822148599     
   7.7565375671343544        7.9761094350651689        1.6127333453863157     
   8.6774458843898294        8.6862749221019939        1.6141024678433982     
   8.6891936980700741        7.8288608959984973        2.3123442803204717     
   7.9105850262560242        8.7367674358823564        2.3791665690957182     
   8.0221115702855634        7.9637071393590535        3.2038060352468776     
   8.7203072473167751        8.7682899713341076        3.1322635368191034     
   8.6300927586208527        7.8857165102682334        4.1113816111144672     
   8.0146510125118695        8.7338716566423749        4.0341712761639545     
   7.8848891017426697        7.9768551476925120        4.8772408288361593     
   8.7024588597070309        8.6891198883303247        4.9128844440859085     
   8.7865573404620854        7.9115124200824720        5.6642718482623398     
   7.9602147007036796        8.7375075077033024        5.6044724322488255     
   7.9162654784777962        7.9217241406896255        6.3264307695754152     
   8.6946495771659720        8.7430163554451035        6.3449522811540531     
   8.7256935181251354        7.9787601164013342        7.0561459708785472     
   7.9199103864048377        8.7544883520421894        7.1355922843544519     
   7.9585909322194155        7.8371607131546481        7.8768745084624712     
   8.7560532177675121        8.6689280178770183        7.9359556919339393     
   8.8509571832479796        7.9089451401074307        8.7435808211600481     
   7.9503378561168985        8.5843086493711578        8.6134655452136020     
