   9.4851656888911453        3.1080372613962456E-002   8.5740027663035789E-002
  0.74165774289343678       0.78106322036769804        9.4322882512383313     
  0.73410680207309364        1.1436691865381533E-003  0.77321414640209529     
   9.4597622697470722       0.87153680938487943       0.82524035495528747     
   2.7565508625952740E-002   2.5001458783092678E-002   1.6415751588263972     
  0.84280771356803819       0.74912965217195426        1.5487540128093902     
  0.80052440358310284        1.3444507470514074E-002   2.3824383650281855     
   7.5687653556465520E-002  0.90554281280988502        2.3733505199731502     
   1.8811773490173010E-002   3.2916255795241475E-002   3.2651720976214440     
  0.85272538551807164       0.83986455568910368        3.1820860835764218     
  0.83275523111297944        9.4771425240011968        3.9376989844672567     
   9.4972076489763868       0.73316973025587207        4.0995715624721480     
   8.2961252057447046E-002   9.4815425811627332        4.6995979742753722     
  0.83572386428162648       0.77045841480872357        4.8606439805875832     
  0.84025224300851686        9.4741669832028208        5.5743083512957998     
   9.5222783832601312       0.67576694375205004        5.5549160124904082     
   9.4716010098690155        9.4481634402400321        6.3208730461194369     
  0.73873150077772898       0.72751741975637385        6.3885125353241010     
  0.75908647694676079        9.4021577822652311        7.1999796906557298     
   4.6005840823896728E-002  0.63253059257366706        7.1865703520898654     
  0.10430133419607776        9.4557061498430528        8.0211186946447750     
  0.77492905313498084       0.81907673053518537        8.0051052415604396     
  0.84921668506411863        9.5087473839392729        8.8053701293641655     
   1.4671659138712741E-002  0.76795597463099363        8.7267847029819841     
   9.4767245973827183        1.5582887207167124        9.5186079187432711     
  0.78524299189313784        2.4957770297242634        9.5204189895218327     
  0.79098100647967506        1.5339127659850031       0.82740673734619485     
   9.4853029464791785        2.3690655128724916       0.82654556240394117     
   9.4925927023431544        1.5635605319304500        1.5961299949724261     
  0.76234310260215699        2.4342525048150319        1.4525368567887580     
  0.87760152342977238        1.7244274931448105        2.4511084880326535     
   6.1527710300023707E-002   2.4459834872685167        2.4184040614859676     
   4.9192850150881297E-002   1.4681633545925239        3.2974725834035992     
  0.78943528684621289        2.3875238748453675        3.2747478757907227     
  0.72535154045666916        1.5011137832254702        4.1579446757145719     
   6.3302799266391069E-002   2.3528162783328579        4.0288895281807022     
   9.4231679664905954        1.5868409269661483        4.7913261213785816     
  0.76028871257577557        2.3824419884011299        4.8199429316962874     
  0.77041039166890968        1.5391483170776652        5.6926152537891248     
   9.4767678032943863        2.3764516034459970        5.6122264184385271     
   1.7708534082536372E-002   1.5838795647553936        6.5128408506187929     
  0.70574434782853401        2.2998658106260486        6.4486237241412230     
  0.82348262874853595        1.5237587904864245        7.1790155646531133     
   9.4961253911616339        2.3524614396782675        7.2140091530552199     
   2.9765036316127835E-003   1.6346928587951721        7.9224768131801779     
  0.79585483965170567        2.4458279101570262        7.9781324434341752     
  0.78035384131228780        1.6316042016254568        8.7858229625635094     
   9.5207397217008456        2.4410100292580474        8.7540153448602833     
   9.4558431703335106        3.1384582452812997       0.11523261541113783     
  0.86915901285044594        3.9356363310799116        4.9216000745926393E-002
  0.80208972577089099        3.2745477429224068       0.81444948498290948     
   9.4650214756050648        3.9990316985244667       0.84321602985007360     
   1.4186301151633026E-002   3.2043176539399689        1.5693930765060715     
  0.76953759701899715        3.9890097950011136        1.6442944703323092     
  0.81906352609764577        3.1529804052840897        2.3437362491014340     
   9.5127274232228292        3.9197986970255325        2.4156204139208337     
   9.5071694293203919        3.2223427852118585        3.1807597865504063     
  0.81426485094511492        3.9821904413553102        3.1163653376713634     
  0.82490490107502179        3.1646960069448298        4.0223158724186714     
  0.10567087528590094        3.9550520171026724        3.9364646439215241     
   7.0972179363709429E-003   3.1767761292704155        4.8331685007945735     
  0.78971491266971916        3.8796169851393527        4.8803738982279841     
  0.76859783602593479        3.1806502908512932        5.5910696038266030     
   9.4052501150628078        3.8631460665316073        5.6571001984770852     
   5.9137206059860746E-003   3.0988225102303346        6.3927823969906319     
  0.70328392685267427        3.9459863235132615        6.3068907763001318     
  0.87421491106899218        3.1302203851957779        7.1787817864709984     
   9.5210966017757421        3.9058728668024982        7.1157039400597375     
   9.2635553877348249E-003   3.1702192927313928        7.9393562769589581     
  0.70527173923108277        3.9394934427482129        7.9112929706055182     
  0.94172029819246361        3.1151291934282677        8.6801220684327589     
   9.5108681295665036        3.8709539375474242        8.7763165263304703     
   9.4918120696282546        4.7008950520296375        7.6476445781074931E-002
  0.74436568659110214        5.5490287058171415        9.5241748456282824     
  0.78131361050931136        4.7436386634810033       0.80888656688057103     
   1.8800615586218831E-003   5.5620700117567763       0.78359224680834394     
   9.4377906886230249        4.7991131633829633        1.6036893438113735     
  0.85621939147298631        5.6743927247902439        1.5966822422514246     
  0.79014339102043007        4.8532975218610082        2.3700128972824626     
   9.4642489315876741        5.5889176724448868        2.3027944246941670     
   9.5189187515185445        4.8156784449237797        3.1804598889341604     
  0.72385835253809061        5.6210828366025867        3.1863010122029372     
  0.84602150813380905        4.8385398171406857        3.8697228403068342     
   9.5170026825111265        5.6641319070873193        3.9516253304967690     
   9.4575657608358377        4.6639667310376591        4.7344923638263001     
  0.88801722475270817        5.6865635913403230        4.8025629085717814     
  0.72556920940737279        4.7813304416520275        5.5010255600015645     
   9.3844816640203998E-002   5.6285166549122314        5.5416086619868885     
   9.4834425183214801        4.7284891058408203        6.3993206124707926     
  0.70456957919851948        5.5070218825084307        6.3405565562384743     
  0.74104334601157407        4.6581747496905512        7.0984355101833474     
   9.5030564761039802        5.5821159816256616        7.1255414322323887     
   3.1565377698815233E-002   4.7459494109324734        7.9141969945306938     
  0.81112402133038586        5.5726700580243902        7.8986817484744050     
  0.71600740084012848        4.6900189087271489        8.7884620870372157     
   9.5045787316481789        5.5446537024814573        8.8008048070883724     
   2.5936431366641303E-002   6.4073483843799259        9.4850085481516686     
  0.81189861014457276        7.1855918293994883        9.4450148174670243     
  0.74976299069040542        6.4285622210747233       0.77710593290497587     
   9.4984732136646919        7.2329052047840516       0.72282919394903544     
   3.7940373596925120E-004   6.4711069289446970        1.6130318613687418     
  0.83987745088212362        7.2945347318136156        1.5877084864149633     
  0.79282347980844070        6.3470487145938916        2.3569148584065158     
   6.0362749780601084E-002   7.2311191502142025        2.4246734891537645     
   9.4679555823698358        6.3630764942592579        3.1549623085355187     
  0.84765803692593866        7.1273659452011131        3.1773392800897331     
  0.90690163055196493        6.3941664052580780        3.9283711646336945     
   2.9265162820157772E-002   7.1404634737630079        3.9717959176047768     
   1.2321106015111447E-002   6.4703538940252967        4.8085862697532455     
  0.80781266431421739        7.1785896763812200        4.7171770721969990     
  0.86155031373169078        6.4780254725099411        5.6007716471810767     
   8.3193127542388529E-002   7.1859651579446524        5.6431604927512744     
   9.4573321610406094        6.3766940513790482        6.2896683418569852     
  0.79889595868171692        7.1494401274219355        6.3944901937894487     
  0.76045459735538357        6.3910366458475449        7.1602205045505993     
   9.5127697374491547        7.1815678645258112        7.0417746514115764     
   6.9160056778474227E-002   6.2811894917837519        8.0340024059968691     
  0.73062002333840881        7.1628533678457122        7.8642571642438330     
  0.87201325836538102        6.3939380668245471        8.7694889745078068     
   9.5239543506642033        7.1310653728719888        8.7496202764792113     
   9.4841168800414337        8.0004422334543719        9.4712725740238728     
  0.69878000112985472        8.6852775153030475        4.1850150791904210E-003
  0.77160963405398841        7.9320532808346407       0.75416136999797856     
   9.4434384261777851        8.7346629838526066       0.77594696255315665     
   9.4628514843745695        7.9276863621871829        1.5797772136292518     
  0.74697181865602247        8.7904559942286831        1.6392770107260328     
  0.85241554875711845        7.9246775778548466        2.3964815580640009     
   9.4838070309350933        8.7583574717922321        2.3302047416282861     
   9.5006799697246684        7.9630995387926422        3.0987246752168787     
  0.84255014342630030        8.6535801407567998        3.1748644571354321     
  0.70304680421866828        7.9988700166864515        3.9332150670635424     
   9.5056227472970569        8.7414152829110066        3.9659959329929175     
   7.2492749740560025E-002   7.8866316085453851        4.8053984058684662     
  0.86301051066011125        8.7428761633699370        4.8441627056262648     
  0.86094937651896852        7.9878880579908271        5.6508135478939225     
   6.0558475329444160E-002   8.6387508425965418        5.5477107105384418     
   9.4785291640148319        7.9634347476868239        6.3395729940260157     
  0.91639759123707676        8.7781970577519228        6.3524708111676729     
  0.78934478179782230        8.0498622459662244        7.0730123410984165     
   9.4862021002848298        8.7300667143559760        7.1578309925747545     
   9.4609825474786930        7.8535711582681049        7.9496828756438793     
  0.77572339223130404        8.7071841552015616        8.0162179290514413     
  0.74000360394838716        7.9361183515789397        8.6551212359808822     
   9.4853937869419749        8.8100082020975279        8.8023607801106305     
   1.5366357504238373        1.8452879563853188E-002   9.5207113698760253     
   2.3971912619475644       0.86847748599148000        3.8587918921839638E-002
   2.4220170580266474        3.1215696243923535E-002  0.79591202450438714     
   1.6006836316784889       0.72040446327950247       0.80597515734160408     
   1.6082622875398482        6.8428254071858886E-003   1.5846109100421297     
   2.3263008223212029       0.80559990385735369        1.6507758400552304     
   2.3480061136422217       0.16693943652610693        2.4316392926073620     
   1.6196924608768004       0.91897472651470113        2.3839822662513801     
   1.6115803022739910        6.3564977184540017E-002   3.1844909526616529     
   2.3334621562064162       0.76318653556946114        3.2270095895054993     
   2.4884462384103228        9.5044295029670263        3.9463370495297498     
   1.5741933299968782       0.75434396126953418        3.9777436499729331     
   1.6608087476310254        9.4957020760187500        4.7952794208607887     
   2.3490190749911974       0.77586001947119421        4.6672886360718655     
   2.4440573214233239        2.3548849344596383E-002   5.4988299744338951     
   1.5876446271441833       0.70136322316005284        5.5845306549406599     
   1.7042000265600517        9.4710731964886303        6.2879904341802124     
   2.4089354629599558       0.75849694472191265        6.3271773105230968     
   2.4015752094231364        8.6575225848325069E-002   7.2285707276267601     
   1.5738630585232265       0.66883561836604566        7.1612129837095733     
   1.5277471995060516        9.4924805246368944        8.0279643565915642     
   2.3518357732930055       0.77714781417425371        8.0078798739292676     
   2.3339154605769736        1.4742888267695237E-002   8.7093512780032434     
   1.5129795711574867       0.84505867076910879        8.7641471034577574     
   1.6292387322759789        1.5967212051312536        5.4531022530957277E-002
   2.3310968237187986        2.3325467722320150        9.5136305041695692     
   2.4507569334367627        1.6708309098320095       0.76171716541225409     
   1.5963163367876236        2.4028892609953338       0.78096984616578624     
   1.6315972301689572        1.7633860305488083        1.5642581424740098     
   2.5402501926596308        2.4373852190043332        1.6065559932652775     
   2.3776958147166574        1.5754839456439285        2.4206917550965446     
   1.6494231467654912        2.4181077760956802        2.4188868505902916     
   1.5966772345423839        1.5457102765243973        3.2766280801332592     
   2.3148349491644837        2.3584224867100589        3.2017882879700985     
   2.3776848335616756        1.6360138997812173        3.9855293062175958     
   1.5784311176545549        2.3896619397191636        4.0154484233956396     
   1.6205968741960446        1.5462720336657916        4.7750927233432119     
   2.3279855630011728        2.3651037172063920        4.7501654099021344     
   2.2332670327996076        1.5194936514921715        5.6085390693955546     
   1.4852685286239067        2.2842348376382908        5.5703506475704287     
   1.5640682325864372        1.5039174765060550        6.4051063028444544     
   2.4236450990067517        2.4139587619500014        6.2676506163758861     
   2.2874187820088752        1.5919258264358345        7.2373793699214390     
   1.5520473441338849        2.3461167418785736        7.1060804819201664     
   1.4909891693293416        1.5795613269831601        7.9763808976222634     
   2.3222929626801041        2.3618423970768232        7.9009613953054032     
   2.3828570410379806        1.5524234640783832        8.6338049091708786     
   1.6067330594298388        2.3196170745573803        8.7080266993773616     
   1.6245193033423668        3.2045082817766919        9.4652204156842359     
   2.4134471419754573        3.9913671767312162        9.4549944036255109     
   2.3624514416560873        3.2209573613251892       0.76103293187446297     
   1.6467552330279067        4.0011781497375187       0.81324563774953029     
   1.6945124269385297        3.2178413757382311        1.5687086210392209     
   2.3984794812357992        4.1035379560721310        1.6110192521782667     
   2.5324465814344448        3.2458207587376133        2.3980723965201216     
   1.6148017471622764        4.0052779244218826        2.3406046173122710     
   1.5337537693477035        3.1304893369739322        3.1033791925946197     
   2.3592290308700363        4.0304060908633899        3.1673031528257463     
   2.2618129949210024        3.2004461028054774        3.9435951186607650     
   1.5036888991660213        3.9741616308173238        4.0446199704622261     
   1.5935964913034704        3.2119027525197685        4.7805655280505395     
   2.3442940884992964        3.9663634450189793        4.7311430667645178     
   2.3772944547549573        3.1713640791054796        5.5073119987291745     
   1.6077835892593864        4.0343586161713052        5.5764748250769767     
   1.5965772600262387        3.1994862031599287        6.2650364124942950     
   2.5006524948451703        3.9759358638248457        6.3658393574407679     
   2.4659580329183326        3.1913258776609901        7.1219740007707353     
   1.6001151231107098        3.9971308054112678        7.0249790319279652     
   1.6109409432837287        3.0784828821400310        7.8418429983548510     
   2.3324106787423822        4.0200692126548399        8.0444490048876389     
   2.4007061007669241        3.0731012824243473        8.6907494778440135     
   1.5140619603215555        3.9983849299382834        8.7206901611680543     
   1.5831232843878251        4.7370859639496450        1.8406809263442302E-002
   2.3499682075635371        5.5034808071008507        9.5111428638120774     
   2.3034510982423955        4.8407554805062496       0.77194091689357658     
   1.4982273774173567        5.6727884567219133       0.79467993522279778     
   1.5489124294543708        4.8327815296922498        1.5619115738455005     
   2.3799261064340143        5.5459663881174048        1.5693527781570014     
   2.3974315837421609        4.7752164298595341        2.5105521161344448     
   1.6620212320291108        5.5643958273554155        2.3614867143070035     
   1.5569220220271534        4.8495184108072271        3.1031101791745406     
   2.4089344180147445        5.6050495481707445        3.1437560674192651     
   2.3618370577178549        4.8061737577725570        4.0030034775511361     
   1.5938514703380122        5.6040349355189925        3.9713457916696848     
   1.4893288193968379        4.7844416957586935        4.7882240127546902     
   2.3020196291766193        5.5928694928459608        4.7336924882619531     
   2.4150199501626406        4.7939584866803111        5.6150234095131593     
   1.5209453020617849        5.5738790177949991        5.6502679444707562     
   1.5777960950408869        4.8071103478583819        6.3229427082043435     
   2.4410000928833955        5.5892357996623829        6.4005938950631398     
   2.3562835563754980        4.7243381257973356        7.1099574190890289     
   1.5143878536191171        5.4609163228296014        7.1392438106268044     
   1.4441661044374092        4.6943137297674129        7.9250948263173644     
   2.3381189343211388        5.5293836713279303        7.9306960531781128     
   2.2965422669914184        4.7851560429950082        8.7336323983741728     
   1.4931966405400507        5.4850837891567803        8.7166999429148309     
   1.5813990903407420        6.4431596153455502        5.9764901479653229E-002
   2.3099197208340883        7.1976873922195086        9.5218554121767713     
   2.3620998174737640        6.2919488630394218       0.85534447878468989     
   1.6754349764565144        7.1898912555608367       0.88000946877892605     
   1.6083064041562256        6.3074909062745972        1.6402330058726069     
   2.4931940969005910        7.1830617243223580        1.5498609706818116     
   2.3706820438647083        6.4582245627519850        2.3500214918467250     
   1.6219925841559546        7.2801527385166578        2.4305719122466813     
   1.6117698088525598        6.4319726171490101        3.0720546527141259     
   2.4443928847279461        7.1632516879720702        3.0943114762711477     
   2.3893646723731430        6.4328494617300569        4.0782946498873631     
   1.6391197150407588        7.2137205576858223        4.0247934408231556     
   1.6882731087720004        6.4913556412131932        4.8870656909883579     
   2.4253300362619217        7.1738871927489756        4.7781972552844598     
   2.4048099977359367        6.2840028458137756        5.6418161768555706     
   1.6081709235964250        7.3444014558745412        5.7350066037701426     
   1.6483767314103717        6.3534972977581328        6.4254115350777470     
   2.4490586981285909        7.0526626786193587        6.4256639211308126     
   2.3352690395554188        6.2913812980314638        7.1053023356767877     
   1.5666498257703674        7.2805778586750582        7.1547165252879434     
   1.5870518225994017        6.4423029696581144        7.8119664676165836     
   2.3712400581026847        7.2218176406635894        7.9544169163872134     
   2.2705774473570211        6.2469911375982603        8.7528552439373204     
   1.7021957741698683        7.2155236174694437        8.7392071952415833     
   1.5559421268275739        7.9244696108952697        1.4845183360685427E-002
   2.3441853002243094        8.7921236329998447        7.4328592339974742E-002
   2.4249635041137214        8.0806489303485716       0.81367510298605228     
   1.5809757918734928        8.7891714308517912       0.81568844354282821     
   1.6747092550538238        8.0595102992153311        1.6137151523826274     
   2.5195332455493791        8.9440767691392917        1.6554082418060894     
   2.4343965634396154        8.0185821701601174        2.3718960803799374     
   1.6342573947125982        8.8150147553908642        2.4379140698944268     
   1.6814706512953197        7.9457675409057993        3.2226517483207147     
   2.4776222981375322        8.7823909836600809        3.1631323851330300     
   2.3387000181063633        7.9669972436804839        4.0548111750566180     
   1.6006801394509329        8.7740831636153942        3.9959503408813362     
   1.5538516401656537        7.9806673519528353        4.7235030759035350     
   2.4457608550973329        8.7585606792844377        4.7635322539527554     
   2.4503774748528011        7.8994455406926960        5.5679977286421520     
   1.6597644715780733        8.7376591360613265        5.5191533389710354     
   1.6918528662705132        8.1217626768239430        6.3746283009511320     
   2.5008183601317042        8.7707334421241043        6.2700244570670884     
   2.4667595709824623        7.9521401087548682        7.0830141189801266     
   1.7140052216388610        8.8045292658082399        7.1337103497331835     
   1.6616259068922699        7.8922219234480391        7.9437293641823521     
   2.4328251083519468        8.8142871670444141        7.9138213102579948     
   2.3416117609815204        8.0324207643771004        8.8332689901385244     
   1.6132208134540178        8.7485150499731699        8.7106267451336752     
   3.1542994042436998       0.12141152132203463        9.5119018589288906     
   3.9394007638628610       0.82253147702122142        9.4533649941850886     
   3.9494907907096803       0.13992377179736962       0.72077956677150801     
   3.0802558622892975       0.88285162668761685       0.83197011083610106     
   3.2488825189239092       0.15547034634016502        1.5561409515518203     
   3.9656560900269566       0.89288172624473772        1.4885671398842333     
   4.0340513886667368        9.1216042970181863E-002   2.3769887536164367     
   3.2085247318313486       0.86592936347987082        2.3481959411223370     
   3.2058161735775292        3.3883417900540162E-002   3.0954526490618872     
   4.0175506799053951       0.74089188144336415        3.1561966996161650     
   3.9328402061320795        9.4917448607876658        4.0159711514939147     
   3.2286876271686675       0.74074290680537291        3.9216944255553616     
   3.1537911188752710        9.4817622459690298        4.7433683394788160     
   3.9687843486983709       0.76007539450542061        4.7536215225105805     
   4.0099018792910410        9.5176718999382324        5.5103820606055161     
   3.1876765601123984       0.77947361786661373        5.5825887118699882     
   3.2015402162262783        1.0014322635010058E-002   6.2820372325941500     
   3.9937627691224291       0.66361376747127265        6.3116380298298003     
   3.9615802286109947        9.4973502384823281        7.1285925607054104     
   3.1512063817385960       0.77693118303613307        7.0860728823956380     
   3.2196109142647504        1.6549943114432870E-002   7.9859291621467277     
   4.0446861448761142       0.77514562490602135        7.8669140052262954     
   3.9380922958963107        5.1184176342034850E-003   8.7734423135670898     
   3.2175430000966139       0.79501957079236729        8.6853830668005827     
   3.0861654095767284        1.6790146064501630        9.3252870018955019     
   4.0136257277709131        2.3578767103834131        9.4970340221314267     
   3.9418487359077936        1.5518432589103601       0.67503954842521996     
   3.1942219168896862        2.3337741558807403       0.71539177998350445     
   3.1588036264075989        1.6224890608627314        1.6438451649286110     
   3.9161281386897273        2.4082530802463631        1.5431610178199304     
   3.9858035628726807        1.5136891173365616        2.3535206216992526     
   3.0383320463385979        2.3725096263652987        2.4608114856370298     
   3.1934796832695298        1.5675468083780557        3.1524053152106797     
   3.9424139782409018        2.3581231781534671        3.2052597970986656     
   4.0451541898478709        1.4865883894072853        3.9797406504628103     
   3.1184801756842369        2.3838343700564750        3.9998409872046912     
   3.1768257315002866        1.5059016347256307        4.7206364869235777     
   3.9905148297746460        2.3574387510005139        4.7293820789103487     
   3.9126487935947041        1.6302983832346798        5.4818123986007059     
   3.1407746509573369        2.3952674376346290        5.4772442458869284     
   3.1523859099477156        1.7063728881889382        6.3022434890005057     
   3.9533957057395823        2.3403143856442910        6.2354607947918206     
   3.9601333492443982        1.5504989050712152        7.0091092914649868     
   3.1150692661891086        2.3378640422127561        7.1280701578601642     
   3.1845127423013446        1.5163405086769677        7.8440260614259989     
   3.9674138262806427        2.3686991184067852        7.9286433388685227     
   3.9737291959923451        1.6113950179533478        8.6482674174103025     
   3.1699592596517081        2.3388783205412778        8.6358742480289798     
   3.0409679775757059        3.1336361138975120        1.1771331752266356E-003
   3.8992803673648679        4.0510947180116172       0.13572519417170892     
   3.8929145624946724        3.2217819355857822       0.74256820169007809     
   3.0311567527031715        4.0084931513369826       0.80531334951880529     
   3.1501021949229728        3.2895589473555127        1.5203222524284883     
   3.9663532461544881        3.9626908868482293        1.5887959534764209     
   3.9036671065736175        3.1333900253222917        2.4057506135977875     
   3.2012228988865781        4.0951234738889513        2.4110068238703115     
   3.1016954953853957        3.1167503240657290        3.2248214840053806     
   3.8987619935591269        3.9198071791200837        3.2104053008386493     
   3.9724066579045219        3.1186630411295253        3.9187199710301810     
   3.1292954634767933        3.9979326807177000        3.9165410755890981     
   3.1292063393361653        3.3063431226065041        4.6088403903778499     
   3.9441333570715509        4.0577330423748457        4.7686733215503416     
   3.9254159227662235        3.1860326389668812        5.4120122389259269     
   3.2624447747777281        4.0073879205431941        5.5972874817772711     
   3.1782551976867515        3.1452868593643140        6.2854405907259059     
   3.9012429063407588        3.9556292597467060        6.3775918114452397     
   3.8592459470553089        3.1068828191789337        7.0957890157505199     
   3.1983974546700109        4.0198214341391081        7.1217761904110910     
   3.1855024069570068        3.1969356399506377        7.9164127323814499     
   3.9680580293794732        3.8903436135699647        7.8428884085320787     
   3.8834929135540937        3.1761388807433715        8.8558505630121189     
   3.1564244224973903        3.9123394725522935        8.7019826267692064     
   3.1570216415729595        4.7985742879383828        9.4967043470249113     
   3.9851106682882285        5.5469201662415069        9.4737063560894867     
   3.9487665849032201        4.7905316571070369       0.86496158019022995     
   3.1330341708052081        5.5984074223648719       0.74517644357660728     
   3.2451877555985655        4.9012106031170388        1.6010813139943734     
   4.0049059495495918        5.6052822181112072        1.5885585345786830     
   4.0268532621660516        4.8294419167236970        2.3312937660472883     
   3.1857608421985293        5.5590486756270208        2.3536967601580034     
   3.2863343525912283        4.8087462121596243        3.1614413397333840     
   4.0338768521114075        5.5386672094053360        3.1493865718229515     
   3.9835460829777367        4.7881477112554727        3.9670413260600514     
   3.1092247302873854        5.5193561822394734        3.9601798720676125     
   3.0428611596294157        4.7475098801648636        4.7696428251657554     
   4.0666965385298868        5.5061605337270052        4.7530585993659367     
   3.9731855587528462        4.7499080850529705        5.5725469445511235     
   3.2341103490333318        5.5788090612941597        5.5267308381682119     
   3.1864264037760255        4.7432390406501854        6.3650456515188036     
   4.0011722437944366        5.5504184938709260        6.4357427351683922     
   4.0201391389013788        4.7928225330640100        7.1373033205398499     
   3.1572208379461659        5.5370871367020023        7.1734900262927770     
   3.1596598567532315        4.7866185544081921        7.9034456674811224     
   3.9954355075287791        5.6100753916746777        7.8794623507342321     
   3.9232401435846418        4.6027456537359930        8.7475356415046246     
   3.1743679399004932        5.4769368058499976        8.7409900500476798     
   3.2115882984999358        6.3262692885041352        9.5038437238184841     
   3.8868344063699691        7.2544200299828052        6.5399801081689191E-004
   3.9396776159100777        6.3505396422146774       0.82373132783943237     
   3.1391922992062713        7.1469549782323423       0.76970704962236947     
   3.1710963890641439        6.4093945259843199        1.5724749324555716     
   3.9415173865706552        7.2185172771181634        1.6007804963511285     
   4.0407636169058296        6.2819834700897230        2.4291232777224301     
   3.2158908553369363        7.1704699037614610        2.4228229090464040     
   3.2731026199594253        6.2293899074893524        3.1776592716557737     
   4.0690998632286099        7.1649149793500886        3.2508247762046243     
   3.9992468463653008        6.2279401540513151        3.9262370413487346     
   3.2923277311964640        7.2091463597306520        3.9304145789705482     
   3.2162985680732414        6.3781295588827458        4.7182768449729640     
   3.9653044338303034        7.1232164909050431        4.7257690563003516     
   4.0266819257704416        6.4837953150837011        5.6185423112692217     
   3.2496094801134650        7.2040883229971922        5.4154874671950299     
   3.2893255882974777        6.3323156587646361        6.3407329110709307     
   3.9852944451617622        7.1626007621480214        6.3733037032760302     
   3.9305940642328907        6.4458752399550798        7.1673536964779734     
   3.1389225882487581        7.1914820713813397        7.2455253226234655     
   3.0372295530188134        6.4330570118434034        7.9835228920443404     
   3.9668062278026057        7.1666156623015329        7.9298803856030720     
   3.8884953534387576        6.4149674271692030        8.6292160892764507     
   3.1596515279341477        7.2339202350248746        8.7452091723245200     
   3.1970698190378024        8.0947474792131580        2.0721640374139465E-002
   3.9364215515334591        8.7857237395811865        3.0479543346154634E-002
   3.9574079128905320        8.0201980727678279       0.79787164901988750     
   3.1861196370401945        8.8535350682105296       0.75833529964049817     
   3.1140093917013010        8.0603785789008331        1.5813198807076743     
   3.9398086062548345        8.8314271028135707        1.5646067930956498     
   3.9344191340374741        7.9643691538642152        2.3327878017623980     
   3.2815739217439366        8.8351155996698285        2.3825151327047140     
   3.2049144405033960        7.9328334966601854        3.1859048849999771     
   3.9690451538041600        8.7608375818788478        3.0969206704952663     
   4.0128010603393083        8.0176651269302841        4.0433986595962086     
   3.2240577875655418        8.6873231329195661        3.9955712261765477     
   3.1804472551393510        7.9629683087543732        4.7324530199005803     
   4.0021074341750857        8.6751653895160619        4.7868273202908229     
   4.0159328118543991        7.8701255815767954        5.5344204970783757     
   3.1948945221374232        8.7661423778178911        5.4552948719998815     
   3.1757078710919511        7.9223877301296790        6.3273443641680984     
   3.9745523055310348        8.6818905564366826        6.2434043562669936     
   3.9384798345722509        7.9374638036414620        7.1510359505061647     
   3.2402389909401039        8.7575907607459609        7.0562022442578050     
   3.1442459673831453        8.0087175549247380        8.0220560649533628     
   3.9870625834651152        8.7502335720991233        7.9536987034465598     
   3.9231706497528194        7.9797501978604677        8.8356404112600035     
   3.1000315531379483        8.7919902026040209        8.7733503494297462     
   4.7711952581798860        2.9273583416312688E-002   3.0209117131841812E-002
   5.6096778591552017       0.83640195200442058        9.4976839519912488     
   5.5445672791680307        9.5099006275741296       0.77606425002075496     
   4.7921405109509800       0.93299453783187625       0.78528796362386233     
   4.7160205244690498        4.4319443178709991E-002   1.4956143571766367     
   5.4807427657858483       0.83373824082322545        1.5153807127927967     
   5.5597528409746895        1.6357647630747896E-003   2.2813718418611719     
   4.8251740802216894       0.74439480410452552        2.3229019756226421     
   4.7908260659428450        8.1034387627987314E-004   3.0981610760756335     
   5.5236270946762831       0.78467057927147166        3.0788897963218642     
   5.5157936055437498        9.4825302600653263        3.8534377476572970     
   4.8427176391534097       0.70202183349291258        3.9092687355232458     
   4.7615244611396790        9.4991068341681739        4.6884521717400798     
   5.5810424521788660       0.73466407791642774        4.7936739023092070     
   5.5341914322902879        9.4957488230991220        5.5479528088958734     
   4.7555088948235653       0.76342385674769841        5.4639184294273520     
   4.8715561239435781        9.3860762462114522        6.3380604715119393     
   5.5679632866737068       0.75637312636493270        6.3385852490601087     
   5.5482371016309040        9.3853690540141610        7.1166452647194358     
   4.8754111454892275       0.84170596174388490        7.1027372361604701     
   4.8012953203155009        7.4303553084408532E-003   7.9957381138526733     
   5.5683503775135295       0.66320047481388844        7.9409977097987543     
   5.6767073937269164        9.5155352762453536        8.8078038417678481     
   4.8430691069708240       0.73932109397158308        8.7538674956593834     
   4.7540087533228883        1.5594107419700787        9.4479999903480554     
   5.4559551243049871        2.3423728484846604        2.8747701466965526E-002
   5.6124383799919801        1.5931094322025838       0.77909481887063370     
   4.7402472007232230        2.3185287245052613       0.83104373259712216     
   4.7561852515982359        1.6362507072267372        1.5739004177861555     
   5.6141214407722106        2.3161622419559493        1.5684383504345731     
   5.5775205548346189        1.5459114610516720        2.2741679358973896     
   4.6411037769038028        2.2813498312902114        2.3721139172474972     
   4.7493511474279746        1.5524714038521312        3.1200075847670736     
   5.4554298084866595        2.3738650992427601        3.1816157435777943     
   5.4555633514023532        1.5561515038377054        3.9333803437830270     
   4.7554854531468411        2.4240330859511072        4.0076708100579124     
   4.8216894864277089        1.6126799939687504        4.7824001566250702     
   5.5926264069675389        2.4153450842422055        4.6468066047857635     
   5.6130706860183865        1.4578601993849787        5.5731184601078114     
   4.7023740075444476        2.2776873083046412        5.5379791507647704     
   4.6862625988295132        1.5250926515768315        6.2386700987298811     
   5.4406389478946515        2.3122505073656456        6.2728453464921285     
   5.5296098158910789        1.5730647295393487        7.2435989176025091     
   4.7291065162864134        2.3313747056695742        7.1401646837060859     
   4.7379754913452832        1.5453794727857595        7.9728356083836989     
   5.5863320163675931        2.3690437554345189        7.8509931613223012     
   5.5794257970075458        1.6648630484823523        8.6718322062255133     
   4.8682391994594685        2.4175444612870280        8.6427512839819194     
   4.7851643119500817        3.2126148279912781        9.4951615337348159     
   5.6507577086672010        3.9124763083622374        8.6529462762541934E-002
   5.5389377476027786        3.0651180794067856       0.69730846194617224     
   4.7136747973966235        3.8609563768424242       0.87146057471061489     
   4.8114375078906022        3.0803680398416877        1.6326344534274730     
   5.5686089229206512        3.8851444632413652        1.5905612091746015     
   5.5848515493497279        3.0774611766561430        2.4311339306718329     
   4.7928666793349324        3.9859033026345343        2.2652492365272865     
   4.7196787715854356        3.1710395086607241        3.1618315367386089     
   5.4979590950238624        3.8562714079925997        3.1773208441639911     
   5.5539706317593192        3.1344139720967497        3.8934878908328319     
   4.7360209710592542        3.9306424693227369        3.9472870076279030     
   4.7084839481173564        3.1895474516763440        4.7215024386571773     
   5.5291722977261566        3.8857147277698183        4.7276709230984970     
   5.4951475438177910        3.1089274758660936        5.4592605354443560     
   4.7630600775767249        3.9000991302714545        5.4972389400524131     
   4.7026174676390919        3.1128272928284817        6.2411848043856235     
   5.6789497920308456        3.8932259035718477        6.2814370932403634     
   5.5679339160735974        3.1404948243889566        7.1191687465606686     
   4.7233980214661315        3.8770254702840137        7.1364445421166707     
   4.7249726209201102        3.1893120711233838        7.9610509964191349     
   5.5279183602796271        3.9051175941823919        7.9028126998398029     
   5.6253409521972042        3.1533701919057235        8.7078593889640299     
   4.6514392452564319        3.9029331147368356        8.7513560711392682     
   4.6714293192234493        4.7094719988325187        4.6450381590195440E-002
   5.4661909382093112        5.6278703633617484        3.2760897447432595E-003
   5.6151374008545005        4.7278444185564146       0.75247435711843058     
   4.6736831485801309        5.6481028621716085       0.77434242699045541     
   4.7905673812743776        4.8085817952941756        1.4630015795489499     
   5.5808373233206492        5.6682005395598862        1.5561745536423273     
   5.5736022683368587        4.7934059895342314        2.3314584685429280     
   4.8444684691447035        5.5820852720684639        2.2944482866370484     
   4.7380739109290690        4.6826000056635202        3.2158328023076002     
   5.5085463487115094        5.4999099903312461        3.2856342450251672     
   5.5005014710586284        4.7200265274107052        4.0106367314687912     
   4.7435589176182846        5.5372710593846808        3.9958017246921380     
   4.7675966061799544        4.7173498465566297        4.7725576287725957     
   5.5102730317295299        5.5694408376494779        4.8886322292887971     
   5.4818555035989229        4.6502536401621750        5.5743136481913673     
   4.7207286793927281        5.5183023736964687        5.5615640709430139     
   4.7025045739777909        4.6494411112369578        6.3310202152483868     
   5.5104968448466360        5.4428230771668442        6.3687889189117897     
   5.4858461796890037        4.6527784661821370        6.9992169055293907     
   4.8576229770588215        5.5057790006526206        7.1915193958598795     
   4.7694829817660844        4.7431127503705914        7.9181296278579127     
   5.6187909457693790        5.4076466801936700        7.9116332644960456     
   5.5310404585080031        4.6918156165959957        8.7721363052990355     
   4.6577953992864218        5.4740273884074275        8.6426878112861356     
   4.6442981994460375        6.4373916053111468        9.4420660395936213     
   5.5660969034439525        7.0603297839498849        9.4961753809993077     
   5.4943616555738410        6.2608430495814877       0.75318961360571501     
   4.6510811545953725        7.0518811496611535       0.73528134985621707     
   4.7830829193153130        6.3573279414264023        1.5795147798346798     
   5.5736670426845700        7.1039557276822087        1.5833712870305661     
   5.6392985731915157        6.3703011038141026        2.4168352137443030     
   4.7816550483023574        7.0566895509178078        2.3355172693460569     
   4.8515199575897743        6.3768629842005033        3.1694366139258929     
   5.5896313537127957        7.1365218035753504        3.2135413654202001     
   5.5654367435832759        6.3355213882768844        4.0435646929863083     
   4.7806081235710494        7.0902231615312274        4.0236825444830835     
   4.8364127869913816        6.3590272677405313        4.7827861316122755     
   5.6092189085656470        7.1265282563228869        4.7896862909409359     
   5.5881025183349005        6.3441306732689684        5.6596453437575027     
   4.8764020257976384        7.1339920149736287        5.5974620952522516     
   4.7584506126670139        6.2991638098155818        6.3780403886231145     
   5.5873099737433121        7.1211599514468711        6.4455605209292539     
   5.5933719573863030        6.3226279896567128        7.1008934484860067     
   4.7173327634242224        7.1316085781137941        7.1203976553782287     
   4.7361514056474165        6.4240053946387157        7.9141533669830100     
   5.5317062942134623        7.1264827256823047        7.8014928746324586     
   5.4913525496991911        6.2435961668842559        8.6076727775886255     
   4.6808077676535680        7.1968898375996515        8.7930736101527742     
   4.8458675377975418        7.9309983161083180        9.4949541388098897     
   5.5580231807354226        8.6936717778552879        9.5163369177100972     
   5.3771749844142320        7.8473759217956545       0.80841735687505578     
   4.7649137313561232        8.6695295836823849       0.77725987799959462     
   4.7305113316651628        7.8715004040721128        1.6063502268976904     
   5.5604682260770151        8.7392844886871242        1.5306974263171249     
   5.5247085718767801        7.9431067149583940        2.4140187067417553     
   4.7126855339675595        8.6105844693880460        2.3679490576709270     
   4.8202258297284555        7.9876541363733233        3.2065906931315107     
   5.6314630455929207        8.7175460370442668        3.1263798534236167     
   5.6041803683708293        7.9313289302706744        3.9767798690191678     
   4.7363690155531142        8.7441097788717723        3.9007727681205018     
   4.8634467590116612        7.8754488125931390        4.8000482587878377     
   5.5589176468717518        8.7146037646817334        4.7471265149350979     
   5.6312328556642433        7.9039714468680895        5.5475988343948881     
   4.7860392890749797        8.6315039198000143        5.4751613827785883     
   4.8322658186085734        7.9372584426305002        6.3367112179243588     
   5.5917299953426109        8.6478347339659454        6.2672736449001283     
   5.4600950364663525        7.9931945128064665        7.1453465876026749     
   4.7201614589284233        8.7085440364602675        7.1461385954100374     
   4.6402908588651783        7.9310469980381830        8.0264405128163894     
   5.5801788446889011        8.7900048215134774        7.9950291583825752     
   5.5177461816069782        7.9701674049785307        8.6589175649318424     
   4.8076205294516692        8.7733468596270736        8.7372933204341283     
   6.3382161201127101        9.5020402947633453        7.2544256556384412E-002
   7.0430012010811724       0.77949470280881594        9.4633257938670852     
   7.1344154574480205        9.5225935086013358       0.76882015559731320     
   6.3372774148644355       0.77951880132434270       0.89787943110794421     
   6.3728732278312155        9.4503721968870735        1.5796446819679753     
   7.1655799922516774       0.79880402678704110        1.6082670757660853     
   7.1475134649953667        9.1280981919518250E-002   2.3875429350617341     
   6.2853230330385310       0.84777370683527364        2.3051124067122122     
   6.3145685403302556        9.4900461486047334        3.0726258622702431     
   7.1075711935756214       0.78121738148221753        3.2867315618670965     
   7.0911495904693691        9.4770724806033577        3.9249305258761269     
   6.2158435488537034       0.76662368757519339        3.9331877068238299     
   6.2305922368932052        9.5048116031591512        4.7378990877530232     
   7.0526184858237739       0.63026745426240005        4.7404812391769369     
   7.1581664223106412        9.4375848090383894        5.5303286196028552     
   6.3617610630147041       0.70803924029754572        5.6211736272345325     
   6.3356508115605585        9.5042418208390274        6.3852802524088839     
   7.1432749237672590       0.71455766855915170        6.3382067447528740     
   7.1732968556418362        9.4402322859093637        7.1063031355483179     
   6.3352339259074633       0.74379984218983886        7.1055214596418121     
   6.3532252773149498        7.2298857942772243E-002   7.8761753330332738     
   7.1053210606300965       0.80431533629020768        7.9906887021730171     
   7.0209586591438295        4.8214824534155168E-002   8.8077644729047897     
   6.3151708073692037       0.85193808088226175        8.6781879096907133     
   6.2859262955623381        1.6501951390242342        9.5074469480539143     
   7.2643050605284323        2.4699986318421123        5.1851554457731141E-003
   7.0931927323717829        1.6182436898791925       0.74471594887973980     
   6.3912253180349881        2.3374757216643975       0.76889535428181743     
   6.4296070197913062        1.6313859710929768        1.5480054341896499     
   7.2632388131578312        2.3582742557475109        1.6507161833881199     
   7.1704011990109073        1.5316524763436614        2.3927341563948761     
   6.4094600522040901        2.2822427854566834        2.4019380918435544     
   6.2734377655515097        1.5864255611375473        3.1624158467925887     
   7.1029837442603574        2.3040741675085470        3.3243171232225404     
   7.1830659204486880        1.5227182136811090        4.0178747663117251     
   6.3446938261168402        2.4349210414053983        4.0070906266228032     
   6.2660657696806110        1.5744864228176649        4.7148207590908831     
   7.1560856435364943        2.3994233189449719        4.7407063635845201     
   7.1841313025578240        1.5700665650038215        5.4760830914782810     
   6.3064971262478950        2.3421542229601040        5.4890363719380071     
   6.3816179844290266        1.5219954691241735        6.3550725876692873     
   7.1246008703714292        2.2999101867356768        6.3080973458678375     
   7.0789156144828365        1.5424410319992465        7.1348955154812623     
   6.3939630298155983        2.3372154448488360        7.0846346343493547     
   6.3509355203155193        1.5269193305397579        7.9301688895903562     
   7.1177828560334966        2.3419469211897508        7.9046124608493926     
   7.1315466100545200        1.6228796892500021        8.7740519311589420     
   6.3311926833598227        2.3623246589000018        8.6537823230424920     
   6.3208075724833144        3.0103662953845731        9.5040857687656803     
   7.0292636044556858        3.9224901162523507        2.6063911632020022E-002
   7.2449047459275775        3.1290967276714143       0.84674782838217622     
   6.3251467453259655        3.8768071001302160       0.87576102092212205     
   6.3143270203535096        3.1104892177867893        1.6978799166527210     
   7.0679511031292463        3.9695268075449186        1.7063623457630781     
   7.0595322736751145        3.0821120327494738        2.4406843853318487     
   6.2545012936083815        3.9392644865864863        2.3874335318918458     
   6.3275417457958643        3.1236154111993906        3.2430940128011012     
   6.9777657108579580        4.0171884900289738        3.1528570536507066     
   7.1800313609703244        3.1806498327051247        3.9029108521152698     
   6.3010386901894293        4.0956436365394318        4.0180741082871112     
   6.3698159416494233        3.2244332240013049        4.6659565781845460     
   7.2038871588507609        3.8536379550347304        4.7337850509319077     
   7.1897562144288640        3.1811639748046847        5.4643486360358366     
   6.4285609442836833        3.9067911688673989        5.4733630062455738     
   6.3336979899346604        3.0060061096535797        6.2846033062982860     
   7.1658275862753049        3.9973611750725340        6.3480326985768096     
   7.0973781107666296        3.1485450150150873        7.0646267681845227     
   6.3585214292842061        3.9588248353522091        7.1075074690990290     
   6.3785798146224257        3.1576871118438379        7.8745022929572235     
   7.1292903278094784        4.0188171594717659        7.9845978772709314     
   7.0942862997781706        3.1804860262006027        8.7636074642727291     
   6.3511845937790152        3.9971405912339564        8.7272108485136464     
   6.3237303992295173        4.7874244669938921        5.8687051735647311E-002
   7.1779744946881667        5.5339639735129991        9.9179060148519446E-002
   7.0437378801147847        4.7401229315386271       0.92026085130927315     
   6.3936687325775212        5.5756129720636194       0.81646281112663166     
   6.2931416167775209        4.7667311112022466        1.5483466099877103     
   7.1489084982936930        5.5707097458491681        1.5358724567192490     
   7.1294308034077432        4.8679553645636791        2.3007706604117879     
   6.3416582555990004        5.6200664523690547        2.3923543564692715     
   6.3369912601586931        4.8408010167536970        3.1457345027993675     
   7.0934343010542946        5.5861732018898769        3.1988035269669473     
   7.0624308333005379        4.7945596462565145        3.9386963501209435     
   6.3917506180407706        5.5881743669589499        3.9979130212107727     
   6.3145919895601983        4.8723562807784830        4.7752172430468098     
   7.1448862572018248        5.5202733948043079        4.8401954580513182     
   7.1649576170290015        4.6989093532541952        5.4544234591270548     
   6.4526061869899785        5.5930952007540613        5.5969898770164122     
   6.4680861876526832        4.7351463312073259        6.2591552947383446     
   7.1612974598490320        5.4660627498435739        6.3272909333845151     
   7.0888739961354066        4.7360936430251837        7.1566832613356945     
   6.3775030739479099        5.5848011910165063        7.0328922033432404     
   6.3407392400962932        4.7170232637150837        7.9497085498329767     
   7.0662242065168899        5.5069831451311142        7.8836899260706561     
   7.1254714254382163        4.7415224576204986        8.7810859969811350     
   6.3593010167696749        5.5297663755677720        8.6539997437849010     
   6.2971050338988661        6.2118058984550153        9.5027987692722089     
   7.2184817824093219        7.1108632550696180        3.7225551009624332E-002
   7.2865182718339705        6.3331591994302778       0.79056808530188527     
   6.3341657579943886        7.1179508597059220       0.75083429122184475     
   6.4058567029998530        6.3866404313490550        1.5837825522633655     
   7.1987963432124209        7.1965488128029902        1.5295599247261884     
   7.0950776554503463        6.3022306411263900        2.3786005991149279     
   6.4195346673670546        7.1013297153437218        2.4077915260396274     
   6.3198614078834279        6.4237571081703342        3.2417009841236335     
   7.1360893860992967        7.1631647687137789        3.1824025050174911     
   7.2706094873077527        6.3540229499819443        4.0640433408396976     
   6.4526841003180078        7.1607756364174584        4.0096258356180297     
   6.4745542703317547        6.3558227758041008        4.7976791538977386     
   7.2911737968342507        7.2295147765158703        4.8169185683108982     
   7.2445942487534198        6.3374649568851362        5.5955249754814176     
   6.4003863524038067        7.0475852862320520        5.6178705464332808     
   6.3872384009413210        6.3108303947137587        6.3442274722153842     
   7.2456796925565250        7.1105008268847802        6.3111144083542188     
   7.1640450933124669        6.3068616020619466        7.1194985464799450     
   6.4313277250508998        7.1241964580334800        7.0468842778059191     
   6.3325913721663056        6.3160682214782105        7.9326839310677135     
   7.1059892767395620        7.1774105721529331        7.9140043192407337     
   7.1480112261859929        6.3886977015189617        8.7399087666348656     
   6.3077199748075294        7.2840870198513468        8.8495057124113838     
   6.3695652008127883        8.0251766061808283        5.8438524827921834E-002
   7.1733676167966358        8.7595516561868472        9.5145016434464242     
   7.1467143828492610        7.9773805475455193       0.74220611613706977     
   6.3412256903719211        8.7417612915069007       0.80898901338239959     
   6.2673912256674420        7.8612217231067989        1.5686157712211926     
   7.1609571387107200        8.5812116057094467        1.6226665237814764     
   7.2328925163840463        7.9915604206532187        2.5281092055976244     
   6.3594977942219009        8.6546390589465609        2.3571893220792490     
   6.3559714533265232        7.9420254572363609        3.1508639789899511     
   7.1225079981345196        8.7117514336761932        3.2487182284290923     
   7.1667679020337012        8.0270028310338937        3.9682720123306892     
   6.2820234527357464        8.7029308534781897        3.9850637655262195     
   6.4727534888763580        7.9716059529620313        4.8136780184159678     
   7.2288949039166548        8.6997818745972442        4.7400958289817536     
   7.2307167069846434        7.8943819539874749        5.6123731979819560     
   6.3943341109082406        8.7933431097773802        5.5550635989129420     
   6.3973409156273835        7.8833133366778956        6.2560424864323174     
   7.1985589328365913        8.6974272808323718        6.3718610080386275     
   7.1577733042414762        7.8898970590354045        7.0730097462182453     
   6.3113947668097339        8.6411589276074263        7.0830343378591412     
   6.2971910174117429        7.9994554265519469        7.8875632230131005     
   7.0436390390781858        8.8750426284623920        7.9553061378733112     
   7.1781260178607562        7.9970602407712130        8.6129386747776930     
   6.4037156008152607        8.7373669741955098        8.7720867422859730     
   7.9208345691561979        9.3753438394443833E-002   9.4431095681466868     
   8.7297163271973339       0.75465256041563267        9.5130833601569957     
   8.7258691640193682        5.0380574941847243E-002  0.77539773835985015     
   7.8646319244210030       0.80263424423081042       0.79074389212856200     
   7.8055110800438747        9.4614581002228935        1.6430640269738581     
   8.6546913093552771       0.77284676455206514        1.6101299639637430     
   8.6895322701800506        4.1423040670010750E-002   2.3253822014851768     
   7.9701773926291173       0.85547898278775358        2.3738539681702688     
   7.9674995316165509        1.0459526124119739E-003   3.2631636023874044     
   8.7496096199300748       0.68827380726388121        3.2084532776230792     
   8.7006233262424750        9.5198147338379613        4.0772582886794533     
   7.9113795895360672       0.84931468400680799        3.9490307148173551     
   7.8925770847762511        9.5000077117631179        4.7117411828210551     
   8.6447820853321176       0.83679070519908494        4.7737574160673075     
   8.8368317804171230        9.4588942964649849        5.3732335045423749     
   7.8906318746580846       0.74164261208814197        5.4588252934327350     
   8.0143640410748453        1.5263730464522196E-002   6.3061994077269796     
   8.8288030286245593       0.73532980690421079        6.3059231647900171     
   8.7479171105423177        9.5184997279384760        7.2560602939435750     
   7.9387477181028920       0.77354803788693860        7.1330432533264148     
   7.8656517093359311        6.8167136839348927E-002   7.8927858873212005     
   8.7569894712773451       0.76948400136343265        7.9688670786754514     
   8.6581558758322910        3.9948312966553226E-002   8.6946434159021475     
   7.8579772574854960       0.88931025142970044        8.7484377594261549     
   7.8906396582127831        1.5737015940086880        9.8683497498094935E-002
   8.7221687738692122        2.3499784998074191        5.6468698173137412E-002
   8.7123230571223083        1.5714179060589095       0.88876107692923623     
   7.9842772361953571        2.3938063619347938       0.90999525270996684     
   7.9365393453152757        1.6054406808289852        1.6022622098401953     
   8.8643658396322618        2.3168275161670753        1.6461490545731752     
   8.7332030532586273        1.5909678151204061        2.5410449766391507     
   7.9295065151460076        2.4128248895416942        2.4120743317191047     
   7.9402837998973972        1.6140049376621204        3.2200742611149686     
   8.8145522086870507        2.3686588255918948        3.2532118441165387     
   8.6868693689617373        1.6192293286242030        4.0073884450342137     
   7.9445912565529806        2.3614923771945717        3.9060612678723921     
   7.8912815447699316        1.6297489932372062        4.7568596301845849     
   8.7684393146852102        2.3675317899622823        4.7831013589539877     
   8.6938949316130749        1.6328407534339209        5.5906293006086605     
   7.8867875595396848        2.3821927635591016        5.5458673643825520     
   7.9829513953265527        1.4940408367399809        6.3824356776644811     
   8.7341526859857748        2.3145499547611981        6.4254439398979333     
   8.7720869411482258        1.5004373781265230        7.1836061735660817     
   7.9490936014309730        2.3902520727112155        7.1772280708259846     
   7.9721159391599938        1.5162174941391950        7.8765933602035627     
   8.8278882103043088        2.4171527919602704        7.9866964058950964     
   8.7559848217665692        1.6208532025243514        8.7459465563691694     
   7.9775716987562246        2.3196872312005636        8.7758726979804536     
   7.9929821636966221        3.1321840516704360       0.11932038480911705     
   8.6522857706355758        3.9574804824132941        9.4754250283154100     
   8.7265388126454955        3.1807224884973544       0.90976819951139931     
   7.8969459439230052        3.9268809011613719       0.83597471150375879     
   8.0164407135407636        3.2062244943268259        1.6627769012069937     
   8.7324676371346825        4.0135393453640358        1.7083131178874398     
   8.8566596990921447        3.1364858396682682        2.3459798198751445     
   7.8350913813818703        4.0032386869442504        2.4578134190847627     
   7.9965282943426690        3.1740093880798046        3.1439943488588025     
   8.6421075133887637        3.9743967233988959        3.1662564094521159     
   8.7484207516121426        3.1373901144588148        3.9653893830215456     
   7.8626396446502786        3.9907815547040135        4.0156789826269295     
   7.9292907661332759        3.1004661278491423        4.6841905854401444     
   8.5961811462968392        3.9481271061219076        4.7203529252581644     
   8.6742328710245609        3.0886221176726907        5.5664257251762681     
   7.9317692261863275        3.9425753492440645        5.5404305801590530     
   7.8997820773549945        3.1319893993554819        6.3926211201919854     
   8.6122052635668211        3.9891632556264156        6.4353699426354165     
   8.7633631348004428        3.1623427557062902        7.0664008366667481     
   7.8894572536483949        3.9536440484772437        7.1872972386499825     
   7.8702465664490937        3.1064718082936382        8.0094363925859273     
   8.7161129912387505        3.9187995968337130        7.9069594049441312     
   8.5849352879454290        3.2052087744619326        8.7931095229539356     
   7.8772654238684652        4.0157810585096074        8.8268931282718768     
   7.9466932085809319        4.7457126100810996        4.6672923733759093E-002
   8.6868652556044221        5.5265002637968310        9.4164196227974220     
   8.6679640014007227        4.7812389474363837       0.73526834248128392     
   8.0294543442520396        5.6052683034313988       0.75192242750504401     
   7.8938028294649696        4.7622307560497568        1.6027052771372099     
   8.6683645819070918        5.5761090882224433        1.5411718927294176     
   8.7179675681324547        4.8142075692464443        2.4321201197175184     
   8.0450990915161569        5.6862093999213768        2.3147723610528597     
   7.8166506849522621        4.8140483520105226        3.1438940125740746     
   8.6600837886646200        5.6599889871064120        3.1772063792571772     
   8.7196018675692102        4.8993862060677813        3.9560357047722072     
   7.9290644026277795        5.5743726429203653        3.9040256966012734     
   7.9764840183127292        4.7508467771190901        4.7619929134887338     
   8.7142068432026356        5.5546344799558263        4.8135953779555427     
   8.6680524255274243        4.7126929348045801        5.6418602129877913     
   7.8743412186797679        5.4620208678027451        5.5906956724704671     
   7.9673708276474509        4.7530433379167576        6.3416313103159903     
   8.7014327222391881        5.5628546776987440        6.3717724517678400     
   8.7187089736415953        4.8501532996822618        7.1434685332801227     
   7.9449886675019208        5.5031366770320354        7.2088838197308984     
   7.8609174245700686        4.7798668594963658        7.9366727171325833     
   8.7640393435802313        5.5199183078333194        8.0309203921643082     
   8.6318173584903057        4.7433256805666986        8.7313879189668366     
   7.9073814322019560        5.5118494270828640        8.7339367250300022     
   7.9436454712196065        6.2973287559520834        9.4838741035340632     
   8.7262982873827752        7.0852519652423096        9.4803620082006734     
   8.7720421275709626        6.3494465068557613       0.67587453129976738     
   7.9970689334045542        7.1184611275675733       0.65492182090798545     
   7.9252558808387112        6.3998783498414049        1.5623950005653375     
   8.6968010503690714        7.1505240716012795        1.4850940287652348     
   8.7460011169585563        6.4617575527406350        2.3892512532838870     
   7.9187623823417903        7.1498984894153983        2.4625351626920482     
   7.8807803591668488        6.3481650809480374        3.1643270109715282     
   8.7586231379139736        7.1337680059869433        3.2376084975949380     
   8.7134687655373533        6.2870199070821746        4.0136707725300704     
   7.9376126914056506        7.2398232167375225        3.9776036983339993     
   7.9526197701438264        6.3406593092896264        4.8227182692209229     
   8.7112459524109198        7.1634208471116256        4.7123730650964841     
   8.6781867243148803        6.4264124338549378        5.5211831386630355     
   7.9833888504403916        7.1366454119332179        5.5689157823603050     
   7.8970460323730709        6.2078882059906348        6.3534079987461611     
   8.6414277433587117        7.0616808274037899        6.3402121129816287     
   8.7396688204539785        6.3014120729784358        7.1459290004117797     
   7.9838267833029040        7.1051687104783054        7.1733265666817276     
   7.9747192084244709        6.2590223351945546        7.9704253232817646     
   8.8123631760655687        7.0303107422697710        7.9093498020670250     
   8.7765285979510104        6.3164919200491729        8.6576801193093882     
   8.0183996902379029        7.1122580613134962        8.7339014869343519     
   7.9056700227902601        7.9660189433462225        9.3818801490887580     
   8.7038626406602830        8.8344604527746835        9.4465784935986470     
   8.6858887354607077        7.9749530106630688       0.67098485422239662     
   8.0184318804764292        8.7474103977202944       0.81392403585931161     
   8.0178162690383648        7.9233323999865970        1.5979435992012057     
   8.7321528049359074        8.7962909146604602        1.6394358277097891     
   8.7745626248223996        7.9235481230401428        2.3122399706665253     
   7.9198586376436539        8.7392767154614166        2.3710394484137578     
   8.0764975614634036        7.9407376621195258        3.2314931687783806     
   8.7128670955345608        8.7296629154984853        3.2223566634277558     
   8.7779970960055103        7.9352416177202958        3.9648318589214786     
   7.9932530246263624        8.7015071525351662        4.0532998673944292     
   8.0472426206191052        7.9784392437123266        4.7609539139785761     
   8.8576670204743664        8.7133107776674521        4.7537396863586583     
   8.7252385990234114        7.8778109142696611        5.6018762712627144     
   7.9635557450899741        8.7050046902485292        5.6419389487852714     
   8.0192711660166207        7.8543245508477231        6.3965607750320155     
   8.6899093717169844        8.6886298942054641        6.3204220365288366     
   8.7021081178709991        7.9390169657573679        7.1805725399951434     
   7.9335286086984471        8.7689474763648700        7.1369565680211160     
   8.0217800342204129        7.8820581456345691        7.9446981498749505     
   8.7593177388809309        8.8048728487370269        7.9825401614883154     
   8.7620226095258928        7.9295751267046910        8.8162930275835745     
   7.9139844034976212        8.7353322619257234        8.6589653012511345     
