   9.4962859453798956        9.4981217089637688        7.7530529429469704E-003
  0.76475649447859284       0.82599757578140709        2.6594731572946482E-002
  0.79232422741194153        4.2098337508433281E-002  0.75122765983837181     
   9.4019849816960335       0.75107654921339118       0.75540086383845773     
   9.4425310696088882        9.4687680622397767        1.5368622404037042     
  0.67962351842042523       0.81792791345199523        1.5233978695679584     
  0.72457839079474562        4.2841655887363238E-002   2.3169422249052141     
   9.4813084703547155       0.82226588697057379        2.3081129835989480     
   9.4629691388500135        9.4762780256648433        3.0943032683826330     
  0.79075751351109769       0.75764787299771974        3.1187124502577839     
  0.74248162465367251        9.4990469441755145        3.9454597752395228     
   9.5059685966944745       0.88670796480371927        3.9100736602684814     
   7.1053368099567360E-002   9.4602077318904456        4.7835040924998378     
  0.76285774063372680       0.79929599718116129        4.7448453150864527     
  0.79938129112139533        4.0530512532317195E-002   5.5242403376109648     
   3.9728407001444102E-002  0.77700425116705296        5.5535349758734620     
   8.4284406955800209E-002   4.4399266859479453E-002   6.4320921162489988     
  0.88271676635329333       0.96854340724473320        6.3158533896866977     
  0.84051183701020105        7.1819435788185074E-002   7.2321633883356276     
   2.2774846094634083E-002  0.87170873583267561        7.1838144579940222     
   9.4505136201275253        6.8245911941282433E-002   8.0047853374695972     
  0.72328966054096144       0.94465763291863181        7.9338489665606931     
  0.75378828870502335        8.7661347548453852E-002   8.7586612931986672     
   9.4066004465477988       0.73875462070411568        8.7229529215025003     
   9.5090949450376030        1.6047595563323025        5.1700892068854323E-002
  0.68229073129195295        2.3486617216536567        7.8831804416756510E-003
  0.76143395676587333        1.5386894264685331       0.80314067292608415     
   9.4759726672603293        2.3739888780779106       0.85002129771329626     
   9.5123575431756144        1.5396435920790741        1.5094515736632210     
  0.72276965382009162        2.4086740737309431        1.6709327668431624     
  0.84516934858147108        1.5412999585993643        2.3614252926134496     
   9.3684911665490578        2.2547763791819784        2.3674674536253009     
   9.5052069965549837        1.5928736336635250        3.1466577869235222     
  0.74197007749797794        2.4379708976406009        3.1871820862402744     
  0.79806611112583437        1.6817362721431945        3.9930494926970579     
   9.4703910717231956        2.3359166789979717        3.9314846209397944     
   9.5052031136451003        1.5741500134272624        4.7316841339976907     
  0.86375624745994362        2.4451253771246151        4.7264984585596368     
  0.76758050486773810        1.6214979936798299        5.4612157368958512     
   8.7772799052746139E-002   2.4461362798612298        5.5340128045020656     
   4.4906044085104374E-002   1.6409638273083891        6.3389889839774440     
  0.85892788205644066        2.4439372888862216        6.3165934279056080     
  0.85499538885550086        1.5872625216148881        7.1597035245690623     
   9.5200906883060945        2.3644373548323681        7.0840709380751665     
   9.4541673297076620        1.6575848727163855        7.8552805159180314     
  0.78376587354318639        2.3737917449974297        8.0789200035947690     
  0.79525826528369825        1.5941516869979169        8.7225349263445011     
   9.4488248637696621        2.3871783208336792        8.8051717896271846     
   9.4349619724282512        3.1711996750804032        3.3623314444022390E-002
  0.71210771527742422        4.0585874970539271        6.3988487643407796E-002
  0.71090057175434629        3.1676734153362531       0.76045671667591896     
   9.4714698238071371        4.0060710693118278       0.85584089178488321     
   5.7897679745994241E-003   3.2397838677532103        1.6020713130216679     
  0.80613850431863865        4.0514629372182505        1.5616994791960139     
  0.83083145061423402        3.1275595686584459        2.3828645791542433     
   1.9646534121195266E-002   3.9639390052367691        2.4711162684086307     
   9.4754600802522173        3.1222587647422420        3.1343529543811894     
  0.84375177467718177        3.9005371804883295        3.1128866202372882     
  0.82157893392453762        3.1447549554089718        3.9480801280592352     
   9.5139108951293085        3.9595669750454263        3.9677336235044667     
  0.10476756989851464        3.2801977620209408        4.7199657664789996     
  0.84968695328409993        3.9876295139089382        4.7292122068652951     
  0.88005176885631953        3.2538990783168522        5.5012614693629898     
  0.10746991528056259        4.0373711292750132        5.5450746677121021     
   8.5659842928977978E-002   3.1803262979303950        6.3621805561456410     
  0.90989808258252625        3.9934330388896737        6.4362113376233729     
  0.72014133020278259        3.0874653673296151        7.1688669321641036     
   7.0887939867470134E-002   3.9174869772221830        7.1964468605142944     
   9.4718567068759238        3.1200229087768871        7.9603308608711787     
  0.78096470717660316        4.0307317010785475        8.0470880356446823     
  0.69747653497959983        3.2404978896823002        8.7609190105192436     
   9.5135202431589132        4.0469179341079817        8.7966608710688288     
  0.12157223689758875        4.8920746166791043        3.1520025039406679E-002
  0.84097110820441690        5.6109672085225846        9.5194666743767051     
  0.80718736679169945        4.7824790103301904       0.88420915303818604     
   9.4825367712100217        5.6652707955834227       0.85106384611771246     
   4.2068511762444354E-002   4.8413866622554584        1.5954214602668280     
  0.78589498634323951        5.5842339090928546        1.6695117486454263     
  0.84032528747201207        4.7746639103339898        2.3907888070193946     
   9.4760031515343730        5.5409004441973391        2.3968117988202486     
   4.7768469089730717E-002   4.7079260077699567        3.1362401910518973     
  0.75881204145283943        5.6132972740421438        3.0962209871381767     
  0.82150177137536340        4.7464252756271037        3.9337579955321353     
   5.1577645489318653E-002   5.5696400683956861        3.9772797157530650     
   9.5218084302309034        4.8234873719061850        4.7269706787210843     
  0.78792315466305785        5.5233792243665487        4.7473231468124482     
  0.87729124299982186        4.7682922010199436        5.4884134969658174     
   2.6367661184914046E-002   5.5250301400126247        5.7165134190605471     
   4.5384864631897524E-002   4.6665071523511479        6.4403247424398140     
  0.86745316172550535        5.5438512009479206        6.3567466353787445     
  0.88897444479857946        4.8044568978601756        7.1963977164076445     
   2.1173748801164342E-002   5.5275131554385020        7.1437905100456254     
   9.4641988513523181        4.7198112102683121        7.8674509374956338     
  0.82297683817797174        5.6065936062070358        8.0030909519713056     
  0.84411599566573015        4.9154749968302207        8.7683891751300180     
   9.5049986991757791        5.5566520640048296        8.7503558972880278     
   9.4885794435537534        6.3982003457447520        3.0688492793835214E-002
  0.75016371101922064        7.1304263109889652        9.4825960839951264     
  0.75080949376422468        6.4146674875166863       0.81714499244613192     
   9.4603542558743356        7.1538923230936211       0.78144138043751687     
   9.4408283975493674        6.4275168308090151        1.6606845785751005     
  0.75854223160970269        7.1757402202278131        1.5982165870950444     
  0.70113540069562075        6.3538065498030276        2.3990458442596401     
   2.4301757295530852E-004   7.1993060901768899        2.4020323136753241     
   9.5045939324845889        6.4076995530322050        3.1936869043758604     
  0.85179772872001736        7.1146138862677093        3.2115313552499507     
  0.84070171978863917        6.3407668531878567        3.9389453489801518     
   9.4142499319259993        7.2285468992009276        4.0195942682284187     
   3.0001574209817097E-002   6.2835474755144283        4.7057216475738626     
  0.69377693170083410        7.0712644740563304        4.6602723092468237     
  0.78770848006809169        6.3346468505816507        5.5977949292453557     
   2.1463304609083935E-002   7.0837858012878989        5.5910368720814638     
   4.6295218778671626E-002   6.3027696379981251        6.4023442695533426     
  0.79298415947587120        7.0153785137537534        6.4008837541223675     
  0.88327328317008535        6.2992669474899996        7.1987915964639422     
   6.7354898012073880E-002   7.0712416008590484        7.0511952730945993     
   1.1529400556520636E-002   6.3047513899346415        7.9655841399476239     
  0.87072484484066770        7.0740893141246675        8.0318070532774453     
  0.75788833898386931        6.3626568028823138        8.8083402277583183     
   2.4099892577440678E-003   7.1765533847377379        8.8171717163486036     
   9.5243978209579083        7.9086358108618722        4.1806666304207658E-002
  0.78629135284979446        8.7101453778478213        9.5161633710191520     
  0.75326074299070100        7.9757251216118581       0.77688907907224380     
   9.4274262933570583        8.7040053226067879       0.81494478008109306     
   9.5149884909868003        7.9183939686650255        1.5335441390563549     
  0.74869283092004790        8.7143242148244902        1.5744041825159190     
  0.84797810770044413        7.9938939611709730        2.4413481615637034     
   1.1567209716081319E-002   8.7483770773009315        2.3869570951760153     
   9.4574515924835652        8.0053652359214009        3.2120712110970233     
  0.75614888281953130        8.7012672569652345        3.2053363766982668     
  0.71054966886053139        7.9836105304529683        3.9595351451577807     
   9.4226369258542473        8.8004173407152511        3.9438296385412861     
   9.4604538005580228        8.0218850761799949        4.8030073998672114     
  0.80331144816746380        8.7633547312078406        4.7880820214099939     
  0.71483961413985198        7.8739989392149559        5.4258370352078495     
   9.6574407088294290E-002   8.7168509879608251        5.6128917407622598     
   7.8830113750957553E-002   7.8600519305898082        6.3532020301526346     
  0.75987467793073693        8.7102235258480292        6.3574796715927073     
  0.83283705296953592        7.9342133611495225        7.1870863437976311     
   7.0665183219840985E-002   8.7863850664351624        7.2007386389859649     
   4.6498778304987824E-002   7.8478363552424657        7.9257104987587637     
  0.85881532649107062        8.7928065968170497        8.0121487217817240     
  0.79255767698704738        7.9390622493589289        8.7415192032444615     
   4.7333845262653364E-002   8.7175026636829713        8.6838057849772632     
   1.5012649105724469        9.4842550972321291        9.4815803113757866     
   2.4133456260052242       0.68743866607070070       0.12371004354569541     
   2.3522519799760415        9.4189937020066239       0.81169809870400966     
   1.5627657951923051       0.89484534381864600       0.87369789170722667     
   1.6052184771530951        4.7614349952191964E-002   1.5302081972447155     
   2.4066078082102438       0.75028671897881438        1.5861665241328693     
   2.4474862234659733        9.4850604409296366        2.3142737194099356     
   1.5841093909965762       0.70683627023842543        2.3713601909787712     
   1.5766794582433534        9.4579836281241612        3.2242699045310474     
   2.5337162536173801       0.72118205474359176        3.0988152666652029     
   2.3576338694194194        9.4932262706077157        3.9087670685415592     
   1.5056832822520703       0.84263800201659000        3.9306114384020505     
   1.5967667760195456        7.3826630750232783E-002   4.6598681925625254     
   2.4071721561259105       0.79932733558351221        4.7676923672534306     
   2.3192137417678276        9.3903350773769994        5.4758228704105329     
   1.5465892073028127       0.76463042929259672        5.5407525262544883     
   1.4804123983510151        2.1259090162366916E-002   6.3618635244758979     
   2.4393947618214225       0.75807333860141635        6.2983671009493101     
   2.3445551804265841        4.0983518023724783E-002   7.1074998972250958     
   1.6485351101590675       0.79279570825717660        7.1294724606273228     
   1.6111631279221661        8.6817718221681356E-002   7.9591591477693555     
   2.4042643267467838       0.80954555462040023        7.9729809163201297     
   2.3602713153831401        5.0941727090680219E-002   8.8252329719328095     
   1.7033049787248384       0.82050812602452794        8.7804324525194364     
   1.6045965443491239        1.5655302696826880        9.5075571308802527     
   2.3541606286737751        2.4025166279096744        3.9090856235445996E-002
   2.4022769414995873        1.5682290801640579       0.84816497612071096     
   1.5102814376190794        2.4384504277574495       0.75319895506156564     
   1.6719670455260931        1.5435306981318155        1.7330188024925817     
   2.3453151330157582        2.3282050281332594        1.6113521018055512     
   2.4677767221948104        1.5177634843950554        2.3891968196670694     
   1.5241550477812951        2.3875399884258037        2.4279421925171425     
   1.6955712532244736        1.4869316445738345        3.1160629739198051     
   2.3868404535023959        2.3507472502214197        3.1853062412114759     
   2.4362214350529450        1.5426003536541346        3.8591119864919778     
   1.6590201223149665        2.3285657678181875        3.9992355150530834     
   1.5948617808940206        1.5757967460382518        4.6969906935961738     
   2.5263533928343724        2.3353043582306947        4.7810612739710185     
   2.4202217279635141        1.4794529543202724        5.5616595035528622     
   1.5576508875820945        2.3018734827717751        5.4457688546061993     
   1.7246881372229765        1.6281693417186311        6.3883083619557661     
   2.4605939298672328        2.3838488141481466        6.2935797268898828     
   2.4384263291292303        1.6469001290799259        7.2288094074175557     
   1.5832318673429033        2.3503747451000447        7.2310783765904780     
   1.5969429560058237        1.6482223917332415        8.0245436209249696     
   2.3760288656368869        2.4018001119475305        8.0783072247608114     
   2.4592677603480713        1.5679929860436641        8.7416016051589231     
   1.5576898025411399        2.4284265850355933        8.8896281014690466     
   1.4349047902427192        3.2389467673811421        6.6341255998092147E-003
   2.4217784845235224        4.0607604855275587        9.4989666645420687     
   2.3446231426106667        3.2301058316138027       0.64777471839463774     
   1.6226219660917838        3.9986470694184053       0.83600401914490474     
   1.5925395572149283        3.1409902429229666        1.5432539631434026     
   2.3908060220971867        3.9425081968917826        1.5380104752526711     
   2.3733426944882545        3.1960320940176659        2.4000572599507088     
   1.6948961939165890        3.9432006049422155        2.4253981934335118     
   1.6305275503619010        3.1448980440627632        3.1780564267195466     
   2.3276156754431914        3.9380556549618535        3.2406097363905140     
   2.4054591098249638        3.1272389258832116        3.9861051454025169     
   1.5564744982097973        4.0095923047866862        3.9423275314334627     
   1.6693532260234709        3.1825114423819696        4.6911538949156100     
   2.3981320537387654        3.9548199608310046        4.8032103502919341     
   2.3864477639207458        3.1453242894284528        5.5619575128889887     
   1.6222476505698042        3.9745342674150885        5.6119424575490306     
   1.6339067019096902        3.1135191042143897        6.3738675305705730     
   2.3380044793513957        3.8978914416494121        6.3990700695006106     
   2.3292141277633780        3.0963174541671554        7.1860003193546031     
   1.5846702984148728        3.9529392374249559        7.2211996859832537     
   1.5508090089443414        3.1956997019608253        7.9929616584093557     
   2.3409967553926583        3.9381718790283515        7.9941887899443378     
   2.3204480197461366        3.2175333966350137        8.8030906896102028     
   1.5549559146313414        3.9312142673018982        8.7740633139907196     
   1.5740032867276770        4.7996489367929982        1.2884957390575548E-002
   2.4141119755684830        5.5216935333196604        4.2304951214023355E-002
   2.4178992864910387        4.8055261964482918       0.86883476026569906     
   1.5562323256004378        5.5770343689165340       0.76122247923994091     
   1.5977380350353594        4.8242827598123581        1.5672907950422688     
   2.4305315460427805        5.5331608031773873        1.6603101499100656     
   2.3477310190842933        4.7858574768879301        2.3955514302076097     
   1.6295663803860545        5.6071911573533022        2.4295867974007104     
   1.6183898633534819        4.7211220601985966        3.1845291575333214     
   2.3972402650955575        5.6340770596847465        3.1562219028081659     
   2.4659977296179694        4.8624924548150066        3.9212872583532294     
   1.6199733105578813        5.5767564156317802        3.9188387070684021     
   1.6278253629417492        4.7191784561810559        4.7017580326744559     
   2.3347994349098244        5.6126087443632589        4.7134045660455595     
   2.3600294924646894        4.7585353943906359        5.5210564096515276     
   1.7055080590915850        5.5963536119173094        5.5146415232586197     
   1.6559700492437777        4.8264952016603377        6.3227216658967800     
   2.3678147732845720        5.5884361925123462        6.4412805061254286     
   2.4169600577166310        4.7529447833655896        7.1239488804364042     
   1.6441432061487724        5.5473597630055700        7.1397293494140781     
   1.7139654801387401        4.8242005158316328        7.9571090358045691     
   2.5392034218252117        5.6438256125989126        7.9704084392293790     
   2.3131782531156326        4.7857776809590167        8.7831227098964018     
   1.6389118640831226        5.6626519441550061        8.8181698142916005     
   1.6319275489235330        6.3746117627763255        4.7945746562969752E-002
   2.4849140184646235        7.1838230769784399        5.0848568803669517E-002
   2.3372232022071788        6.2816181485689393       0.74428873202044099     
   1.5912507513101433        7.1943498600968550       0.87007954435785995     
   1.6496970033663765        6.3114085829724678        1.5858925490269233     
   2.4405619601104105        7.1008377601147830        1.5334140518812458     
   2.4253434466365809        6.4373635454517535        2.3671800415926918     
   1.5496180243630859        7.0447051849376123        2.3137396915620370     
   1.6017324916138291        6.3288293175966901        3.1961945897901747     
   2.3960793563903748        7.1279353602568980        3.1931445791932935     
   2.3758032765554571        6.3255763475247280        3.9061822303891143     
   1.5944642401072817        7.1940841735267105        3.9981882166934586     
   1.5807342663519321        6.3154965655767192        4.7200634920461297     
   2.3441950100103179        7.1527283762364000        4.7291995918323035     
   2.4371162921787399        6.3743112407100098        5.5037242503303565     
   1.5106160117638883        7.1461014228927882        5.4444201783865900     
   1.5776190987839620        6.3742988013767787        6.3552417766665164     
   2.3628394475046073        7.1877453575213490        6.2768829441990279     
   2.3522694583262123        6.3655416422006823        7.1302686295515363     
   1.6105439909892547        7.1738984200177880        7.0818290115554907     
   1.6619070956309832        6.2498483421686828        8.0610976370138481     
   2.3881980693402816        7.1504925577008764        7.9976650204390669     
   2.4912972733819796        6.4422257878982512        8.7556341763930838     
   1.6196983387010779        7.1893611819418206        8.7911379978703827     
   1.5923483251986339        8.0195682189646451        9.5078761946613497     
   2.4424706209269558        8.7785282564982872        9.5178149877762621     
   2.4122837794575602        7.8613678679693146       0.85033777741123884     
   1.5943183216179779        8.6659091088264386       0.78847504610425889     
   1.5714959048144828        8.0059184996045527        1.6273331276884186     
   2.3753265109480903        8.7086082577514556        1.5990110235743291     
   2.3585266517721930        7.9248264571321156        2.3134517702591801     
   1.5593878247487858        8.8183004717201943        2.3819909354703124     
   1.6417528571781643        7.9243914040619341        3.1791892915194446     
   2.3772010031674062        8.7493674480117054        3.2109150610643109     
   2.3394795158272590        7.8625319974152958        3.9625853795724457     
   1.5745712031061057        8.6892266842600936        3.9599632894690813     
   1.5640399811726646        7.9309560837251878        4.7427564590574853     
   2.3764979331765672        8.7371434910172496        4.6385678918733841     
   2.3857594048219886        7.9985400628304451        5.4975421836831586     
   1.5492744161753811        8.6201845406590056        5.5577803425796777     
   1.4907647340754697        7.8780056978266435        6.2972668038403956     
   2.2133997939418077        8.7241306717954181        6.3010249346976659     
   2.3066951116676906        7.9302683132721796        7.0736615413932444     
   1.5294059455065958        8.7449623745814549        7.1696721976190103     
   1.6114975260781259        8.0049508093648267        7.9924840775093990     
   2.4089298865284947        8.6439530918677612        7.8881598556437318     
   2.4757060460740505        7.9106677494958708        8.7659385992336087     
   1.5869478994580526        8.7673814285662477        8.7205443418093225     
   3.2140510543204450        9.4839244763877897        2.3996220281620007E-002
   4.0443774045822449       0.77122257427488672        9.8021177722910940E-002
   4.1747530366685286        9.4176323303119904       0.87533196014215764     
   3.2221589558673411       0.66431897995079436       0.82493307387569992     
   3.2419864727614738        9.4339772565778279        1.5246306737287787     
   3.9160652526844228       0.75889281204585601        1.6166266130769185     
   3.8921079972276251        2.1088410990413201E-002   2.3308690486995953     
   3.2117377471233213       0.73437316720644175        2.3278395450744087     
   3.1621650437202762        9.4971859921338613        3.1564442122572265     
   3.9521800589221381       0.82648368413944495        3.2212932811478256     
   3.8992417705071989        9.4955867928412676        3.9566800389129253     
   3.1542243763322193       0.78718436211001763        3.9426020645027133     
   3.1386484592030630        6.9927093199347409E-002   4.7581888859884973     
   3.9707591176275416       0.79235061480403868        4.7449520798548512     
   4.0720413203255781        9.4731514803761225        5.5310056484619636     
   3.2237344756667414       0.73972938042909286        5.5923418827073492     
   3.1119606806590898        9.4061259468123524        6.2719782837818832     
   4.0160065783889136       0.74156625422737243        6.3425641140352100     
   4.0504227597222906       0.11894080768564891        7.1742696758291675     
   3.1703725943802792       0.79767955258035128        7.1520879956051138     
   3.1811254293319924        5.7748565582615456E-003   7.9401708383164902     
   4.0296490739032196       0.82843624889877754        7.9235738936459867     
   4.0218172681115893        9.4842899948329791        8.7251253475943553     
   3.2301352337619487       0.75643988054976086        8.7454277605096014     
   3.1609500016669347        1.5767840756872145        9.5171219941216716     
   3.9153582463028789        2.4074820165769211        5.8651096790516284E-002
   3.9502238116647392        1.5867466231603615       0.79345771542000398     
   3.1869346999724844        2.4078252222721717       0.87368351069021066     
   3.1602737652496313        1.5531781648806404        1.5541280013561452     
   3.9617192780411603        2.4087782244350184        1.5881171664908176     
   3.9815529482012089        1.5632746978064018        2.4739077560590599     
   3.1069509708580503        2.3834450418263038        2.3808352552689889     
   3.1494251629728782        1.6212518487831784        3.1595346253886096     
   3.9154501864156552        2.4202351885203099        3.1356969894192996     
   3.9495937575151867        1.5337765402335346        3.9887923505648644     
   3.2474020213409642        2.4520210889563896        3.9460241662680442     
   3.1622986748458861        1.5888750370645799        4.7659909331993973     
   3.9785365521671023        2.3405052569062250        4.7318563542219785     
   3.9527593221044790        1.5309350174720393        5.4914964207357526     
   3.2574657675059133        2.3997613879369504        5.5399864329110535     
   3.1933387442865668        1.5034040186474935        6.3214859900901947     
   4.0949766305637807        2.4429617385278308        6.3890292868779230     
   3.9721121156550150        1.6226507285075289        7.1029979322321859     
   3.2257988112753742        2.3840799074950940        7.1579421449313996     
   3.2173060199127859        1.5905914455496872        7.9392854005215101     
   4.0440771074365687        2.3236963097867314        7.9075985103578894     
   3.9201924403061903        1.6346101616706703        8.8275813674646688     
   3.1408312736401895        2.3451812424892915        8.7889067055783787     
   3.2917522050212487        3.2183718841892315        9.4717360513985724     
   4.0069580004723857        3.9757927373151820        9.4475701359910200     
   3.9032851206608861        3.1915557001055723       0.76834377579383528     
   3.1868089032607130        4.0079993637919502       0.74914969745216897     
   3.1577741111608644        3.2187235883422081        1.6389410785269776     
   3.8676070824201934        3.9918239232440080        1.5390623638631795     
   3.9639401514240111        3.2232951916739889        2.3910879938480538     
   3.0712463490978688        4.0104777120351098        2.4011888783699651     
   3.0870822653085734        3.1866137716050096        3.1669628438220170     
   3.9652205612373268        3.9177793588344705        3.1862525146146852     
   4.0278336548371776        3.1429329733179379        3.9796503610826131     
   3.1874740449212497        3.9128528461229162        3.9698751296681141     
   3.2908986741997568        3.1884506428676076        4.8195769865354690     
   4.0207214640755931        3.9791489265963476        4.8361053263019880     
   4.0018516723430366        3.1689233839836479        5.6984433853641132     
   3.0673308441833109        3.8851848766396277        5.5896871156027279     
   3.1986130870248779        3.1232800098066127        6.3493420053144138     
   3.8847921951378988        4.0071886266959362        6.2922667447902629     
   4.0426649909331722        3.2114746709111097        7.0894602994497591     
   3.1752647830656877        3.8706488008775333        7.1750555988886360     
   3.2268424903263244        3.1338303390618378        7.9685094642354741     
   3.9764553302427834        3.9943890769381656        7.9226134850960683     
   3.9777020621068195        3.1007041164879801        8.7571015753457164     
   3.2050868228595468        4.0348614662026057        8.6570222296745651     
   3.2541914546294479        4.7883694632607767        6.1608489704069201E-002
   4.0741755933970625        5.6215965328939221       0.13362359804899063     
   3.9898035895624657        4.7355022815735222       0.76470355694796721     
   3.1493684263530288        5.6160075454513283       0.86385598167886157     
   3.1435723724649458        4.7981509927560344        1.5773436388112334     
   3.9374503144884705        5.5276088818837970        1.5522659018692029     
   3.9436000538273217        4.6931028732797460        2.4428881493949044     
   3.1250103857740266        5.5770342397052142        2.3779710738511537     
   3.2145669635262157        4.7639510617477754        3.1830762981613199     
   3.9459631148816934        5.5638022274498624        3.1227276883424158     
   3.9237230404376504        4.8123522005439598        4.0134365784458410     
   3.1368369410784296        5.6367059077723916        3.9459374586044107     
   3.1952673001859866        4.7803708205057269        4.7973575841312570     
   3.9641957050200198        5.6274879848104469        4.7516311798470401     
   3.9001708955712786        4.8782030405107140        5.5926552795533704     
   3.1553931884465491        5.5946383996890843        5.5181190787479855     
   3.1006640471207469        4.8478002526628412        6.2839199214079784     
   3.8746237848182252        5.5705021541023667        6.3957743779182046     
   3.8511731530125730        4.7813478888440972        7.0871364518069573     
   3.1490738687174824        5.6826638493698995        7.0859745152228841     
   3.0984683431274758        4.7764679962230021        7.9154422817879935     
   3.8449065441498651        5.6100261011946158        7.9343296063413593     
   3.8954381906187256        4.8602547180281528        8.6760082362740025     
   3.1827053127297877        5.5756064746797867        8.7667154773164437     
   3.2726226725478629        6.4158471500313334       0.11458319804611308     
   4.0885735319951610        7.1207253226420164        7.2899935440393845E-002
   4.1028326786346883        6.4381738239744246       0.91983064476319953     
   3.2560909067182568        7.1652462848180143       0.86838092054736016     
   3.2476044582845183        6.3741064035529709        1.5185737740123642     
   4.0932147253025812        7.2329837116491777        1.5453360611906142     
   3.9819115068714233        6.3417138838753164        2.3264874822784285     
   3.2082001585573652        7.1233313765067381        2.3009443232919824     
   3.1535354108246718        6.4049598606889839        3.1942357617504444     
   4.0206505521964502        7.2223213871944258        3.0892943206142873     
   4.0201214242673400        6.4339752678158746        3.9426682441406569     
   3.1690077760460222        7.1372203312446008        3.8992824167736200     
   3.2536492122375757        6.3543899870888829        4.7302342756427667     
   3.9361075376049635        7.1384215652166159        4.7272003920146002     
   3.8903447774271016        6.3123985464423376        5.5888382410071102     
   3.1236651962698034        7.2524691883838397        5.5094506903242975     
   3.1214688686891541        6.4026160668761039        6.2771969749475760     
   3.8434869971709049        7.2648130185833057        6.3240976326730713     
   3.9833016417108311        6.5311561299545691        7.0133311037434058     
   3.1692466686245404        7.2124956742311408        7.0492284047207567     
   3.2321632037869281        6.3862516059470487        7.9971783588068011     
   4.0140896886772648        7.1204492991314607        7.8450971212287079     
   3.9969910675163494        6.3100736417806065        8.7676608388851651     
   3.3004145557244979        7.1905925050011748        8.7693844347424523     
   3.2472576777419979        7.8436936130949011        5.1468203633246445E-002
   3.9951726310651665        8.7124662164620492        9.4972802969789143     
   4.1049445381746521        7.9693342102048277       0.81146912843554497     
   3.2483643032573211        8.7012671632557925       0.75826314340646161     
   3.2588438982876240        7.9673414407708751        1.6311961800950214     
   3.9966208785346016        8.7468889383066522        1.7069185720775311     
   4.0051337114180603        7.9721481449671963        2.4431941494027285     
   3.1567484724877106        8.7228188498054173        2.3609268152983569     
   3.1058224900738254        7.8759202465433038        3.0700054912204444     
   3.9946615153437817        8.7376722558912459        3.1406888041144745     
   3.9634081830852352        8.0072388521953588        3.9893077437107700     
   3.1598533932382362        8.5790079481076269        3.8541170937208022     
   3.1554619589156983        7.9483594207877069        4.7361999374973198     
   3.9139465107209084        8.7696988027352774        4.7145455169749679     
   3.8949983097297496        8.0021617250096089        5.5863353331632872     
   3.1465040564850653        8.7528447690116842        5.4386506042029943     
   3.0973030258890910        8.0485142065528237        6.3434390119367530     
   4.0074031363553022        8.7645037995621067        6.3321986179565712     
   3.9590302546124936        7.9236702007338220        7.1060590688377676     
   3.1932175332558792        8.7907963484784339        7.1184749015867750     
   3.2484834051761551        7.8934498818229235        7.9198800885036276     
   3.9735438940728849        8.7663549288719000        7.9598220339961232     
   3.9903456293087256        7.9162539967567973        8.7429560613540307     
   3.1730301503176594        8.7038605735886581        8.7409226349746056     
   4.7399465950868649        9.4799217981576991        9.4971876444291912     
   5.5037538443739669       0.74525187411488825        9.5051824858328473     
   5.5457098647449632        9.5124838837826236       0.67863415693165419     
   4.7860871201340336       0.79944140023522337       0.86856713226307991     
   4.8026750777248388        9.4278848755272886        1.7573698800071635     
   5.5966642780032521       0.83105831454865020        1.6110224833064506     
   5.6226567756221426        1.4686199837475478E-002   2.4497063814328457     
   4.6713466145396607       0.70788981623621228        2.4324348888172231     
   4.7645689309957922        4.5256649021260746E-002   3.2238879335557278     
   5.5430751146735115       0.84301441539549971        3.1316950247329349     
   5.5744669690957016        1.0920531712351578E-002   3.9595135493451363     
   4.8284312951695814       0.77830089714865480        4.0191498543162059     
   4.7626433990510488        9.4963994700858230        4.7111302257117389     
   5.6393384288288155       0.68618783465039579        4.8095675850938591     
   5.5171056301635257        9.5234024154533827        5.5758502270542243     
   4.7052388811676842       0.78144825830993014        5.5302035482335041     
   4.8197203746367645        2.5627500233794020E-002   6.4488453336917777     
   5.5315971226793490       0.78820325686430770        6.3739873657864861     
   5.5714801183943390        9.5077662312165536        7.1082402519621066     
   4.8194016271709694       0.93004154084858570        7.1145169202232115     
   4.7639558822791113        8.1636960964552266E-002   7.8829399250887935     
   5.5366332591520360       0.76053578771565344        7.9192599228512348     
   5.4807515854752076        9.5087984366763791        8.6447835049429482     
   4.7283152110881659       0.86381853736672931        8.7876156260664544     
   4.7550738584906345        1.5773748767549083        9.4825063239718297     
   5.5504772125739548        2.4006967228708329        7.4036931364293929E-002
   5.5223367853947671        1.5656821233596250       0.84134474034767459     
   4.7747386562804044        2.3227300434909304       0.79828534835652210     
   4.7666899263035845        1.4777934127750070        1.6843109472088067     
   5.5897312826212220        2.4404431308441836        1.6363693835502897     
   5.5379786005519405        1.5854779808644610        2.4795708226609556     
   4.7451434333985194        2.3983975620456830        2.3208570843114740     
   4.7701932095346491        1.6881584386289430        3.2169917983141834     
   5.5066834973871961        2.3611593677649321        3.2715807806692094     
   5.7034040078643580        1.5942494010300785        4.0155271427360866     
   4.7451053888294910        2.3863435190101310        3.9797563295634788     
   4.8192517341500851        1.6262781122760142        4.6852117123971295     
   5.5915820635837301        2.3964318491953285        4.7494152978635311     
   5.5471845394509787        1.5571996495018157        5.5071329941909646     
   4.7754327597480195        2.3217330108976233        5.5147406220827540     
   4.8019172599992501        1.5244341911437012        6.3065814975551788     
   5.4871798032932944        2.3621790402938649        6.2797584169627285     
   5.5660561968105826        1.5665457415855122        7.1385166805132538     
   4.8418809184397071        2.3028508549191917        7.1620117924852877     
   4.7464306986024241        1.5370037149376026        8.0289643879065675     
   5.5264284065570077        2.3314113910591430        7.9192311707669409     
   5.5506955422736484        1.6113303596915209        8.7537806769775806     
   4.7502564897080424        2.3712465033336492        8.6731826118305975     
   4.6688544539645740        3.0980778317137831        9.4298964100833320     
   5.6089555975477516        3.9937900070825401        9.5154613512337072     
   5.5416709537026483        3.2266396730483420       0.75313571778934874     
   4.7340632862009775        3.9205417563460907       0.67909968770478035     
   4.8187622273752844        3.1844156447354943        1.5208380239576016     
   5.4386319306676025        4.0073415866911803        1.5372536323586805     
   5.4751709215512010        3.2325390320340879        2.4084625404473203     
   4.7418426430840661        4.0592170159449026        2.4479837300486444     
   4.7723053272544504        3.1412170155620620        3.1988171489254946     
   5.5723536685214841        3.9969964954787796        3.2869215208616427     
   5.5232462359750114        3.1272424402497139        4.0442141068568276     
   4.7243572410584136        3.9446946402266305        3.9570708177859717     
   4.6626142725788737        3.0849760988503312        4.7804562588108066     
   5.5062451864909150        3.9400711248342990        4.6701861906835864     
   5.5337767995890133        3.1865376149937430        5.4887260114378140     
   4.8052096398735271        4.0078913075904614        5.6498557441626867     
   4.8120777332650375        3.2129022960705012        6.3950453165405179     
   5.5368850675779520        3.9877512506788553        6.3503474841385090     
   5.5302573800723156        3.1328172843126287        7.1340594711108514     
   4.7152832187070883        4.0743500489651439        7.1503199371367039     
   4.7410463806888279        3.1482679557199562        7.8707888686905374     
   5.5970908026574406        3.9021907738159403        7.8373906409027185     
   5.5537257012162398        3.1902397250936634        8.6322175538946819     
   4.7311868444871132        3.9857000186938762        8.5990862491468611     
   4.8259730326696788        4.8298025938289069        6.7484994100082990E-002
   5.5675728721320157        5.5825150598693298        3.4653585078606067E-002
   5.5789610824812179        4.8463337778590585       0.77366226192031307     
   4.7839804973529070        5.5097099832920735       0.87786646165814841     
   4.7693857212659205        4.7737687757275031        1.6040926568143630     
   5.5614835832429339        5.4897838899235305        1.6697419921696519     
   5.5729150329991226        4.7970101660870421        2.5525269050116051     
   4.7110872889562279        5.5064157720329359        2.4117225475460655     
   4.6542289760204723        4.8412511132269680        3.1803684675525203     
   5.5368315189606578        5.5262022880334190        3.1842690615018783     
   5.5814980415212281        4.7523982483183911        3.8780033728598431     
   4.7190080252016049        5.5961803086261339        3.8913617251541486     
   4.7143809597300557        4.7419239774186810        4.7223737295056916     
   5.4906961795036953        5.5195109157699376        4.6939093502360221     
   5.4791365251147530        4.8149915083839616        5.6381573973617050     
   4.7474898045383469        5.6351663773834861        5.4990693183326060     
   4.6153588963354988        4.8256686044836368        6.2699736895627014     
   5.4097830156631161        5.6590577369434314        6.4292704389832656     
   5.4560669903234071        4.7387657251345461        7.0539134854367775     
   4.7084295198257218        5.6210436272078450        7.1160865551148591     
   4.7100084465236094        4.8639052046924380        7.9179828653466195     
   5.4878578949088057        5.5095502390279281        7.8361648110478930     
   5.5312741911411187        4.8091731917868898        8.6740475253215497     
   4.7135988444175698        5.5218123899634994        8.7706521895716509     
   4.8534685484232671        6.4196134273755927        7.4287531917160865E-002
   5.5795216664085778        7.1705667509035358        9.5012894031722510     
   5.6932266268617617        6.2358580548338987       0.82949009659882522     
   4.8754799329036196        7.0816940485450131       0.88663778895326917     
   4.8701822372642694        6.3275152444511109        1.5596711400596888     
   5.6219386043657575        7.1714001898527906        1.6120428809536116     
   5.5547047681173991        6.2803303045093468        2.3717384972306759     
   4.8336291593538094        7.1533117135230873        2.3050729304594437     
   4.7773082634139037        6.3616631839542306        3.0969769263639315     
   5.4946933776587530        7.1343525670167489        3.0803447639346695     
   5.5132411318760131        6.3699513671841137        3.9856817628780625     
   4.7279209780828255        7.2524587177925319        3.9537694963436505     
   4.7485018210278076        6.3686950463109016        4.7203034250200417     
   5.4879664485758708        7.2222666623660556        4.7927846487253474     
   5.4991204431512628        6.4382363895704948        5.5058618628534806     
   4.6487096407613473        7.2033755386834164        5.5981623681058572     
   4.7307625450569484        6.4004375203200574        6.3279661672427174     
   5.5085863189640563        7.1534239067578600        6.3263435704125071     
   5.4752871598067516        6.4041600330893935        7.2243372536387556     
   4.7361095903309769        7.1946105184999114        7.1227645615213540     
   4.6910696146134843        6.3378513105158589        7.9017039597914671     
   5.4870947832858450        7.2296657211621937        7.9016225428307871     
   5.4310290639772756        6.2707016849990680        8.6668492034955200     
   4.6822623939128816        7.1750593895526489        8.7294421375435167     
   4.8700421788705475        7.9884726978217602        9.4733352845997363     
   5.7254555520492492        8.5615724712016057        9.4410747017919405     
   5.7132280973206440        7.9962519522293913       0.84832996372171432     
   4.8917224455447466        8.7264872896813870       0.78283636319232641     
   4.8588476373889069        8.0127685276872782        1.6091030568054960     
   5.6735703535462481        8.7390566246911145        1.5346133987932573     
   5.6365621422060839        7.9594506446588129        2.3477764049253458     
   4.9131664986915506        8.7106264803218281        2.4271651507757848     
   4.8650595387105726        7.9579431992915897        3.1093628606221260     
   5.6735823754768848        8.7817704257974132        3.2643597400402022     
   5.5807128592980302        7.8880412647920437        3.9423527431757117     
   4.7431605678097206        8.7377728029122093        3.8582760296117056     
   4.7280472801517801        8.0518501771252158        4.7430012501871115     
   5.5537133873443540        8.7209196688567712        4.7066987795783195     
   5.5669572821074649        8.0400314968359261        5.5517396226927689     
   4.7219345198976894        8.7008098499904847        5.5728428862940582     
   4.7093348067295517        7.9387339156803867        6.3564614090504170     
   5.5901154982862451        8.8149015999241058        6.3792921553140420     
   5.4582393757891801        7.9366722018588645        7.1718775670269697     
   4.7698374929420844        8.7173793028512474        7.1850145126479266     
   4.6866228869846491        7.9242179896815985        7.9384446277635154     
   5.5984808104058699        8.7403226045108191        7.8107736689825655     
   5.5772945541627834        7.9603233966733580        8.6032485882566903     
   4.8859167935876293        8.7505413110690444        8.6897508833882124     
   6.3009340591904675        9.5105541059185779        9.3795425014446501     
   7.1007099362515218       0.73591971140042856        9.4573638586971800     
   7.1355030689972132        8.0174921437819319E-002  0.76024925300993917     
   6.2972719148825407       0.73703347109721296       0.87209356950734607     
   6.2594125581637918        2.9032781928946632E-002   1.6518081739901089     
   7.1597206616129068       0.73999469556442277        1.5670333921491553     
   7.1646120514447063        3.3781989959447298E-002   2.4622670437920116     
   6.3722941265816289       0.78216782577827060        2.4654931830290763     
   6.4572585272561982        2.0273774533358047E-002   3.2536926382565654     
   7.2262937246108567       0.72816670603572298        3.2572446365462864     
   7.2098257918629027        9.5181087603760766        4.0171341271957317     
   6.3721260518439653       0.78758604597156667        4.0042693199294890     
   6.4109234028190780        9.4686752086713373        4.7493725816962753     
   7.1505321852947397       0.79397264679403456        4.8317337292425302     
   7.1611223137405373        9.4930091518134851        5.6415523268707428     
   6.4361576162678995       0.80788403797669672        5.5567377145516632     
   6.4350469740849228        9.5059518872521771        6.3901292719308795     
   7.1561573807541903       0.82239248050244751        6.3036059614083113     
   7.1657663240590059        9.4570410969441117        7.2065358278961265     
   6.4225135842222105       0.73558060399119118        7.1523233608291017     
   6.3798869682184183        2.2264757143122017E-002   7.8802576563638684     
   7.0640538825377721       0.79760041709570351        8.0382732078756973     
   7.1817135948857276        9.4524051615521731        8.7653360858799818     
   6.2537365318208984       0.79994909871477293        8.7008530158249933     
   6.3207296220304521        1.4932341406263401        2.1620161062291265E-002
   7.0497091505412808        2.3848156164744223        9.4447488094845120     
   7.1302830563008035        1.4858513370403927       0.77728542963517322     
   6.4102594792676051        2.3484117769294772       0.88809453685344042     
   6.4131701496882894        1.5769180618404441        1.6220765066307503     
   7.1201848738684026        2.4118515640827267        1.7006786615719425     
   7.1873070713631968        1.5895259389979390        2.4035361844830132     
   6.1865631905543941        2.4698612019161112        2.4586223130939562     
   6.3131562127103074        1.6289638558752031        3.0939058255584140     
   7.1209547471889163        2.3003093716084835        3.2148960056491811     
   7.2062105764381279        1.5652974364029471        4.0321477387114850     
   6.3799737291680669        2.4121414461909993        4.0631058817205634     
   6.4472260196345914        1.6877482349634436        4.7794660759675685     
   7.2260868080483300        2.3686607562770718        4.8205543185177229     
   7.1925118468605058        1.5942037414435284        5.5478900391033177     
   6.3735317980798261        2.4595859095673860        5.4621295465965378     
   6.2849238064630057        1.5963853434140967        6.3131829356822653     
   7.0968426324904108        2.2794066615736890        6.3452816196369319     
   7.0584927195634117        1.6290675161464083        7.1166879984394686     
   6.2750195252231649        2.4089855552706361        7.1167032171887881     
   6.2912367591265177        1.5101635502651056        7.9315018841684344     
   7.0769527597936221        2.3071904298379242        7.9259333815716220     
   7.0323230612375118        1.5769789798305325        8.8274886257668435     
   6.2920945788909899        2.3173008145413805        8.7197965772287933     
   6.2749236475499011        3.1481592096268427        4.5004452933117188E-002
   7.1247603397265600        3.9911112289249528        6.4632777132345456E-002
   7.0667012094370270        3.1887824422173288       0.74131366157612133     
   6.4178974606012318        3.9183880678549405       0.85863016139385651     
   6.2950059687244782        3.2343965171289302        1.5653576327893199     
   7.1292513731150935        3.9992950153290421        1.6301509992310033     
   7.0697181186014530        3.1621308649491162        2.4384525719615744     
   6.2283639385607366        3.9901341926857805        2.4200707523826654     
   6.3638919959408922        3.1840077357494665        3.1822947748914547     
   7.1536848712027155        3.8613186043168448        3.1850869108720086     
   7.2169270015856855        3.1126001458799970        4.0277602172099156     
   6.3210616339080872        3.9716487030940009        3.9704846978764112     
   6.3187086299478059        3.2482854838806672        4.7671140283795213     
   7.1137569301476464        3.9009546717228023        4.7349844404832178     
   7.2009106753231791        3.1137038252235625        5.4568158345943942     
   6.3102599093874039        4.0131536607977907        5.5246286141072991     
   6.3506769481503760        3.0960583954736505        6.2713431589808888     
   7.1963021688123288        3.9626388401451700        6.3452949925486237     
   7.1229585878637440        3.2117323448432824        7.1910609065105557     
   6.3606408159900933        3.8909429835765907        7.1178360910052598     
   6.4005084601400659        3.1647422095354769        8.0037660801762947     
   7.1416570831047466        3.9607538571617393        7.9318555455820992     
   7.0444617111638896        3.2344487888613598        8.8012447639926723     
   6.2214000743659090        3.9927568484944751        8.6726451661467650     
   6.3457930790666470        4.8051418861652673        9.4381678233853279     
   7.1298528557744580        5.5285030366083907        1.6520527667533227E-002
   7.1094924557991090        4.7143609323177742       0.82976427067931591     
   6.4041792580147385        5.5678164515246591       0.84535517037970986     
   6.2664587934426574        4.7496087386369359        1.6092821019341466     
   7.1812098333913701        5.5736329627688628        1.6667167610161902     
   7.2632780842461662        4.7960941913543733        2.4421990432463829     
   6.3125170163151649        5.4632194734573734        2.4332136330459258     
   6.3933604982004235        4.7263963842231087        3.1613358464576580     
   7.1008635926879400        5.5280039361476421        3.1565983001075026     
   7.1691641370282397        4.6496234803343981        3.8925039103198453     
   6.2936781082881446        5.5542045893088057        3.9716118065591615     
   6.2714614320588584        4.7862997448119113        4.6760741703790005     
   7.2725438660074735        5.4870653006482986        4.7078227708991340     
   7.1129481030224664        4.7099596427972568        5.4625078233255406     
   6.2200075844872895        5.5364752258013299        5.5022654366740138     
   6.3108720728522441        4.7953326631704876        6.3900791307806291     
   7.1632879869626445        5.5744622076788382        6.3745010144962366     
   7.2191151064010040        4.7589925699808866        7.0680955312365956     
   6.4127085246166420        5.5929835156136392        7.0802629276059212     
   6.3637499912440001        4.7035846113119595        7.7856639378361008     
   7.2135772963032521        5.4048506862786700        7.8867915594029672     
   7.1762407036579292        4.7334445203071178        8.7081794680675539     
   6.4224796690642920        5.4810517427860583        8.6908294456843826     
   6.2818717093332568        6.3737189806834751        9.5152667058828317     
   7.1018699730398618        7.0431521809144071       0.15672603275537175     
   7.1270809346855213        6.2824024746853153       0.88647563924853368     
   6.3357333501398685        7.0953392767247641       0.83481178490808405     
   6.3226809532992494        6.3750827999930602        1.6598736837636492     
   7.1337445196394391        7.0914534263571722        1.6370455940579649     
   7.1247033878141623        6.2662344766947040        2.3618980556906641     
   6.3476061852228609        7.1383992465433055        2.3310703562543460     
   6.3569954436708596        6.2549171784659228        3.1791179980931488     
   7.0986130660091495        7.0614362843449046        3.1513851234177408     
   7.1536413862171964        6.2559371494271749        3.9519151591638280     
   6.3490346506628548        7.1076142371055351        3.9751673353763088     
   6.3496499224897782        6.3567561789576228        4.7563210322023641     
   7.0633399168828399        7.1454948924646384        4.7512401740365382     
   7.1407801252725100        6.3439924887865642        5.5499311928554116     
   6.2491638623057408        7.1778315826984276        5.4931739328977622     
   6.3080715423794382        6.3315618452840789        6.3550150581136622     
   7.1248913410781958        7.0822098382676240        6.2488755061592851     
   7.1692103993242435        6.4201945717047382        7.0277313535013990     
   6.3650864416779918        7.0846792346533531        7.1616132612356624     
   6.3334997622943394        6.3538772755543969        7.9536954503207475     
   7.1838891646468435        7.0358891711495106        7.8352544423239250     
   7.1575075060729567        6.3016195119553142        8.6527359524625478     
   6.3723166877600788        7.1108512086804279        8.5870558707440114     
   6.4109565810889251        7.8033608274204775        9.4162320377899373     
   7.0897775412904673        8.6757064964826327        9.4191588804196460     
   7.1665501839709860        7.9779154273731070       0.64919957268408790     
   6.4093781040027382        8.8471015644438822       0.74327273323934373     
   6.5012402917165142        7.9018502417736549        1.5411153475836770     
   7.1045381310940483        8.8027338463386258        1.5683693592581851     
   7.1235915809438470        7.9589500980545687        2.4956045348072071     
   6.4370044913741156        8.7981594252938784        2.5062596631915057     
   6.4045016254780043        7.9444537504826407        3.2242491614778150     
   7.2960037810321889        8.7911872300186644        3.1732170586703354     
   7.1856360254277201        7.8820432185415878        4.0160809115772658     
   6.4691127650665559        8.6914606681798929        3.9832198387801112     
   6.3191966456035811        7.9446786614483251        4.7735651408555144     
   7.1871782671883242        8.7932638390141733        4.8554071574298581     
   7.0395848963671401        7.9095089972336368        5.4975287959624675     
   6.3418958453521768        8.8157514582513592        5.5349180443499915     
   6.2662199662282303        7.9050715963152181        6.2862466658718699     
   7.1033403367119714        8.6869315289052764        6.3418759101461797     
   7.1375100765780761        7.8378629902387544        7.0586392563237546     
   6.4258137746653805        8.7199823830921908        7.1764361539747012     
   6.4531503715144796        8.0035268856749582        7.8876186505715769     
   7.1451587950495803        8.7435991490059735        7.9457050802055695     
   7.1806915311168877        7.8456724390822492        8.6718824850618201     
   6.2760665945799108        8.8286707046042974        8.6026317167582729     
   7.9431841705147708        9.3458987666777151        9.4585608604714135     
   8.6650956108842649       0.71127273924240997        9.4894342992400027     
   8.6762926953336112        9.4325835709326888       0.79487426692636132     
   8.0353646711397815       0.72839712660180878       0.80998459810407097     
   7.9241380482799517        2.4185707334458497E-003   1.6025434329253767     
   8.7155956142252240       0.74541301025284756        1.5733076043095084     
   8.7282249052358232        9.4825906379118781        2.2982294116828559     
   7.8974755473284901       0.82376624993706227        2.3205338066953090     
   8.0468872484891154        4.1889567009859921E-002   3.1786937667654778     
   8.7824162333008147       0.78070960504760134        3.0962104292444050     
   8.7274312329656620        4.7339837760867254E-002   4.0602845037701805     
   7.9674201810872409       0.87442806345556945        3.9856446862693371     
   8.0270623694025467        9.4809836862388526        4.8585002142547928     
   8.6302903294728814       0.85467021497175866        4.7881813515788627     
   8.7920869222101441        9.4201475365510046        5.6139850378407781     
   7.9531327234884603       0.82877770152889230        5.6096240099020029     
   7.8494100759503471        6.2185319460618831E-002   6.3560829709651756     
   8.6578828395907461       0.84784854238480201        6.4148708220116868     
   8.6603973030225454        9.5120656239224637        7.1052170427745409     
   7.7729237990393543       0.87177135426215790        7.1566233370788277     
   7.9105454492838385        9.4798985094663060        7.9500749527565864     
   8.6683407860877377       0.76569823542701154        7.9119255033040918     
   8.6787753931178457        9.4067298729728659        8.7323741286807319     
   7.8866472992779268       0.80151193964638312        8.7105513300335957     
   7.8416619248232022        1.5182690311571174        2.6991323665317347E-002
   8.6917621397762019        2.3375411975132860        9.5182519938332426     
   8.6428400017430818        1.6009056240070394       0.62728563498574641     
   7.8703709143795635        2.4009392379403209       0.77047824151575617     
   7.8710423866782131        1.5800784659783431        1.5675702369066189     
   8.6139921782816877        2.3207221805789846        1.5337997211549859     
   8.6297341572125745        1.5754844452237708        2.3489289389527186     
   7.9559330299115762        2.3767210425882723        2.3557143418137483     
   7.9187133811802344        1.5241201564401283        3.1598478208097047     
   8.7152812284299639        2.3180077502135048        3.1480931681086650     
   8.6888761320563130        1.6664955330281968        3.9917384118104247     
   7.9581874762378462        2.3649970084957714        4.0172062154769304     
   7.9371308985576068        1.6592428722305823        4.8240107758218471     
   8.7278379827331687        2.4050015642282698        4.7584492504606493     
   8.7920678209144967        1.6167119174094775        5.5108585481475005     
   8.0054020624113544        2.4218707627408889        5.5419305824884608     
   7.9625603341034559        1.6574246059870077        6.3148250378788342     
   8.7559952037807474        2.4254708712370396        6.2359458544836608     
   8.7523648008267134        1.6156566763380333        7.1487168862002033     
   7.9639773798832101        2.3914182540966609        7.1649125719807678     
   7.9040749300151791        1.5819965365145372        7.9184182985911020     
   8.7647931079405943        2.4458598567425183        7.9077247792768679     
   8.6975981319786957        1.5941745966283485        8.7590792216966236     
   7.8355978417255745        2.2900748053799092        8.6604903574332930     
   7.8317644697817874        3.1262854490284790        5.9264564086619509E-002
   8.8395854387523816        4.0419532760902293        9.5041996574516840     
   8.5700494517885701        3.1451927441384671       0.83771734524775465     
   7.9034383659073146        4.0106657246581161       0.71776626710372859     
   7.8532864339405615        3.1889488938997057        1.6426874028577596     
   8.6948736195895595        3.9386036112659042        1.6277109228389151     
   8.6748541003482345        3.1123483753328713        2.3202615868525358     
   7.9724272852223805        3.9661460404762385        2.4345408484016260     
   7.9480916191786095        3.0365384878852320        3.1224942325584797     
   8.7613622236427631        3.9744595495722326        3.1577169711474751     
   8.6712000225898382        3.1161816095668837        3.8686207019741290     
   7.9210896685301417        3.9535456872045591        3.9591243195138262     
   8.0836916979607594        3.1212664395242466        4.7350261739311312     
   8.7666003000680526        3.8702651003788899        4.7137002563278916     
   8.7675753685452431        3.2455713700357678        5.5335052431109544     
   7.9597859692213007        3.9347578551778852        5.5565761557437297     
   7.7574161018423355        3.0754123800830349        6.3048666200960080     
   8.8240019202558155        3.9191222609034893        6.3575224315034085     
   8.8594339469110555        3.1840118856951496        7.0557708061388409     
   7.9931899311525347        3.8519355903055668        7.0787988264013251     
   7.9261298456279929        3.1694416812791597        7.9913741071389861     
   8.7664613997968726        3.9122066380854399        7.8950394311213845     
   8.6991625019218315        3.1615234861099455        8.7816220433242780     
   7.9683466385705213        3.9703280165076804        8.7522445591846889     
   7.8918110347648316        4.8123017133594743        3.2007626593559574E-002
   8.7479931518386795        5.5339265965596729        7.3072140274906702E-002
   8.6584823059798754        4.7898469381949633       0.77850831682013699     
   7.8553842004750694        5.4965891788765422       0.85386283828688847     
   7.9406132790320925        4.8007607281042963        1.6322934788761310     
   8.6445069118670261        5.6277909329269402        1.6286327048221054     
   8.7243130219140177        4.8079442386933833        2.4330273046350532     
   8.0270912535638850        5.5693670767798960        2.4619274883230267     
   7.9801120276224156        4.6917442126203772        3.1559435412085062     
   8.8032989959158439        5.5476986432974318        3.1844563419930414     
   8.7778188908553165        4.8010048820104725        3.9473516633935146     
   7.8997604659673959        5.4908752581390647        3.8510045768048657     
   7.9183391647268131        4.6544248777923576        4.6845310046592532     
   8.7456186324099452        5.5765094825519563        4.8364352500917285     
   8.7931645437675439        4.7654654171760740        5.5870624166353906     
   7.9596592070098247        5.5757294514352216        5.5092659283171574     
   7.8259332192419517        4.8429032695292848        6.2634730023042096     
   8.7212070239473647        5.5782234527863279        6.4249463712556167     
   8.7053098841551222        4.6186226438230751        7.1068843876873133     
   7.8634236878085675        5.5815543095077400        7.1050763530602419     
   7.9749360410349075        4.6691329216268773        7.8802269883811498     
   8.7509393889978444        5.5466976509360881        7.8435384226892140     
   8.7474926276472207        4.8433911886613448        8.7769240941494910     
   7.9271118586944596        5.6946186633482858        8.8143196935364116     
   7.9865606866892822        6.3294706166311707        8.3740569183678143E-002
   8.6978817800573989        7.1231334393550112        4.1925116055574099E-002
   8.7411752908772691        6.3758987200785588       0.86116052094933382     
   7.8336273287679994        7.1347055942611943       0.88770327706938645     
   7.8948225579913451        6.2738442325439632        1.6761257223791812     
   8.6820414912537540        7.1335523086093389        1.5738486262097868     
   8.7191383739796127        6.4398945849018450        2.3810747071277469     
   7.8943489863117069        7.1720489167924137        2.3749234632469847     
   7.8220790449146254        6.3587149918893360        3.1210313465173480     
   8.7355082575601255        7.1772105420272636        3.2436647306773669     
   8.6444703168142016        6.3320925281815894        3.8952788298346359     
   7.8540008806470647        7.0095245748882098        3.9533312737337623     
   7.9584968325907868        6.3509379214265582        4.7644846206432536     
   8.6641138928558963        7.1150001941500554        4.7705151119234586     
   8.7248541056925770        6.3517881423555744        5.6085135313748387     
   7.9210807476404241        7.1830193790079857        5.5567057290141184     
   7.9306134900323579        6.3208959115414931        6.2878394918713010     
   8.7492945891401543        7.1226330595204432        6.3522241038968854     
   8.6269359245983299        6.3589945677463460        7.1335875834473583     
   7.9524278087025957        7.1670127828428045        7.0352286597836633     
   7.9099470910951020        6.2470537243697573        7.8926797486515614     
   8.7387661412138584        7.1709084958363913        7.9226143549242360     
   8.7283982455666749        6.4673590985056011        8.7333718130773441     
   7.9427592101742688        7.1302053866705108        8.8350397963928700     
   7.9663002127185027        7.9049966820400366        3.9009969316707194E-002
   8.7870777870301833        8.6592236937642255        1.3795088919305143E-002
   8.7208147841987973        7.9051806852115432       0.81120256385666278     
   7.9940226425937100        8.6919840228387404       0.75433526353249425     
   7.8160384070358004        7.9342612658678533        1.5472303027245171     
   8.6597032040266537        8.7136937381439967        1.5304997256311255     
   8.8095464356511890        7.8847128306957837        2.3533039258805188     
   7.9927595864659251        8.6610545073919933        2.3202239552927013     
   7.9825745654251179        7.9313101567146029        3.0780114073549774     
   8.6735575446181414        8.7763938251973403        3.1060826314238978     
   8.5609764564654398        7.8489886893552079        4.0009820669200575     
   8.0074544607628546        8.7638382717975727        3.9972975970491986     
   7.9151314984124115        7.9535608451207356        4.8835370679468877     
   8.6944353818089173        8.7053975417725784        4.8598538119956736     
   8.7613283204055108        7.9305060066182991        5.5637681740907716     
   7.8124070617833574        8.7605131673514549        5.6768938394623563     
   7.9281962244951707        7.8786746871674556        6.2610545037552532     
   8.6884451925117858        8.6908191800016326        6.3685042660975899     
   8.7581398251137177        7.9438122224518732        7.1554915830682608     
   7.9071141448128310        8.6211416802791412        7.1382545537821276     
   7.9200190458721211        7.8700982243155115        7.9474227263446462     
   8.8430926678230204        8.6614157374587659        7.9122670897240184     
   8.8040245479647954        7.9304438046580614        8.7625322828533942     
   7.9988550131995995        8.5794151901061095        8.7177594185419984     
