   9.4239209136498001        3.6395806615033284E-002   9.4624209453593124     
  0.77150978161309924       0.65253497014377060        9.5162072537527802     
  0.65331449769364158        9.4373391752524469       0.70078295213716990     
   6.8667216383424656E-002  0.82612278210711698       0.77162344773448754     
   7.0980103969356001E-002   1.0619858586175555E-002   1.5644082751715966     
  0.89581771375259434       0.76986349626882211        1.5904494234372459     
  0.82177502479329800        9.3775502097191961        2.4096249227354472     
   3.6265161678425438E-002  0.75530752744417773        2.3149316113737441     
   9.4615031079213008        8.2890066351735500E-002   3.1703018640116096     
  0.74390569121275929       0.86507075886290385        3.1278795084294755     
  0.71656947274019644        3.4634809793803470E-002   3.9519950100151053     
   9.4587370236694586       0.76055925951443981        3.9373198856495040     
   9.4660889140380622        9.0402874078507278E-002   4.7931967018294319     
  0.78613214609416138       0.81055499184339319        4.7167556450142714     
  0.75946537710520590        9.4956284357365615        5.5388030528072338     
   6.4966819637837833E-002  0.90651104853091968        5.5249201517506448     
   3.2572619141309066E-002   9.5179425475207857        6.3231008712781840     
  0.76494326701698745       0.82373102523226260        6.4169935394230126     
  0.84832887202012197        1.1606241417204918E-002   7.1884371395876796     
   9.4956020085843047       0.75018767038244072        7.1281975532868334     
   8.1964526408460376E-003   9.4709527786851133        7.8484773475618548     
  0.83428681503699686       0.76851288537536566        7.9780228623662683     
  0.79068450304689442        9.4786418581213550        8.7105080207413152     
   9.4647058170657434       0.76514734102946824        8.6529155095282171     
   9.3429310515590114        1.5657966106869825        9.4745816763778148     
  0.79603468563828361        2.3870562753609641        5.5112297901728703E-002
  0.74544797145234087        1.5298511766035401       0.76929528314715434     
   9.4270050220290429        2.2598341640528874       0.71573895514301811     
   6.9314693517672464E-003   1.5507445407963147        1.5761168846496210     
  0.75174354718108549        2.3970355295666987        1.4485122974773388     
  0.81099081772440607        1.5624050453245359        2.3187620803668061     
   9.5070550762978421        2.4393983468325149        2.3120178110322831     
   9.4292951090582946        1.5952058592481755        3.0950441347513378     
  0.77359983010551792        2.2122337031416013        3.1737491756555287     
  0.74224380819427482        1.5329232768076790        3.9292543767696939     
   7.3735865273402978E-002   2.4278014005310862        3.9405098135408454     
   8.2550859280194996E-002   1.6116574519977267        4.7108914207802561     
  0.86936679248723714        2.3975763963846330        4.6353396056437601     
  0.85923372123717523        1.6014164614120179        5.4425217563291515     
  0.13112964250921230        2.3779617194501843        5.4290494829275167     
   9.5210123437489855        1.5706646487926939        6.4284537147479668     
  0.79212910296902350        2.2438281026424072        6.3297729765782389     
  0.78370833649943983        1.6396965673012101        7.2431379876727808     
   6.2842431707282265E-002   2.4839164077857654        7.1851205133661322     
   2.9436354333473847E-002   1.5651139762762385        7.9801893102279342     
  0.81418216490745587        2.4228046426923657        7.8753227035665523     
  0.73158159459298100        1.5982247203528965        8.7985688654054410     
   9.5192242372208131        2.4024542186971503        8.7469939468312230     
   6.3415958036038181E-002   3.1789212364745980        4.6339539695428776E-002
  0.79869473862538587        3.9882400063040020        2.1196479677384160E-002
  0.80395234186942088        3.2552904705002765       0.82608645515778434     
   5.2718660074711834E-002   3.9640225652793202       0.74571293052711385     
   9.4671507204192373        3.0986506132547547        1.4587423302274813     
  0.71933646188562828        3.8809509650714418        1.6498212555191005     
  0.74098238071725142        3.0964070030413051        2.2861314747349089     
   8.8106590398470902E-004   3.8734686214487937        2.2774416810488050     
   9.4942122638356619        3.1381722657215341        3.1577821580710816     
  0.81638718297988710        3.9424379135418768        3.0551258700727972     
  0.82652084925140057        3.1641888962771332        3.8336557850852948     
   6.3478804462460126E-002   3.8945078107242650        3.8633001635659308     
   3.0502852243915569E-002   3.2799085425410044        4.7220181650011561     
  0.87285216527052556        3.9893090336332344        4.8413055063867496     
  0.97406625742673159        3.1722076001152653        5.4779639877413882     
   4.5100566148351222E-002   3.9854967342887453        5.5407673797429853     
  0.27821962778142423        3.2013745083094043        6.2219213549906653     
  0.90533293723006658        4.0371403222479660        6.2674424615442454     
  0.92531572134149986        3.2191685407029040        7.1166104950435578     
  0.10934268998111793        3.9732073657632929        7.0062675685555700     
  0.19262214598740321        3.2922510742444637        7.9222359294826026     
  0.86433061311269010        4.0121696053040887        7.9000346809504141     
  0.81342452366174911        3.1570450706759088        8.8584865070402063     
   2.6508282659277894E-002   4.0337206649090049        8.7171127176040528     
   9.4520398379009567        4.8392679058933590        9.4320264014173034     
  0.77183456728391708        5.5002925807158274        1.0960812196478981E-002
  0.81577317047676767        4.8075420888420126       0.79877137090024442     
   3.7611305717910992E-002   5.5013637738228649       0.79175496099180021     
   9.4470266501439131        4.6706591703531757        1.5956215363532571     
  0.69642430179507286        5.4463590050173556        1.6763804254265533     
  0.70818279564704378        4.6590540126937610        2.3623119665632899     
   9.4811728127137691        5.5637860465733100        2.3759163213851862     
   9.5229733252057827        4.7186502978189040        3.1702662070782313     
  0.78403108730894167        5.4335525456075935        3.1221630150551194     
  0.80769872892236672        4.7326264814524714        3.9575793068107794     
   9.4807095614569565        5.4892245927300065        3.9452312315353972     
   3.9233950335328338E-002   4.6521329039013661        4.7535090084897309     
  0.90086927838730191        5.5677542260338369        4.7910576193416654     
  0.87830330400575274        4.8025004073402888        5.6151826511695511     
  0.11408397624656569        5.6008112208462411        5.4468011083039798     
  0.10445947291638658        4.9120444822948670        6.3247521573652294     
  0.86721739401888098        5.5870060090563181        6.3657409874323339     
  0.83255668803997751        4.7846345670968233        7.1235542392429680     
  0.10727612045905878        5.6108933870737756        7.1802734742582075     
   8.5606416410278427E-002   4.8305956748977108        7.8917698149151114     
  0.88747015106029881        5.5598964666214172        7.9409790480495346     
  0.75580384258417932        4.7617382026508981        8.7735014873522044     
   4.9581282817321361E-002   5.5037387816563754        8.6249618090930920     
   9.4989924257724550        6.4087624450510852        3.9925923718691733E-002
  0.73480587357127802        7.1085334565547811        2.3991481851386035E-003
  0.78391752693991401        6.2590620830573069       0.75883030025155762     
   9.4687034248828308        7.1274223538718049       0.81614479016217556     
   6.8369856490430203E-002   6.3250255793880932        1.5339480991599654     
  0.83958276886461225        7.1104360454790987        1.5563628677123718     
  0.86313779928034307        6.3787055578664367        2.3797238008259272     
   5.8489258799141582E-002   7.1665939563148147        2.4400601004211655     
   5.3177528509421465E-002   6.2475688219048413        3.1746384198916964     
  0.73407290798629554        7.1725707604378934        3.1960341238670011     
  0.75310127497202783        6.2703844121179158        3.9499019648601905     
   2.9949259467802199E-002   7.0358888918664890        3.9626163571089279     
   3.4858290864973211E-002   6.3368532493407841        4.7159947340697164     
  0.76880049705846831        7.1202566114423247        4.7364160630762484     
  0.82599291787951767        6.3785237025014485        5.4920826296227574     
   9.4354283527971674        7.0867091127668758        5.5365603559361887     
   3.2763497161151650E-002   6.3696079365904925        6.3014836299312345     
  0.82950910545343126        7.0968359230861724        6.3226101797336547     
  0.80012842481809299        6.3806500711835996        7.1512554628815055     
   9.4972474944387368        7.1799403642647190        7.1973465409879340     
   9.4561079044121499        6.3018966397602529        7.9284729411568202     
  0.78223344991790433        7.1835606154973837        7.9506167355586337     
  0.89239864887309328        6.3715632837423826        8.6362961081328695     
   9.5205369525333214        7.0497867830801049        8.7430606281882817     
   9.4755667104378496        7.9040481002836316        2.6618897886687098E-002
  0.69850710368134350        8.6930513240399083        9.5235197631566244     
  0.79334263153361073        7.9325593086715909       0.83841410534218674     
   9.5189235387572939        8.6455130297286331       0.81648866923238661     
   9.4977581476462873        7.8171736058379357        1.5995928872623604     
  0.83205723522494979        8.7308478619358993        1.5359273961189848     
  0.89880669498854282        7.9023189898945283        2.3536864250630489     
   7.0210324791013740E-003   8.5842806642951590        2.2936622023881474     
   9.4428299313083208        7.8997603884681036        3.1931698464879585     
  0.76278531486376144        8.6407515402091679        3.1413377376455114     
  0.78494924633774144        7.9351660410097340        3.8814601529695492     
   9.4236836437824341        8.7464317530309952        4.0050791225296392     
   9.4651821295710530        7.7659301010250656        4.7557395228494519     
  0.57688622447595239        8.7590639693065508        4.7247875434406321     
  0.80795136739176221        7.8426924188437432        5.5312038581421881     
   9.4810586015528031        8.6941988498109719        5.5931830432148812     
   3.4082459681701822E-002   7.9506036451117046        6.3994095638644817     
  0.88266710618239552        8.7573174451503277        6.4144317062293306     
  0.74034839896129889        7.8692930159678545        7.1338594263322115     
   1.7406166620152534E-002   8.6881953784564327        7.0619689806496106     
   9.4838565810312865        8.0186818036965075        7.9668017281326469     
  0.81548696778900853        8.6969820542458294        7.9916206213823608     
  0.77370881009005599        7.8799796685437027        8.7515799476432790     
   9.5014544054023720        8.7877987347208482        8.7350082053842026     
   1.6762629734799563        2.2109131622318084E-003   9.5183614934444876     
   2.3656464366461143       0.78931836535329525        9.4721938432272257     
   2.5358689042646159        3.0920484844502688E-002  0.70709444849495717     
   1.5747025646342507       0.64778722247536524       0.76188311360929650     
   1.5784292274851381        9.4387654883108745        1.5871579986094286     
   2.4188489893990219       0.69691742671630608        1.5628362356701764     
   2.3223173333498539        2.2301888772616591E-002   2.4269066304882974     
   1.5844267185665108       0.81418862481660004        2.4260790026658965     
   1.5898941643174802        9.4510675177031267        3.1323116755169296     
   2.3309966068626284       0.79977874177595865        3.2094574364553430     
   2.3626053433179499        5.0099180166580645E-002   3.9464538598313030     
   1.5603645819371594       0.74011975843369970        3.8315302066008678     
   1.5030316642343364        9.5214198256144300        4.7844461164432825     
   2.3449163191739024       0.72183047233802777        4.6797454650092574     
   2.2631087244581529        5.4999501674196635E-002   5.5265861599654134     
   1.5860720272559072       0.90594550286383690        5.4931955905700942     
   1.5792599630554014       0.11198687079814167        6.4162766995921494     
   2.3058268896849587       0.84398354978813861        6.2934145533740189     
   2.3141828915441716        9.4293627538383475        7.2065667233261159     
   1.5815053845105136       0.88327151769633572        7.2634142970521820     
   1.6485359280587006        9.4774721471506762        7.9829021907989963     
   2.4831199554437169       0.83705420493624660        8.0117994522230109     
   2.5381720278425379        9.4311042589808807        8.7344087361820755     
   1.5282216371137682       0.83098286588034032        8.7970423999393219     
   1.5799793253914252        1.5541559163894079        9.9904220186678827E-002
   2.3225849920030868        2.3021850026135526       0.10614993983477750     
   2.4185056199770996        1.5340232985036903       0.85907187831599841     
   1.6338879746845407        2.2763980614916743       0.83311796688346207     
   1.5472577121277760        1.5713731050561066        1.5715370819817371     
   2.4888380605213873        2.3281176481316153        1.5873581545826674     
   2.3687093399832619        1.5752409116538857        2.3605336165901378     
   1.6745062260847694        2.3466648996273847        2.3223424956799645     
   1.5109908334201123        1.5582697003122148        3.1473405894858222     
   2.5146933533761349        2.3383451346155910        3.0831417540494095     
   2.3485245941007085        1.5981956487243865        3.9445566399517924     
   1.5910011586863257        2.4061757744275534        3.8507502759303529     
   1.5850283967260077        1.5944259341211835        4.7053544981715518     
   2.3235043854249735        2.3741421408693646        4.6802298877588315     
   2.3911591101586760        1.6597666984516166        5.4954704535010945     
   1.6780213774130304        2.3507488063512056        5.5989292482736053     
   1.6513106080854876        1.5909608108408424        6.3799643519374847     
   2.3622147537495430        2.4558042648774183        6.4266961210114095     
   2.4043368187310006        1.5866254958798864        7.1855128181424854     
   1.6379807319103725        2.3914209365370369        7.1625814699776384     
   1.5523319171009082        1.5696308626642637        7.9938172660389624     
   2.4089618803595614        2.3972141939381775        7.9920676566294766     
   2.3919260539179157        1.6005855218687872        8.8007520454292045     
   1.5390317852202742        2.3115006177180666        8.7516006992165831     
   1.7061541352695528        3.1036095651737408        6.1799385430702840E-002
   2.3562964305879563        3.9485995307557165        9.5187316108358875     
   2.3133767800161693        3.1303916402067511       0.95086582782975282     
   1.5901210796221472        4.0048597443976579       0.83675995665570557     
   1.4988795514773394        3.2229979329320524        1.6105736932789791     
   2.4223489247494632        4.0681176958340579        1.6499941783208487     
   2.4320959492740797        3.1686966279752808        2.3329066009282258     
   1.5958630830678660        3.9637638729690670        2.2921558113606997     
   1.6193733793115570        3.1483046340828773        3.0997071563340626     
   2.4414692945559864        3.9571808002740063        3.0529089754058605     
   2.4749253428548128        3.1737920938651292        3.9480593793840137     
   1.6530563602607005        3.8987491636241716        3.9245706433736229     
   1.6293352245822912        3.1587153202168627        4.7386514187434070     
   2.3898233937598081        3.9456679836560729        4.7278849134091940     
   2.4468549945079192        3.2167529566273152        5.5994081390048649     
   1.7560684124421175        4.0461496759062161        5.5386143989979555     
   1.5920838015123460        3.1716975866482615        6.3490095576228462     
   2.3935336543976633        3.9127877610483019        6.4074847574538012     
   2.3552857289566598        3.2028632837793305        7.2513145299049429     
   1.6682075920067809        4.0478684819207000        7.2261987567729173     
   1.5992265427407477        3.1274705640675200        8.0770090059654454     
   2.4001479556188254        3.9957060218746929        8.0554803515072120     
   2.3404252825445466        3.1324534605198995        8.7591781497513868     
   1.6442747898582462        4.0346031226473915        8.6945108191642380     
   1.6443692050676681        4.7533151084342968        2.2310295820162002E-002
   2.4518746721087061        5.5921050223313289        3.1934712019233355E-002
   2.3979448011804423        4.7577414305236401       0.74950360387353276     
   1.6523513539197154        5.6181327212462415       0.72032432052299322     
   1.5931193491890954        4.7834826157687553        1.5977186844167741     
   2.4159724311316415        5.6154282032737850        1.4627060318924860     
   2.4634407729369787        4.8151988345153738        2.4189091046767106     
   1.6467589349405958        5.5318098627403343        2.3775816463036583     
   1.6167388774931115        4.7719226593386583        3.1860070813770260     
   2.4330362017642684        5.5261013506486529        3.2443347230613955     
   2.3629532369577597        4.6810240031334454        3.9789181131093532     
   1.6276513183732053        5.5265773273538636        3.9211783624182268     
   1.6434990164060697        4.7679828465632319        4.7785865567888868     
   2.4966092776052506        5.5803036923112108        4.6639351676199619     
   2.4110819954435279        4.8351646906382664        5.5503922843688676     
   1.5554496601759249        5.5602311262949495        5.5416396706175410     
   1.6633909280444326        4.7810739100661870        6.3703099918906467     
   2.4660549561408964        5.6894415479821516        6.2132278512880825     
   2.3645126326819468        4.8370149954006205        7.1992762744377892     
   1.6743359467364458        5.6274941030048762        7.2052664908232771     
   1.5783682697341630        4.7973877563214007        8.0111016285166237     
   2.3849377238268694        5.5628256727071790        7.9870933845678849     
   2.5641522733262234        4.7704598790464194        8.6849953993762874     
   1.6150070089142969        5.5192770491348417        8.7937482814836390     
   1.5715315637930312        6.3288845233097009        5.1388349413370268E-002
   2.4115631368489927        7.1472515427389025        8.3825835454815950E-002
   2.4006744806692550        6.4266566306086066       0.83167143766777385     
   1.6083640601270841        7.0976077284169348       0.80719554505758739     
   1.4215790805210409        6.2711039785093758        1.5118778709815299     
   2.4036949040592570        7.1512545902774241        1.5612744692014509     
   2.4292566259974024        6.2748884969085204        2.3411691907672458     
   1.6061378467256369        7.1564902173235057        2.3919437331393190     
   1.4985588971756436        6.3090104149508432        3.1845802798587859     
   2.3446683156571915        7.1173754491820063        3.1828894687093232     
   2.3726158783915268        6.4328755565720428        4.0482375699822004     
   1.5526302458286672        7.0652007348342716        4.0004031924455790     
   1.6123528513455390        6.3420573946800083        4.7244603979521909     
   2.4162310026598224        7.3121470526057051        4.7072204561397726     
   2.3800572510752187        6.3453855977142810        5.4106387293559255     
   1.5968984359485581        7.1393043301831476        5.5839622005088625     
   1.5832169719017957        6.3366401441521498        6.3234044532876332     
   2.3683322643267251        7.1537081542743337        6.2847632395092736     
   2.3462559525424393        6.4400829054729298        7.1448661872565635     
   1.5197929046842127        7.0940059032830636        7.2366654474350636     
   1.6732953173301601        6.3569457159169698        7.9906498398987091     
   2.3972112413838107        7.2066734464764561        7.9435262676932901     
   2.4165689773823433        6.3145000322504918        8.8049566418155027     
   1.6512725364468381        7.0900409356238745        8.7089603907670785     
   1.6104885788671510        7.9238588883767607        9.5219150657463310     
   2.3812725673225716        8.6609677631193485        9.5096126893349950     
   2.3497339846063525        7.9082922622967473       0.83933092248095187     
   1.5205617364471387        8.7396651064577018       0.68526460096911590     
   1.5664918228614699        7.9056523493337068        1.5205725595610566     
   2.4482323163981023        8.7437958427436264        1.5906506739044217     
   2.3344578976728325        7.8688638864398301        2.3167250926979830     
   1.5780275197939380        8.6474322953617424        2.2508728390792561     
   1.5230141610655650        7.9880681031327629        3.1971295397736728     
   2.3885377617457011        8.6584637214463651        3.0544631833952032     
   2.2888251807735025        8.0218849985321299        3.9046947966284913     
   1.4566729271714862        8.7601767259865184        3.9941792726476040     
   1.5286140202371652        7.8697024579451966        4.6960445654416398     
   2.2843879824234623        8.7167128811555497        4.8652008469070216     
   2.2957041412053223        7.9756608715828454        5.5638536146702293     
   1.4775304172329784        8.7019671738354347        5.4858806723666751     
   1.5486990622531018        7.9465984392318028        6.3630331628157153     
   2.3162156291645322        8.7304989070778518        6.3272647284211310     
   2.3103466892124671        7.8642046960579322        7.1481102162843895     
   1.5812443783752523        8.6562918168450498        7.2443605901851349     
   1.6105256688440233        7.8459631413163153        7.9806313079820166     
   2.4320152153277581        8.6763356502741757        7.9782729443199250     
   2.3836575523402193        7.8983276457090446        8.8172180677036174     
   1.7069361979146043        8.6692535880192878        8.7282410756364825     
   3.2708122390027903        9.3587763450513819        9.5191259852467738     
   4.0034433977705897       0.74442180530226232        9.5181331883325413     
   3.9848503610509987        3.9932933484839381E-003  0.75374293540361614     
   3.2234097389726486       0.80568606153952360       0.83322821285920734     
   3.2449369713364615        9.4828465274211435        1.7077718746425772     
   4.0960612951579014       0.68516505119138693        1.6379360345909544     
   4.0587389144973178        9.3901018395889189        2.4388952684340555     
   3.2748743351494887       0.74285045467811750        2.3808828037528129     
   3.1766581560866562        9.5183744990585950        3.0903125581165498     
   3.9670222382733140       0.68691700428468638        3.1231161522776638     
   3.9493673029582426        9.4984023893688132        3.9726051053399143     
   3.2114157480401246       0.71270177444259786        3.9350961151569996     
   3.0880292515933352        9.4784783891437705        4.7504346865614986     
   3.9331346637795690       0.72464354270483811        4.7627881738598887     
   3.9617843858273241        1.1936196124240291E-002   5.6192228907089090     
   3.1516068163462299       0.77289100707549774        5.5757832783543995     
   3.1238173231476050        9.5111607437866592        6.4233479451737185     
   3.9902821388752185       0.77200165264898613        6.3647674688164990     
   3.8960764694635426        9.4870663408257023        7.1604092388166185     
   3.1746670896911064       0.76617313427611755        7.1479290351887155     
   3.1451281554529302        9.5140458984151959        7.9303397404573310     
   3.8802866550278856       0.81379918461930345        7.9210820319536150     
   3.8721920541080133        9.4298224101691854        8.7023818949908325     
   3.1850001379180068       0.83835389896941181        8.8396437600934039     
   3.2303054698909066        1.5019365240838061        6.2060829222123429E-002
   4.0115377681984832        2.3742515126768473        6.6244919220423110E-002
   3.9859737004881648        1.5401359860320203       0.83890557534735766     
   3.2458772056705061        2.3824645589649807       0.81583780651468885     
   3.1549708142947779        1.6213967849987125        1.5608037632899627     
   3.9750803518319904        2.3515414376876604        1.6011626024976140     
   4.0169014805107706        1.5759351444598240        2.3625317922056448     
   3.2502203143449830        2.4166819515846392        2.3534836905843419     
   3.2190473523278036        1.4993208123560895        3.1422834392363899     
   4.0306344824516929        2.3789868721155973        3.1698315065437708     
   4.0313378527312995        1.6250380209783850        3.9424840699205466     
   3.0986923198199912        2.3337886651589419        3.9354877461131372     
   3.1693148732165421        1.5376186203008968        4.7535698099712365     
   3.9413275246388997        2.3889278205418476        4.7680278832601530     
   3.9805362382348810        1.5611325831861349        5.5920773257031646     
   3.1583302220586731        2.4543724605887602        5.5515774718237578     
   3.0954694791151582        1.7344295144423159        6.3555156478946619     
   4.0187405990571703        2.4055244543657168        6.3045932680825336     
   3.9008569011229399        1.5042148209229378        7.0577521519836388     
   3.1282123840447507        2.4361975704303216        7.1353592357408635     
   3.1425669579823969        1.6840850475089182        7.9095878925105634     
   3.9547634628007207        2.4426281302887305        7.9659293438160805     
   4.0500185778717332        1.5785681654406614        8.7426507954209551     
   3.1995123691679099        2.4751939010996442        8.8555663581611963     
   3.0597824306118837        3.2097840110732982       0.15444275845791020     
   3.8665386101870416        3.9506799146518126       0.14888138024916819     
   4.0224289808368878        3.1774998028039891       0.85502395574266177     
   3.1491229469418793        4.0196040684732361       0.85737733748916412     
   3.2117442558310541        3.2144004332952898        1.5539668942001279     
   4.0361560697162373        3.9638162657138305        1.6585885993035254     
   3.9810202297769757        3.0901315285091484        2.4201230963651845     
   3.2807289296379527        3.9154646756660942        2.3730876373795358     
   3.2795916589202752        3.1093798628121507        3.1460728804334313     
   3.9268024536321069        3.9405327980392237        3.2284743179332991     
   3.8427628993193292        3.1119996791594873        3.9698097171684155     
   3.1880340396757139        3.9375954373654238        3.9568557597632243     
   3.1495780374147797        3.1657941394713247        4.7859793153784116     
   3.8552247959898911        3.9961072903407184        4.7580227671163966     
   3.9255807407907479        3.2176070412695803        5.5571249385807757     
   3.2080919043275902        4.0727988511891819        5.5796411669563692     
   3.2015219730646902        3.1908617208343961        6.3666856937196057     
   3.8726666194190655        4.0243385463750805        6.4498102948138190     
   3.9069277941414344        3.1342057742729419        7.1860861848271522     
   3.1284438305797004        3.9169889946497780        7.1459306850681852     
   3.1175349684846587        3.1298077658573913        7.9689297858952965     
   3.9280815356899179        3.8949833875613722        7.9124490074165177     
   4.0904346809675323        3.1870967505968690        8.8232534554496898     
   3.1484283143225404        3.8427211540104222        8.8359024926406882     
   3.1733749351709193        4.7351503504937238        9.5049707914833590     
   4.0195670600166764        5.5710782924720821        1.5179778734418042E-002
   3.9770061513963859        4.7380984166123197       0.91961588079654111     
   3.3024618493158369        5.4365463028351222       0.76256365329282383     
   3.1299624195527378        4.8239727629778013        1.5693691595007806     
   4.0170977313375653        5.6191411095796946        1.6072610963822098     
   3.9990967500382375        4.8154158926181507        2.3422209807660876     
   3.2296908945818661        5.5985297574311552        2.3295541803924720     
   3.2149524927938273        4.7595698717159349        3.1580938179573437     
   3.9892939281966955        5.5469681047698085        3.1573734271545000     
   3.9261162707506259        4.7052540261505200        4.0160485240355657     
   3.2107827644131155        5.5278135669639639        3.9560507322977760     
   3.1020654322162184        4.7643948492300003        4.7528714481229839     
   3.9287777664249171        5.5734741220059423        4.7060761852720390     
   3.9770054139548634        4.7596438055851111        5.4607985479034653     
   3.2162300969755964        5.6375084214496543        5.4425976170531856     
   3.1732108395658081        4.8440086135001561        6.3915884065542086     
   3.9905430638932931        5.5992238210177323        6.1426560198838693     
   3.8593664870283284        4.9325411068086602        7.1588990123697540     
   2.9926174807604284        5.6512011242253593        7.0926470254172198     
   3.2051029152690678        4.7385809170233628        7.9122975961552013     
   3.8798964506132259        5.6220832079141445        7.9475342652980103     
   3.8861694814530803        4.7219159115112381        8.7249916184727478     
   3.2955503524596796        5.6056011241674977        8.7731016330884692     
   3.2693334374175067        6.4465599105362257        2.7558189179120958E-002
   4.0155108414828424        7.2380292068190188        9.5163611078197228     
   3.9968918145429515        6.3622370846771323       0.84220302583917384     
   3.2634270960757448        7.2435247906181521       0.80429952215124445     
   3.1846265635805135        6.2808258954976690        1.5821707150745108     
   4.0236094154697017        7.2039588696208909        1.6358858776302478     
   3.9922029077290362        6.3762232349317580        2.3456376295856551     
   3.1720230465244419        7.0988429439010226        2.3269626646803072     
   3.2284786122961773        6.3620765451457029        3.0920869394151360     
   3.9674262438495291        7.1132531782621147        3.2340974048339906     
   3.8868524421339439        6.3288005442000825        3.9316142935543206     
   3.2172655268370156        7.1745164227336504        3.9414322160130801     
   3.2413743271077573        6.4667086081725280        4.7289148361551092     
   3.9492944918267967        7.2606584239432514        4.7893782736254167     
   3.9038449557594825        6.4884386242940053        5.3972272613390118     
   3.2103535724219134        7.2183715262773367        5.5323274258380168     
   3.2302355397093048        6.4059708656142949        6.2658033908227742     
   3.9434069506728586        7.1995980000424131        6.3086614929300957     
   3.9566539885978358        6.3865034108631367        7.1697441889308040     
   3.1072513368256409        7.2340019672298945        6.9717821894095797     
   3.1037795980374954        6.3724195494790097        8.0069610276431469     
   3.9447903274495353        7.1846642483910896        7.8903567640971790     
   4.0532005200052623        6.4409963626661604        8.7672307428248910     
   3.1511217006334600        7.2202753787627580        8.7969321365950037     
   3.2320868427588612        8.0045711873972181        1.5581202959180095E-002
   4.0227385472970392        8.6893786213812483        3.9815216990739671E-003
   4.0742243798391291        7.9419578178764363       0.86585305232958287     
   3.2718464796861317        8.7519410579672741       0.88487699031204237     
   3.1722334641879897        7.9191892784329561        1.6107476069133764     
   4.0663090832326860        8.6869079036659382        1.5656377442744756     
   3.9654396648241370        7.8370103267911011        2.4881449285472064     
   3.2114889802408388        8.6444887696822352        2.3146978059661132     
   3.1388707030795704        7.8934456369028423        3.1923311034284239     
   3.9240146187143887        8.6046966913820100        3.2003118050938690     
   3.9059504973023644        7.9117279853537879        3.9508385220602076     
   3.1105603451853856        8.8151498633881626        3.9737526249647002     
   3.2065155698002106        8.0855379722377680        4.7589994530696975     
   3.9343269795765674        8.7760482411232310        4.7762019686287402     
   3.9448949289269177        8.1016582580653935        5.5062345484620234     
   3.0783804820390848        8.7955636098096086        5.6140172197807425     
   3.1126512079169477        7.9915606453254409        6.3543829263767915     
   3.8874505097679397        8.7465792231450390        6.3159704469446485     
   3.8909378727767612        7.9072817666106872        7.0928403423778548     
   3.1336444523431863        8.7046517874419820        7.1748599876760180     
   3.0934378899147399        7.9311067599100094        7.9539277332004712     
   3.8655507253761359        8.6215914157062041        7.9270466043369074     
   4.0028715388365121        7.8548342280295076        8.7137514197812909     
   3.2076712468746047        8.6531060681171752        8.7032205278300676     
   4.7571812890139649        9.5008968601099948        9.4294140277783356     
   5.5137696533636493       0.80219728142982016        7.8643497154695565E-003
   5.5496042477845524        9.4861312987193784       0.74972647117250735     
   4.8154749495976219       0.79433120782010058       0.79324943988818453     
   4.8203481867386024        2.7324605121405915E-002   1.5018493403472737     
   5.5476969494837958       0.73499452850370273        1.6579161652418648     
   5.6003320466918467        9.5181451718328081        2.5006129466516214     
   4.8520219504291777       0.78356148299081807        2.4074088570107111     
   4.7809008755458553        9.3983608740033464        3.2585495142082679     
   5.5429107464594205       0.86251876404895267        3.2610107992074253     
   5.5592511870822987        9.4896651970003987        3.9688758272424818     
   4.6981627819697644       0.84417542203631291        3.9365631528988660     
   4.7216207703047273        8.2615042544942216E-002   4.7545966686924013     
   5.4394047850872731       0.86922295407595807        4.6636617463475893     
   5.5975545778718283        9.5100547763137477        5.5471134503964317     
   4.8260367082575861       0.71646092388710647        5.5434760741916280     
   4.7872648838319352        9.4852121116065806        6.3449496662046068     
   5.5520166166015859       0.82086068006519686        6.3663143448448940     
   5.5759890719531118        2.2940209857430213E-002   7.1978236380811698     
   4.7067502923967162       0.66622285281825788        7.1851169840469415     
   4.6817083650092837        9.4237111400949320        7.9657596087050226     
   5.6599584488176120       0.80636890092168234        7.9889118036145925     
   5.6279804876802668        2.9029807391358180E-002   8.7569148088488120     
   4.7247590130785069       0.73115457107642590        8.6658158201543305     
   4.7490053536003787        1.5341864562748271        9.1221439973634869E-002
   5.4618328763936788        2.3388501650132136        1.1186163621509966E-002
   5.6324418489462076        1.5081269782744104       0.88758058663916095     
   4.7552989814376785        2.3923879199519176       0.87935332810370548     
   4.7568292954126967        1.6492419576235577        1.6544913417494043     
   5.5743773874413582        2.3799945764229720        1.6261407450998933     
   5.6275370459471654        1.6427659765430891        2.3382718212006792     
   4.8102138521249964        2.3447777689251446        2.4444717956129991     
   4.6903919311114182        1.4886493701108816        3.1521175522010854     
   5.6412994490042720        2.3673815595000369        3.1698106202164711     
   5.4429869227500882        1.6331536938062636        3.9855046405258676     
   4.7275034206762188        2.4016743126414757        4.0188686319937492     
   4.6613680149360226        1.5378155060084124        4.8176258461793902     
   5.4800604441631542        2.4534400167910668        4.7875100366252790     
   5.5033921309443352        1.6135938326940209        5.6268874460737583     
   4.7371773611108328        2.3782065963569994        5.5456956932749115     
   4.7297350470973774        1.5035889953888359        6.3137271392762404     
   5.5251197129309491        2.4955898712460871        6.3860245792980193     
   5.6286107049387626        1.5965692701244847        7.1362165250049721     
   4.7887816513414050        2.3180177211774953        7.2090870626304620     
   4.8301500512611657        1.5137539302886711        7.8666518954668998     
   5.6293916139862565        2.3973596642552062        7.8758454497825312     
   5.5430236299587525        1.5603615956904222        8.7045226906835165     
   4.8273157557080797        2.3555442271658449        8.7631562225544020     
   4.9094128390798586        3.1854337173901421       0.13572217377260087     
   5.4970652323695921        4.0145113314488068        9.4406676134765188     
   5.6234283631391575        3.0750360301876265       0.85394333287656199     
   4.8537187755223252        3.9267747294008113       0.89305998820082055     
   4.8759521438256428        3.1469195311462625        1.6545698565174152     
   5.6324861793102112        3.9032748283030010        1.6287793829887369     
   5.6357858823860942        3.1477096418583499        2.4961471151753885     
   4.7318864739633586        3.8662822743629115        2.3880722729045871     
   4.7508121331218431        3.1542380661723426        3.2090818326610422     
   5.5095136418155066        3.9926945503964624        3.2545449924319168     
   5.5057168583273031        3.1661963439563925        3.9885104710322059     
   4.6443820184748574        3.8045734889743685        4.0052708733881888     
   4.7961018931893111        3.2069970176345235        4.7884543087572844     
   5.5204694241980947        4.0528613427506572        4.7509163944051735     
   5.4723297791427887        3.1763324976711154        5.6261364666994664     
   4.7249406957689661        4.0665573171707079        5.4718001781196639     
   4.7058954460366405        3.2907671214707119        6.3755912288821452     
   5.5828242117204443        4.0295567969351875        6.4291696625071690     
   5.5351003306954452        3.2678123446163405        7.2053717361344596     
   4.7215634705741101        4.0315072041768598        7.1658814211207345     
   4.7603460568873528        3.2649214276992944        7.9475995958317833     
   5.3898838460626450        4.1833800746355605        7.9230755415156100     
   5.5123219714383591        3.2087816471721302        8.7354770664115993     
   4.6774815959667508        4.0047420849553976        8.8825513968735113     
   4.6548106605200195        4.7421199811096457        4.5719083937711319E-002
   5.4868369475671965        5.5508126309330050        9.4408842600683780     
   5.4762941240611314        4.7506955865476916       0.78748800031880539     
   4.7959577044429080        5.5677240341111967       0.84676012821195878     
   4.8087249788688489        4.7051873087607072        1.5767397601219706     
   5.5839890590613246        5.4964386512751577        1.6152825274050773     
   5.5873695952145681        4.7405843166237354        2.3250351725790845     
   4.7844009683557722        5.4774632372824898        2.4617895565131627     
   4.6953522264227336        4.6361792231350059        3.3345879824545768     
   5.4962475208155190        5.6162018263698990        3.1936201072647625     
   5.5464495302962380        4.8631930814057238        3.9483246985511302     
   4.6913606305903901        5.5909182264721586        3.9596264587957957     
   4.7450085790260621        4.8151931777142352        4.7017748347606760     
   5.4786755379621184        5.6948051464324889        4.7292916439541068     
   5.5040302327706483        4.7296852648527681        5.5373666950268028     
   4.7510647360496128        5.5037255953889099        5.4817826837041892     
   4.7485078266610365        4.8055412575027852        6.4045016277412392     
   5.5401654093067503        5.6406607805487852        6.2647382578988005     
   5.6269809974768128        4.8928372030358682        7.0582339238657790     
   4.6861034108595812        5.5855692410498579        7.1394727086271734     
   4.5966704314402644        4.8496409054672247        7.8708769030493730     
   5.4972872402897286        5.5719546140478711        7.8966761256611502     
   5.4452159234027180        4.8015543984605911        8.7444706076032599     
   4.6412363077783922        5.5720542749430564        8.6307375530260391     
   4.7574909568371702        6.3364766534756365        5.4545761247427701E-002
   5.6123495866745028        7.0161963170903476        9.6738925997692349E-002
   5.4692730424248115        6.3984702491842755       0.87320973570931071     
   4.8409094357120637        7.2222658351723803       0.74312336541776969     
   4.8246902358705333        6.3412611594319737        1.7151299862492757     
   5.5440379060932568        7.1128672317548256        1.6250505687174979     
   5.6117637736828305        6.3878956667173226        2.3596372931541083     
   4.7833650318145349        7.2068348063086507        2.4942372326209536     
   4.7440329744212422        6.3572270917744715        3.1386525011729733     
   5.5695276839376691        7.2481333029039936        3.2370117953676458     
   5.5307618831792729        6.3545692663373776        3.9797855067048720     
   4.7375614871055038        7.1464102589771734        3.9695838452906500     
   4.6603119411676772        6.4392089504944510        4.7641002597147528     
   5.5611025291852565        7.1067660951646525        4.7250942653205126     
   5.4951686984963013        6.3991762069769713        5.5251904808609638     
   4.7949546626135913        7.1704677673937551        5.5373695329188815     
   4.7674554852788020        6.3745698264277735        6.2505756947986582     
   5.5545216017482977        7.0766946060133353        6.2669852534910024     
   5.5429328762498349        6.3072098650572990        7.0355753988443297     
   4.6759453144482110        7.1694637201881095        7.0926674332002513     
   4.6866757620052297        6.3371602031539407        7.9567065108676616     
   5.5092407386505711        7.0173452260983993        7.8787348668204977     
   5.6216265049130030        6.3222429696674434        8.6978872076710196     
   4.8482924200339559        7.1035655347225113        8.7563170012808449     
   4.8749183404972118        7.9093534619500314        9.4226819585461428     
   5.5056201335401544        8.7840375132942370        9.4387709534475057     
   5.6142430824650953        7.9577905177562416       0.74521475192200037     
   4.8290521578776655        8.7078017229809230       0.78939775538785639     
   4.9045045240809717        7.9004359314643668        1.6094625635089141     
   5.6524942952494364        8.7572896661687274        1.5868314482766892     
   5.5705530685924805        7.9861986860079259        2.4613267325616834     
   4.7775361681322375        8.6747871801877388        2.4091421049626067     
   4.7581701099344480        7.8773369717051125        3.2753464742055995     
   5.5592804215651457        8.7029007729005023        3.2671774056196021     
   5.5396285346136453        8.0004223896716606        4.0251955541577562     
   4.7462748726712718        8.7190075524216475        4.0212225954384060     
   4.7644457107617511        7.9565163544976967        4.7565167509653214     
   5.6068283131574175        8.8631492692452341        4.8126782679342188     
   5.5409836499189025        7.9215496909675824        5.5370759443936057     
   4.7363831827355858        8.8369210175880966        5.4927233278683607     
   4.7556558513204239        8.0289323847958354        6.3220572213361281     
   5.4971932636907024        8.7714971325894311        6.3142894576350441     
   5.5221129090833383        7.8938399531536891        7.1704491081848056     
   4.7501522537494383        8.7393569896468737        7.2049675561512361     
   4.8076633950002963        7.8696806118610869        7.9042746397471868     
   5.4978620599914576        8.7476573961902275        8.0150993471228986     
   5.5551436099887539        7.9241680241079573        8.7475485284375409     
   4.6964548032214744        8.7016377675892986        8.6961839870357203     
   6.3224111185235010        9.5209588461263266        9.5065367139864296     
   7.1195786190732795       0.81312687689699248        7.6380587777578710E-002
   7.0639822678724276        9.4492084462005632       0.69093868057381025     
   6.2836727031471522       0.74254526173690949       0.76004868815437043     
   6.3995746917909528        7.5496385112414591E-002   1.5450264177062365     
   7.1465593892243646       0.78266593548668217        1.5594867897971143     
   7.1259025266020553        4.8765541759737414E-002   2.3561062154446737     
   6.3551992169611466       0.79396427866311581        2.3782796201104421     
   6.3913627687430781        9.4755325595006514        3.1910968924045449     
   7.1362931991104652       0.85643192433315030        3.1234330751802242     
   7.1667402533888520        7.0058177256778126E-002   3.9759270750918714     
   6.3504367269831414       0.88019842130303894        3.9987581215346246     
   6.3604456172655963       0.10124528775538048        4.7159801816227338     
   7.1852231408864951       0.88187694465336675        4.7445153260224995     
   7.1166151455308624        9.9515990907604365E-002   5.5515980519070522     
   6.2300790931375252       0.81027157373509873        5.5599778936236524     
   6.2930100389514267        9.4968187331614455        6.3866197450938360     
   7.1129575957357503       0.84816685928314894        6.3891849087737302     
   7.0739260384888851        3.7358568098933981E-002   7.1038546723590628     
   6.3740809200792166       0.84509587777175033        7.1520309298177729     
   6.4038453395952333        9.4796670812481381        7.9755104377944681     
   7.1928625060375220       0.80667409130857737        7.8543721181973796     
   7.1002861478495847        5.7192877030620391E-002   8.8095391860380783     
   6.3808073909845291       0.83547328586662062        8.7647959855942901     
   6.3709342883231868        1.5423301113480024        9.4905123626743038     
   7.1337804853512026        2.3370439199741533        9.5169875884339969     
   7.0520971867298146        1.5928227675581528       0.80629441344903496     
   6.3317356364993058        2.3790279805829964       0.74561452449470467     
   6.3628157197252087        1.6337934461408634        1.5915494314092231     
   7.0943330666992139        2.3731965752021389        1.5682503067390952     
   7.1972474459393059        1.5993884478038214        2.3475309560736068     
   6.4809092102898846        2.3437706785531667        2.3899350638915449     
   6.4047564927179437        1.6842155197265114        3.2415158347936779     
   7.1102458543761582        2.5168859570974482        3.2144194180884922     
   7.1612162160751476        1.6382925331706593        4.0116123617929675     
   6.3550143087318354        2.3536891870514363        4.0125719648109053     
   6.3820363714995763        1.5226306590155361        4.7540818612066156     
   7.0630041800493597        2.3670345363546090        4.7454939507754768     
   7.1040180435569278        1.7167332135715760        5.4950437115839481     
   6.2671338184864327        2.4175680452005062        5.5925726591732250     
   6.3648216598747860        1.6621146210960225        6.3211523600352040     
   7.1230909703471674        2.5198982344028011        6.2794822922310667     
   7.1295330302299211        1.6818514956630408        7.1709239333574120     
   6.3798022599514912        2.4170448711231280        7.0799210465371178     
   6.4054737192749309        1.6342398512929088        7.9544678274168641     
   7.1285207319053656        2.4249301860085697        8.0127618890334773     
   7.1671679809153028        1.6489323851161510        8.6666195395909860     
   6.3098007569711507        2.3320149085657733        8.7093353457042646     
   6.3499297887085104        3.1783562684873150        9.4087111562535117     
   7.0135813561491727        3.9941177803714583        9.4644880124874415     
   7.1117000471912872        3.3034280625881305       0.86659624801284230     
   6.2724723258947295        3.9973505437496417       0.74648310528061068     
   6.3507060126373522        3.1519160311578469        1.6728451236647968     
   7.2165867218683522        3.9677447027195543        1.5922864972418398     
   7.1591124588916415        3.1774952872431039        2.3964952833512227     
   6.4396698232908385        3.9654382697352197        2.4691962750357885     
   6.3555532435624391        3.2155225881332141        3.2525120696784287     
   7.1574599546416824        3.9935337547063106        3.2141883149409889     
   7.1310136136782223        3.2033146428776411        3.9436097211266357     
   6.3362933774785626        4.0701945866357834        3.9941237961735374     
   6.3698923433591972        3.1465326996984690        4.7990406424797651     
   7.2506525904335968        4.1133154760103805        4.7187368545809774     
   7.1087269275483154        3.2764926107364993        5.5048185688783580     
   6.3020263062943211        3.9748399487628840        5.4936792076177889     
   6.3122935335665549        3.1756356783162243        6.3802832334939961     
   7.1454958506903417        3.9726834089563452        6.2666628962850996     
   7.1893003126657513        3.1550807819015185        7.1458385689883990     
   6.4649658112849044        3.9557152876086157        7.1537327098001766     
   6.2791618684783037        3.2723989675811920        7.8998619268940438     
   7.2300453043636583        4.0247823598970225        7.9914765512333199     
   7.1805185894304895        3.1416903805693432        8.6471189016494865     
   6.3794734453756687        4.1488184426555765        8.6736404141610670     
   6.3650778407897599        4.8579282182558927        8.0518958333009039E-004
   7.1931639728812966        5.5693887620635403        4.9953163104408414E-002
   7.1494586406425666        4.6815524349322857       0.83798774474613824     
   6.3795441650137512        5.5226136755481967       0.83590566737883543     
   6.4120888724449827        4.7690819403803602        1.6254027762465122     
   7.1627992439663739        5.4655932662593187        1.6218481518521994     
   7.1420816328249028        4.6941490109997845        2.4083550411904291     
   6.3707015568721461        5.5089594868632581        2.4152136078354136     
   6.3040123710780414        4.7628118253435181        3.1433528429084778     
   7.1519693118229268        5.5370113617572532        3.1823118160531845     
   7.1081136915509813        4.8220703478039999        3.9853943596456363     
   6.3100915545716845        5.5522306007982127        3.9247572161810824     
   6.2909821303516837        4.8257193447930531        4.8085388308603640     
   7.0486083173868552        5.5744111478934952        4.7340161667595888     
   7.1350588559247914        4.7978648038039573        5.5382709308549858     
   6.3565550329676244        5.6065453839454040        5.4606190230455365     
   6.4285005174866461        4.7340841280063417        6.2462553839877550     
   7.0666539042365821        5.5826178354488647        6.2665376184835679     
   7.2138991057439128        4.7725253311422140        7.1126362698388652     
   6.3612546228628091        5.6201853287898320        7.1235773826156352     
   6.2996397919828846        4.8115764514336448        7.9229685697344090     
   7.1733590875619448        5.6870183186709582        7.9792168009085085     
   7.1245853774154639        4.8626952225321141        8.7780107112075516     
   6.3113237794189407        5.5921351058674595        8.6206663815948197     
   6.2882716544162216        6.3125680250014886        9.5072234647267173     
   7.1372069756705043        7.1126282207598726        9.4746792703330112     
   7.1318145425326289        6.3227242217759372       0.82927780627173664     
   6.3096398989800058        7.0858949426682472       0.86254967690870554     
   6.3384620977546469        6.2056974826968414        1.5930528330338005     
   7.0970594939741467        7.1362794942195240        1.6531266829055835     
   7.0872098943824700        6.3061269590342395        2.4369278562417800     
   6.3189034293647790        7.1245564354474649        2.3918956806451455     
   6.3115702346036180        6.3655968985912015        3.2258636543638373     
   7.1394629538013730        7.1481302289190713        3.2202921457823077     
   7.1970316800607126        6.3984184887250359        3.9362471996669233     
   6.3489571932862034        7.2034236313852027        4.0465847097455701     
   6.2973321555160675        6.3586380655710091        4.7316134850305733     
   7.2615849066696674        7.1226248268007684        4.7508279005875336     
   7.1048861497499693        6.3086566577565888        5.4575265958791110     
   6.3612612362111696        7.1153314071716904        5.5443431639298151     
   6.3587138192726016        6.3961653260059652        6.3070716063171579     
   7.1178537530358739        7.1741215820030755        6.3105357960303019     
   7.1456910677509642        6.3170908400202537        7.2046021014326511     
   6.2582440280698810        7.1153699015357841        7.0614124613434042     
   6.3717240646558650        6.4059731669647109        7.8534513634697474     
   7.0846179597431211        7.2085103843855007        7.9161979010163339     
   7.0883511032507700        6.3887941425874644        8.7154892568400246     
   6.2935703033261232        7.1194005857796769        8.6946313573869247     
   6.3672088240709108        7.9747379417962874        7.9498601770426350E-002
   7.2115939431358971        8.7247452103785665        9.4928493325388423     
   7.0311387993558503        7.8268807617826859       0.92078565726132111     
   6.3586335620797030        8.7165708115110938       0.80566837908022004     
   6.2942112891515913        7.9536996025061724        1.6977145453643874     
   7.0831860154082680        8.7307887947650258        1.5854735934086333     
   7.1608805091453549        7.9281620557044929        2.4909376275400805     
   6.4108814317751648        8.6974325053500738        2.4438236875947577     
   6.3818455527296152        7.8978158928812556        3.2333178335098691     
   7.1257173628187935        8.7766106275191387        3.2782656076381587     
   7.2017673710260466        7.9475363820890594        3.9658152460565743     
   6.3228835652904349        8.8178678382443092        3.9992338105152854     
   6.3820475678593978        7.9552802510774692        4.7958467409084271     
   7.1759076508773436        8.7501267813943286        4.7127535740797155     
   7.1195076065571330        8.0116027861502292        5.6562179146565166     
   6.2886668178661100        8.7454446230144338        5.6525873688861816     
   6.3212398119231406        7.9002311097883409        6.3510665165873128     
   7.1638827290722507        8.8384276633288401        6.3542185123660841     
   7.0979667406851563        7.9506394858227321        7.0820605077964318     
   6.2599991148970204        8.7337534826153451        7.1792429605198533     
   6.2305029002264822        7.8264524267915627        7.9060538007039600     
   7.1379087512939998        8.5636324740549998        7.8531881619292649     
   7.1406897029221943        7.8836087280942229        8.8128165886492766     
   6.4803478639103407        8.6315938826154195        8.6938317885469392     
   7.9610250107160816        5.5116415183947859E-002   9.5113756097324647     
   8.6672793196165010       0.82521077594479986        1.4313226009464580E-003
   8.7577502152504234        5.8943690719226935E-003  0.84631189606429336     
   7.8274971361091961       0.83066949406049406       0.76763466602224439     
   7.9597860181880611        9.4909199313282127        1.5548998764080513     
   8.6907363629266570       0.72773436551205628        1.5876402212706540     
   8.7340096333620121        9.5117545520540592        2.3593319976976037     
   7.9545762297034788       0.76137014519209045        2.2736716243315240     
   7.8554164785686806        9.5096460030444785        3.1818869686782683     
   8.6517189299972408       0.79002059533899283        3.1463011175487696     
   8.6625230046871469        2.3796154166901912E-002   3.9190742174364157     
   7.9403953166201493       0.83115649328322727        3.9252309966880135     
   7.9192988100783506        7.1671967723811902E-002   4.8629748699185180     
   8.7568113775350422       0.88233737848421401        4.7361733774227135     
   8.7497310908401396       0.10411982579195685        5.5480989656750284     
   7.9464374826313273       0.92544857406809311        5.5372591969954037     
   7.9942114420268933        3.5968131020971010E-002   6.2926607294410344     
   8.7335905770271953       0.82526198230607428        6.2637577002660905     
   8.6978601932706887        1.4835441933851548E-002   7.2015592332492071     
   7.9642294955446333       0.77055361516970833        7.0960396405037383     
   7.8663356516703500        9.5095093623281084        7.9419897487011051     
   8.6679408120769494       0.80455619203296425        7.9573086416137935     
   8.7261579882745917        6.7450341269420962E-003   8.6571221847877649     
   7.9221239459602844       0.78107411781642067        8.7293610064139138     
   7.9429170360224823        1.6295691017959109        6.6188149763533929E-003
   8.6765733866484176        2.4368814636886005        9.0143452164613266E-002
   8.7002870329249102        1.5806494010181293       0.87734168585625594     
   7.9010811464790196        2.3277832924416866       0.75381171695966653     
   7.8730027736672099        1.5817617582677084        1.4891690621188840     
   8.7015633425756818        2.4091281991550848        1.4950716855605848     
   8.6332945333849338        1.6280402298813115        2.3018326871616779     
   7.8949351699500694        2.4048919183319581        2.3156086433820398     
   7.9488179848970546        1.6479246103894889        3.1163939103536715     
   8.7030229149295071        2.3744820328850724        3.1223026649204213     
   8.7366339304373248        1.5350130288168937        3.9023599450853972     
   7.8995209268870488        2.3878198503687433        3.9245022842758859     
   8.0041100356434942        1.6687597183796459        4.6779103672263389     
   8.7504342087101090        2.3825279023497172        4.7504057824032939     
   8.7804794056811701        1.7182845122064248        5.5439745132482035     
   7.9026819101413857        2.3554429034372779        5.6322142337721530     
   7.9274128457365336        1.6169545270277783        6.3722228610256009     
   8.9572952101687786        2.4938037587105155        6.3672220848873016     
   8.6849359593425959        1.5397980777887534        7.0769328116362242     
   7.9488913908952288        2.3213495563879096        7.1226416960491239     
   7.8452892440134434        1.6709172503076430        7.9584082526022319     
   8.6779027963016908        2.3030966399714972        7.9266374283804772     
   8.6328967184217991        1.6304016271553199        8.6924049000556867     
   7.9237152573236527        2.4532295515092239        8.8095192172770869     
   7.9368226898445018        3.2761896495464566        9.4974610172593987     
   8.6703993791073000        4.0124276650961983        2.8619546084446487E-002
   8.7643890818354393        3.2563190979632588       0.72461325493790996     
   7.8828663170357816        3.9269402202011481       0.80797927049493279     
   7.9451203767341845        3.1697204141436917        1.5459967272870394     
   8.7447842531923587        3.9009195997062793        1.4628087821730626     
   8.6510506686255528        3.0817642491376884        2.3485239783421901     
   7.9410765293129373        3.9324371243891805        2.3727816814104243     
   7.9082158109136360        3.2397685033562831        3.2368363947140186     
   8.7607936115120673        3.8610723720169298        3.1467823359393465     
   8.7589651339846206        3.1875756636093691        4.0674244350170143     
   8.0101161019024651        3.9287074315323323        4.0425016057752519     
   7.8243868856470140        3.2088099171253561        4.8194402446797833     
   8.7634928988682788        4.0204137060398333        4.8349036624077648     
   8.7361853008682093        3.1670246733721243        5.4773134900429277     
   7.9484927564161429        3.9578227624813236        5.5387897567873843     
   8.1000066687218428        3.2185721943740022        6.3090309848247301     
   8.7522253762503581        3.9262805944933876        6.3602101789014869     
   8.6886665181900611        3.0916927569345249        7.2517269472180486     
   7.8934066377542962        3.9578843399309376        7.1499371026198535     
   7.9681333232207789        3.1880563885033704        7.9705292143237836     
   8.7331251313791167        3.9972733190268204        7.9121763742710547     
   8.8039316929809655        3.2577640631179579        8.7457688511301459     
   7.8877085637782152        4.0359580101569383        8.7871024652653045     
   7.9255753183200914        4.7920188775359112        4.7740132737025376E-002
   8.6580573594057775        5.5995326772543628        1.2206094021182364E-003
   8.7172479164153813        4.8197856498605551       0.77288998123346886     
   7.9654486501373984        5.6008036837383415       0.88919385099529369     
   7.9328659838657920        4.7481594091305617        1.5384544840320198     
   8.7493774029075322        5.4631180066426950        1.5808206012663881     
   8.6974967143521091        4.6552297913930154        2.3915232446587087     
   7.9781578484660889        5.4404874992405681        2.2781246338003771     
   7.9072508149376723        4.6708970039680651        3.1615979017029705     
   8.6969930802077364        5.4712319670849823        3.1801364280202891     
   8.7915299488628076        4.6571677835393013        3.9959300083502050     
   7.9794518860307591        5.4724370882140283        4.0556043464809992     
   8.0555281292524690        4.8430651330510512        4.8357475280739211     
   8.8202063646386577        5.5061796746364644        4.7260667508279122     
   8.7378550837455027        4.7734055787614933        5.6641653078453125     
   7.9014637381308139        5.4987909773520478        5.6254071741688048     
   7.9468675604411247        4.5991333425789493        6.3949401623039828     
   8.8143040226260503        5.5735322635980147        6.3278184763430696     
   8.8132332743963584        4.7817810996296899        7.0427581574461460     
   7.9960508073303371        5.4697438880659419        7.0640559527798272     
   7.9981586594419332        4.8138671944653462        7.8965543011012986     
   8.7343478833931112        5.5539267705343063        7.9315259455787928     
   8.7828082914490384        4.8248286806722103        8.7011211268278217     
   7.9665533542786537        5.5155176503839272        8.6731688650739489     
   7.8562144005349746        6.3262578686552908        9.4767819043667370     
   8.6764881921973593        7.1049185253361298        1.8981045585977980E-002
   8.7643380121803158        6.3290934306783857       0.83915078691821721     
   7.8747107227743891        7.0849362180442821       0.78089183771652571     
   7.9563430144610692        6.3140089974625999        1.6848579358266120     
   8.7898118480449199        7.1002413550064958        1.6242042636242064     
   8.8228585051505490        6.3526840480847513        2.4012056448578343     
   7.8616285730889643        7.1053563225121010        2.4370475887901453     
   8.0042634384210203        6.2935025732276566        3.1101481989953372     
   8.6943046536103044        7.1608552407818156        3.1519993614537825     
   8.6759630914327222        6.3155393384652507        3.9722395017571506     
   7.9511484583570819        7.1421803808118947        3.8132940693393045     
   7.9299641226805750        6.1464444975956480        4.7324245695301244     
   8.6852031706590083        6.9958560871561231        4.7269932885165229     
   8.7621026709167698        6.2254346878853557        5.5211358516296105     
   7.9662119560130469        7.0278822879701597        5.5881882096219870     
   7.8678255662623631        6.3405472012427282        6.3969700244266559     
   8.7201470988750209        7.0884517237909037        6.3641402148239141     
   8.7706667422258793        6.4086917649708068        7.1611375028238715     
   7.8909649426862307        7.0925343168381243        7.1245628376319763     
   7.9727821230406803        6.4677484161782424        7.9339742859213898     
   8.7233554062674870        7.1349363114753865        8.0209762437670609     
   8.6339450329587084        6.2788205759006708        8.6946194043633671     
   7.9670615100517477        7.0507911534560526        8.7538096781104411     
   7.9484065052381787        7.8710645150777898        9.4567615945586692     
   8.6760386823060749        8.6640071445232447       0.11506755770708689     
   8.5540138096781480        7.9179341425168044       0.89790889226472104     
   7.8055334690640716        8.5953376903958656       0.83147904872187506     
   7.8195627115016881        7.9364391838421025        1.6965081121201635     
   8.7210297556963017        8.6714345993662274        1.6215150622845407     
   8.6099825093772626        7.9559556123899773        2.3341241764184217     
   7.8160552883908005        8.7514024676684805        2.4391426617637868     
   8.0450112130273421        8.0315035457371966        3.2223008788581367     
   8.7572604708074770        8.7990454846534885        3.1734047053191241     
   8.6639935405352588        7.9637685047968407        4.0306606742655768     
   8.0012115833337756        8.8118195862609685        4.0653553280834061     
   7.9357504547665068        7.9121608056980346        4.8324690647669204     
   8.8004690295401851        8.7071375927868342        4.8024336368213643     
   8.7717275204681275        7.8416461200767227        5.6545511055722555     
   7.9964095769105850        8.7608001197679126        5.5594230097472357     
   7.9134040471922154        7.9883485121796483        6.3656725588458860     
   8.8086956937869445        8.8472048728659303        6.3815137210651516     
   8.7643083973683407        7.9241632533728259        7.0366099314159536     
   7.9342042597754574        8.7665773192232361        7.1229700524733151     
   8.0209190907723968        7.9194111980582758        7.8712932556698796     
   8.6546589835556471        8.7266929345538653        7.8925581321514713     
   8.7348449783553566        7.9208546282568957        8.7584479061559968     
   7.8814979943511618        8.6688803405235397        8.6705329568571106     
