   9.4860610996810308        9.4764794352430535        9.4858133921216297     
  0.79617279128083096       0.83053281839966253        4.3937198014719812E-002
  0.78383390217536186        9.4939889346423048       0.81965796310533923     
   9.4916229805718526       0.67286073047672823       0.68663749979134614     
   9.4045727834378603        9.4619166643822759        1.5107160670644675     
  0.66399885973060779       0.77633852744717591        1.5591313234885971     
  0.71421489438907582        9.4479603780206869        2.3355351656996981     
   9.5024122129029642       0.80642067895524339        2.3933792779808467     
   9.5095633388599961        2.4932582362509670E-002   3.1802761056667292     
  0.75398638418508634       0.84257786371546683        3.1277394291023231     
  0.79865210388435792        9.5022452118939764        3.8970820603502001     
   6.7389630268712822E-002  0.84419266090717149        3.9183118395112397     
   5.2354696248211069E-002   4.8198482059181730E-002   4.7356863321146232     
  0.72505265570596844       0.89088210716452743        4.7606275292084286     
  0.80236342930901727        9.4602600735696250        5.5668697086459185     
   9.5133827685765873       0.73260221895353550        5.5620196515241798     
   9.5062758569840060        1.8701741211995596E-002   6.4129790055666751     
  0.70407616242477045       0.84037657829178902        6.3584309549630706     
  0.70456248370428554        9.4817689214779062        7.1925423510486244     
   9.7677828684222368E-002  0.77689620387963187        7.1830832462091081     
   9.4176482133157489        5.8010103393135266E-003   8.0022907275180675     
  0.81178485535673595       0.79218014251358471        8.0005796126808271     
  0.76567804630782799        9.5063404554977300        8.7836951218747270     
   3.2924700035273403E-002  0.82235772898459503        8.8106653689877827     
   5.9296270720698423E-002   1.5623188150570986        5.1497523209898269E-002
  0.87857423608981755        2.3539670840210163        9.4955900742669002     
  0.76250155016522236        1.5573475431078214       0.88550975194600712     
   5.9334513889446057E-002   2.3714476659896855       0.76344266741883304     
   9.4836250629268424        1.5534296495082314        1.5746719071021344     
  0.83672267721200544        2.3408889425161812        1.5728533853071351     
  0.78973552652995982        1.4932864838104052        2.3610340364853659     
  0.11586838644785817        2.4114050252500925        2.4351795020483853     
   9.4847515293938418        1.6403576263151227        3.1952673895532500     
  0.86126400197899866        2.4652876408958591        3.1411511920575794     
  0.83943254012478374        1.5646160955993877        3.9295739101919120     
  0.10140762845507219        2.3907985452242237        3.9448494950723845     
   9.4433174225755732        1.6029843665299723        4.8409377831047520     
  0.83210090455011843        2.3668077280412256        4.7158912478162156     
  0.78759641165031979        1.6149683468174012        5.5314911313583028     
   1.1058926408855033E-002   2.4052585945579930        5.5980197238598866     
   2.1717728368194057E-002   1.6929595608923376        6.4086751957045482     
  0.78556432259400755        2.4600806126727703        6.3399494302748867     
  0.82911401904802406        1.6191471935161708        7.1690970396788929     
  0.18113629416465282        2.3504883223043080        7.2023160400482302     
   7.6805498596072524E-002   1.5876770983537436        7.9714773603231750     
  0.90827133585770847        2.3927044070542278        7.9780002495432161     
  0.89567638645395831        1.4976834063575406        8.7328975668619737     
  0.19298113784469217        2.3672280285104690        8.7619574815558359     
   2.4530728710202579E-002   3.0798874378122933        9.4710620290030736     
  0.84916527571591027        3.9108979325016708        9.5096903840740161     
  0.79677549537642200        3.2992527574598607       0.79484118500231071     
   9.5195281961909970        3.9844743751492500       0.71149087145928547     
   1.5291047065281728E-002   3.1662596275341168        1.6031634917165036     
  0.78841334358794624        3.9755422123712760        1.5632949711863267     
  0.83150304360022376        3.1899437357941500        2.3566093960082113     
   9.4784788205688795        4.1485568065810670        2.3623632697092436     
   6.7107931715038496E-002   3.2551273279637405        3.1295745808713300     
  0.87289968873554735        3.9380810257076906        3.1306439903354919     
  0.87311933069541703        3.1287940510201584        3.9214968436383462     
  0.10260709181012266        4.0146552574287115        3.9815131358818481     
   9.4647017082862401        3.1799297215197329        4.7474198732407498     
  0.89262507617113673        3.9742906107649207        4.7094328493681719     
  0.74721159923631408        3.2148423397457142        5.5976341307950976     
  0.10981867214411800        4.0000393952082254        5.4304335654978670     
   1.5146271124255754E-002   3.1925930795212749        6.3530992625823757     
  0.79765487305072424        3.9436642186111102        6.3630910716596656     
  0.85825602554847780        3.1382591467024379        7.1959430222135126     
  0.10653490954893242        3.9551479288947085        7.1979197641392254     
   2.0160079230465998E-002   3.1846379487072509        7.9389750223359519     
  0.92055221230359519        3.9741017019241056        7.9589402424183291     
  0.90418011677934951        3.2357082937124431        8.6624859422990124     
  0.17530187140098966        3.9826182202493268        8.7113862788831558     
   1.6630955395554231E-002   4.7273652963779957        9.3982970974397659     
  0.82561143682221194        5.5279653145906202        9.5102073759585526     
  0.83778987761270851        4.7819850216539548       0.85345099610993480     
   9.5122039224468633        5.5160844399132056       0.76608985665540308     
  0.13596164562403304        4.7368365688638328        1.5093593925457647     
  0.76600251234143713        5.5181627792807344        1.5538956067022645     
  0.77184840045461423        4.7541083410482301        2.3539941467058938     
   9.5235994792434244        5.4729519533966924        2.2661104172489317     
   8.5039561417122017E-002   4.7132746784435797        3.1577268223155723     
  0.79560849964345748        5.5167128107029013        3.0927496823347158     
  0.85484477450076657        4.7511686534247959        3.8805340329692966     
   8.4576997360393938E-002   5.4656678588611483        3.9329324644219343     
   1.9812506108087838E-002   4.7716894373855805        4.7622782040879557     
  0.89474900260202217        5.6145183354024679        4.6867414610867195     
  0.88233317905922259        4.7898720744984429        5.4865188767712443     
   3.9178029176207335E-003   5.5385107232906430        5.6025266503091791     
   2.3050916847281600E-002   4.6733164183776079        6.4096293396315165     
  0.83348408189045731        5.4929595863350418        6.3635328643009421     
  0.90210118607927670        4.7648987183272151        7.1250028853424814     
   8.3272853789667325E-002   5.4834541722718031        7.1291672942586128     
   5.8287629602113478E-002   4.7291542011117347        7.9366810889490518     
  0.75671528794601006        5.5706630513219242        7.9635693595807222     
  0.92041154645683210        4.8116048818542554        8.7484704633958614     
   9.5219291979373182        5.4733792576847300        8.6978359235819767     
   1.0605557576112819E-002   6.2722738678527890        9.5123565530851906     
  0.70173619025292411        7.1441561973348637        9.5193005637449257     
  0.79190975422343601        6.2742410550214922       0.81992146177504321     
   9.4585267820135002        6.9360276808031571       0.76892326642613051     
   9.4004287619200309        6.2350631303034758        1.5124349205256880     
  0.79050041383949843        7.0271623218024528        1.5687535048363608     
  0.80148048086151169        6.3064899084015682        2.2790935074041179     
   9.5142260088770669        7.0362802894290128        2.2900476416658622     
   3.6548648055029276E-002   6.2911725361196753        3.1353481688475600     
  0.76550676122200989        7.0663911141820774        3.0171620351950597     
  0.82627665599282230        6.4048209913108227        3.8496919015953104     
   9.5111431630940313        7.0412394306839747        3.9885257310267752     
   3.3062335405387291E-002   6.2902418808051292        4.7558456913825404     
  0.75392843705454760        7.1006444943758060        4.7150526069930283     
  0.81522124759287029        6.3415255014068093        5.5143324303880492     
  0.17135459035372649        7.0996068349426924        5.5460265899918948     
   2.6175634098997924E-002   6.3829695450263886        6.3922481822988111     
  0.79357045204944454        7.2007703762875890        6.3411479740692078     
  0.83611333534441690        6.3764270073976590        7.0066102523419245     
   9.5176656888795783        7.1782128552727329        7.1153443799938669     
   3.7968077889937030E-002   6.3592717481610830        7.9166966733375501     
  0.74906252906356707        7.1723679907334859        7.9182077301864444     
  0.78815856366820458        6.4047449873785354        8.6772557950811677     
   9.3799560467737386        7.1114991710303164        8.6983128699548509     
   9.4854010002672631        7.9589381260227459        9.5148557367333453     
  0.82673732241517728        8.6723479580911143        8.8055033518636625E-002
  0.73701349628245139        7.7873760396297822       0.88389796558385414     
   9.3941047670461035        8.6829572306587242       0.81513378019211302     
   9.4235284193086777        7.9731472831578527        1.6336855177438463     
  0.73895394853669960        8.6421651140202869        1.5819348768727286     
  0.86412846816657185        7.8557248261208157        2.2996734264489751     
   9.3859757450587047        8.7251465200755121        2.4302413917702670     
   5.3668446877882248E-002   7.8222410080484641        3.2034975419348077     
  0.77160755020874172        8.7113984924446761        3.0945030155290469     
  0.78228494815487692        7.9095796658814734        3.9560907795412548     
   8.5034633450155953E-003   8.7278922652184896        3.9717136067019663     
   4.0383886449527943E-002   8.1269791703680809        4.7496786875775907     
  0.77997205585671026        8.8314729204724163        4.8235560689018842     
  0.73884477831872297        7.9194493902714980        5.5640981273648453     
   9.5224722952207550        8.8496238511339467        5.5120501235205488     
   9.4437152625546741        8.0416842255517142        6.3921521970276798     
  0.68016427188372053        8.7390910473318062        6.3602052412784893     
  0.76044889654352466        7.9545307493099049        7.1277515772255482     
   9.4628409808556242        8.6973817537927935        7.1724289762997806     
   9.5063206620026524        7.8732191615907663        7.9346319712209290     
  0.75874955646960585        8.6672476619986991        7.9857140904597896     
  0.75803027596850581        7.9246467798432434        8.7380440089225875     
   8.4669640364991080E-003   8.6953279690053780        8.7065474844576904     
   1.5577874272912156        2.8839741879202706E-002  0.10689854350008193     
   2.4683277165094837       0.75943483620210284        9.5000783377714004     
   2.3496960117483154        9.4946393033879666       0.79391873512801758     
   1.6271979529395626       0.87142365699194457       0.76901108578496646     
   1.5328684651100242        9.4699614882919807        1.5647066533439675     
   2.4608637856094044       0.76099980014286273        1.5322194983777953     
   2.3577941523836823        9.4681168901719861        2.4176011968185827     
   1.5019025242613253       0.74256534165777377        2.2926068860984623     
   1.6155058443926344        4.3499280389976335E-003   3.1591191797930458     
   2.2775291272264813       0.71014574251298579        3.1491202091619339     
   2.3923118754322132        1.9510663487796832E-002   3.9639207359157553     
   1.5152132630286936       0.77973730284382381        3.8696123838267873     
   1.5458446077118622        7.1461150357337119E-002   4.7443906520197912     
   2.3358873715849371       0.86448217213659106        4.7643497088542546     
   2.3373157381656404        9.5119719975027603        5.4192299205425698     
   1.5082384598319156       0.74526349122975077        5.5709486556190235     
   1.4728601230436724        3.8593443163697012E-002   6.3848159937226416     
   2.3001206147034794       0.72581993053220850        6.4084232999282005     
   2.4597477247445894        9.4676656918127637        7.1594708126086886     
   1.4386445667750920       0.71894957292250983        7.1699709944740091     
   1.4878540945989582        9.4040144057596144        7.9501230148918332     
   2.2853822225248122       0.73454908977959554        7.8238107220280710     
   2.3137351189940936        9.4970238291962623        8.7899780735903583     
   1.5739834150411161       0.72736987708834855        8.7827856885334903     
   1.7135015165867300        1.5126755370225269        9.4893410539714509     
   2.4370690154734302        2.3957714398183994       0.15989985835772236     
   2.4636530893958799        1.5264795232217065       0.80062868146001198     
   1.5754277986873093        2.3319431590631723       0.76323528632872495     
   1.5842430252971582        1.5096054013292082        1.5985385146584217     
   2.3685878896230412        2.2609106294063350        1.5423546222356010     
   2.3672688206911450        1.5442786330634948        2.3577307466533903     
   1.6480908545102877        2.3645517907548643        2.3248736893733071     
   1.5782438256362508        1.4158263947108023        3.1499895095046515     
   2.4299972588657877        2.3520283442802228        3.1299156064187166     
   2.3717266349537289        1.5965651290100318        3.9234114560263129     
   1.5925638951173788        2.2668992240746215        3.9671884993747777     
   1.5513320489386060        1.5694434585700794        4.8186262807893421     
   2.3447894677772010        2.3349318849366218        4.7197265409918669     
   2.2262835081367744        1.5220359189681099        5.5781856758369415     
   1.4997554442936061        2.4103256216270657        5.5018917069211453     
   1.5742631202360784        1.6003430546464035        6.4181367777989786     
   2.3659765220398024        2.3310243348852109        6.3768709261264700     
   2.3559723219177933        1.6078334106888437        7.1818141242865856     
   1.6099611178148512        2.4018988086258535        7.1998459358141149     
   1.5736149215895561        1.5626092220998551        7.9417718866669222     
   2.2944878339084642        2.4414892319774038        7.9985029576476814     
   2.4394084236787212        1.4655844549906933        8.6762460966987902     
   1.7894381615695796        2.3320609858100769        8.8132382303779586     
   1.7002443750351637        3.1328378534464805        6.6556904440975118E-002
   2.5286940204226265        3.9797654169058263       0.14588964041462280     
   2.4858676641151987        3.1197458293121567       0.85029141199213365     
   1.6705492847275645        3.9290833169582555       0.81196204587058196     
   1.6546928783941950        3.0874600640207084        1.5573060588072591     
   2.4359452675215394        3.8389678376846499        1.6649079322989848     
   2.3953175352890121        3.0345124812181372        2.3330530588894076     
   1.6202224074057190        3.8589888272942603        2.4046787561589835     
   1.6207291368701602        3.1318732622434351        3.0828156529403881     
   2.3860663529399107        3.9490415081027326        3.0883580280623972     
   2.4092035654780912        3.1412182041813366        3.8834742433490277     
   1.7236295466943192        3.9622070382781569        3.8598896398953588     
   1.6356669993539736        3.1673509904371260        4.6438300533285526     
   2.4176766506362015        3.9649241847508847        4.6473268606178060     
   2.3893817122204273        3.1462240378219239        5.4577971701931869     
   1.5711541002861229        3.9481760234705203        5.5471340258277158     
   1.6674210460240317        3.1518200339290425        6.3181363669601405     
   2.3890457783064591        4.0140187271643866        6.3118044351773914     
   2.3864003240413378        3.1939593541925757        7.1021061460730888     
   1.7164300759849633        4.0567561841119097        7.1049122343524598     
   1.7392870594135401        3.2940262501138311        7.8885133251879251     
   2.4527228423172538        4.0495411166576103        7.9439251864418283     
   2.4931074034102569        3.2391481333657466        8.7641217489228680     
   1.7352266297408905        3.9141593008083748        8.8141052151590582     
   1.5829499084873018        4.6852347689271427        1.7869900606765243E-002
   2.3545405087031903        5.4271101077975716        4.4344574161004041E-002
   2.4275484333424000        4.7424164222291711       0.95368801415315618     
   1.6408550845028309        5.5203154479834602       0.78088620753057914     
   1.5359795780072238        4.7068976414963499        1.5519952052027011     
   2.4191676382034975        5.5581352778179784        1.6625262012841462     
   2.4399175789548022        4.6815133360200409        2.3081120694663597     
   1.6371248485749910        5.5004275587512765        2.2640667285006715     
   1.6146038680006507        4.7318534719409016        3.1084841239589092     
   2.3472387552529956        5.5026304234353685        3.0261908457131703     
   2.4233305075432314        4.8205809863918017        3.8433208446181513     
   1.6084338761100911        5.5670393207886493        3.8335592492322288     
   1.5779956436202427        4.7464830858095226        4.6333879796582380     
   2.3719842127218342        5.6210122860694698        4.7556192964710693     
   2.3354350276476437        4.7053603687512258        5.4497961981314340     
   1.6362834493711442        5.6403110500496210        5.5779810900414546     
   1.6170889542594791        4.8005519656819695        6.1972629911403487     
   2.4288290045607019        5.5718989506437664        6.3714340585817331     
   2.4362754282257146        4.8337722302212738        7.0727369088648970     
   1.5779644726373017        5.6098883864659035        7.1794719398062776     
   1.6438237048559734        4.8107725392800686        7.8588988285470895     
   2.4380081001706730        5.5454903624210949        7.8639867835776132     
   2.3419506376251573        4.7563385759491830        8.7068937188986766     
   1.5591953769793987        5.6549857968363018        8.6193998959363061     
   1.5740740344742261        6.2645124980295863        5.1673266125176979E-003
   2.3702001862171334        7.0307441821106513        2.5442318016321075E-002
   2.2869720978319332        6.3059152115071946       0.85392629150599664     
   1.5935881182559855        7.0776211461927643       0.86963337059419232     
   1.4998610531809438        6.2183093924824417        1.5263625256938365     
   2.4625635011078026        7.1713616856096234        1.5818627860264527     
   2.5033196673767897        6.3870120058108331        2.4045101400013422     
   1.6478565309550544        7.0216740958507629        2.2704682000648413     
   1.5492166402040097        6.3078506973713555        3.0756982808878353     
   2.3723617843572362        7.1336653923976314        3.1586654827084493     
   2.3090304766817917        6.3765808146184515        4.0089591679845258     
   1.5699306853223687        7.1713785267125951        3.9898701915343464     
   1.5552348957885771        6.3905364038958039        4.7622908276791938     
   2.2738553820834753        7.0900361240472858        4.7673192961488420     
   2.3317246863175032        6.3898612636446712        5.5889068343380899     
   1.5716575257217711        7.2305379885787042        5.5760830999056026     
   1.5624875940839509        6.4435530381249873        6.3437983107294578     
   2.4228474363835364        7.2453735943832394        6.3159257656175996     
   2.3362177627487997        6.3622479682735547        7.2033054770845419     
   1.5361604591571152        7.1762295956686302        7.1631168996729633     
   1.5401265240897164        6.3934684533960837        7.9072540152264503     
   2.3068597614391848        7.1618620582511294        7.9535433930398316     
   2.3367461656843118        6.2969539201718598        8.7010701302957276     
   1.5768825842484240        7.1209504957544834        8.7340192252182902     
   1.5708801176722262        7.9045802713183813        3.8031194796642853E-002
   2.3514073354479135        8.6711622308963161        9.5008963544448886     
   2.3039503033432362        7.8418037537816385       0.78008084601457961     
   1.5903846356456643        8.6573866478108528       0.84108747716970711     
   1.5791469569337240        7.9107316327667769        1.6418339831001139     
   2.4131237347319523        8.7392850457867741        1.6491087738195469     
   2.4552536685975705        7.9849776303442628        2.3856468998845215     
   1.5585930933911556        8.7944287872789424        2.3207387597981564     
   1.5057305934697591        7.9338312196049214        3.1071413372487298     
   2.3281060974863887        8.6652898307332222        3.2552243707134254     
   2.3911729513784232        7.8557890734105174        3.9881661787034339     
   1.5057088342872524        8.6161286348180166        3.9212893975896788     
   1.6282839685707222        7.9778411562243630        4.7602115462129024     
   2.3763907886136355        8.7363327392059436        4.7186885604788831     
   2.3794578659015357        7.9913124266955009        5.5468882421156813     
   1.5981842499380523        8.7404582195418872        5.5233505411972219     
   1.5214473597102371        8.0060247681033694        6.3496671391971917     
   2.4333126026071805        8.6608946289235362        6.4139060079041155     
   2.3731940772065818        8.0080479128283475        7.1711061649015528     
   1.5962589615794320        8.8348885082600255        7.1182726954386135     
   1.5902036227130349        7.9085663332238623        7.8840049291277081     
   2.3417651269068087        8.7112056338248198        7.9652320653935069     
   2.3830346385921932        7.8629851477416448        8.7383029264735566     
   1.5585937489776123        8.6492925392346631        8.7207063967374747     
   3.2365719655986536        9.5004301073187882        9.4573152454683242     
   4.0724028677088384       0.80339973229114114        9.5189087258079610     
   3.9994787998846340        9.4813932516450539       0.82200726713802463     
   3.2033135486061219       0.77514269619616538       0.73403913421706601     
   3.1632925449330838        9.4611042454440870        1.4957177602594669     
   4.0368249296853076       0.75379934568176210        1.4689567718645753     
   3.9411200361851884        8.2124028185852960E-002   2.3413562275851039     
   3.1865822214113058       0.72031850207757231        2.3712819477606004     
   3.2020980670436678        6.7554254008484013E-002   3.1825190637366010     
   3.9188781509739070       0.84461690387115052        3.1883256038103784     
   3.9597356735436660       0.16092629494713950        4.0601813372738862     
   3.0938785122753321       0.81133049664464074        3.9317942495629628     
   3.0995727808359201        3.3482997911603869E-002   4.7435666776661822     
   3.9407664278863996       0.81654681051705891        4.7702793880703531     
   4.0312525792205740        8.2518969427970143E-002   5.6122672193053198     
   3.1644652112379870       0.75149102090624298        5.5572535927599542     
   3.1910039286668006        9.4503433201773799        6.3679602390429402     
   3.9537269584896930       0.76449148205707174        6.4495244656608124     
   3.9810083912980692        7.7139279225001092E-002   7.1739203322747862     
   3.1882117476786695       0.76647793059761848        7.2860267015272253     
   3.2084116599122368        9.4461033729800281        8.0173250155991695     
   3.9890901131969083       0.71545584100741133        7.9780358592650833     
   4.0789966717912352        9.5048200004829955        8.7410932400833747     
   3.1705496393193702       0.71739644722558216        8.6749855932577749     
   3.2240500946696393        1.5096919918167864        5.9336354050461643E-002
   4.0811472475169479        2.3883374559750181        1.6104382937217804E-002
   4.1113533992234723        1.5353659346858008       0.76961445046445420     
   3.3114415734461318        2.2346961504832694       0.78437954586957492     
   3.2496802329505754        1.4279045157457633        1.5957585688035045     
   4.0482359572722162        2.3078619635063800        1.5707694148671163     
   4.0457251147236208        1.5947110965227016        2.3753279136680927     
   3.2528638769368499        2.3445616633964468        2.4332256631656550     
   3.1442529639476482        1.5632667491136421        3.1871004891267076     
   3.9898018159663717        2.4189502900071025        3.1679900390741902     
   3.9613567720249407        1.5775246316749876        3.9325775797010500     
   3.1149181221753333        2.4104151222264250        3.9117624080526250     
   3.1373692706227678        1.5575556138129572        4.7981806739470070     
   3.8790334805075259        2.3902497179580764        4.7222280985494196     
   3.8516075875239153        1.6415015916046996        5.5356536212708383     
   3.0560690043102428        2.3454058170000560        5.5884663156903267     
   3.0608412801760987        1.5570067478576470        6.4159887721360640     
   3.8687256855742520        2.5085325636798936        6.4795873351712379     
   3.8463004177502627        1.6163011793142579        7.2005724299731551     
   3.0513290329824665        2.3710084118120940        7.1752482488635687     
   3.1209969008759351        1.5650800344826166        7.9580406185731025     
   3.9803515519805206        2.4598686734065596        7.9256735887844361     
   3.9560558216359061        1.6352510770804627        8.6696960088398978     
   3.1207134783312531        2.3518726832219343        8.7234152880823235     
   3.3786399797347459        3.2115686507579073        3.5488735106798484E-003
   4.0708985339139225        3.9679800606387383        5.9646468599614165E-002
   4.0076931590618035        3.1261187290801247       0.83804667539739097     
   3.2646006502474307        3.9015583769346418       0.96480038052763217     
   3.2888396340162998        3.0163853972775825        1.6442469076941910     
   4.0387089508752307        3.9965280488161898        1.7645941593854246     
   4.0183300356831531        3.1637821213155615        2.4219757515741187     
   3.1831323470766608        3.8703862998961953        2.3854813037602094     
   3.1609383363770540        3.1110630176256970        3.1159083291839962     
   3.9578885310181575        3.9536073513279146        3.1307991284813723     
   3.9520275395979012        3.1775545867943795        3.9017670094839936     
   3.1762794700137404        3.9219505015726619        3.8993215308176250     
   3.1427509978663393        3.2356044743116628        4.6498593849264926     
   3.9283778408105343        4.0339999764535799        4.7142440905171528     
   3.8312462208514972        3.1386238390168053        5.6267743261603194     
   3.0976659603184560        3.9418660004535080        5.5544486360628369     
   3.1330999664300347        3.3023381237251868        6.3584356270739546     
   3.8839847120156743        4.0157145733211825        6.3365093215817199     
   3.8407063438184577        3.3091574428771140        7.2416931453036035     
   3.2084890747626229        4.1091946321531783        7.1470314196420901     
   3.1377494900343028        3.2033456974483228        8.0052344014813084     
   3.9288520582329660        4.0550473971961072        8.0205716822236699     
   3.9063237501449724        3.1809099743959308        8.6921443424808036     
   3.1288565447630332        4.1173209681857035        8.7989348479901413     
   3.2296339281778406        4.7673970454445982       0.16376975242350661     
   3.9379988747192360        5.5259588456787885        3.5369475252192022E-002
   4.0424679029787276        4.7509656406593317       0.89176610975685389     
   3.1761701024295315        5.4933927570259069       0.91426081705604179     
   3.2199892561283434        4.7126755531515734        1.5770901572954135     
   3.9517470874366722        5.5010498191529003        1.6924432732212351     
   4.0044957214544192        4.7814418764193718        2.4891767324049199     
   3.2083619721938663        5.5501436973675995        2.3990274327104597     
   3.1544925597078626        4.7354768911613245        3.1009963598740837     
   3.9881064333596066        5.5907577242208113        3.1890442093150719     
   3.9795371592820232        4.7534621331010563        3.8528644825739531     
   3.1442236340439016        5.6258385817201439        3.9597845698152581     
   3.1674066399349563        4.8024934481875734        4.6798332869733832     
   4.0043229044868207        5.5629434646351159        4.6899688056578439     
   3.8709629431049257        4.8592805344532248        5.4830091296556578     
   3.0809525811339360        5.5980042216839498        5.5520121892155609     
   3.2489927184931022        4.7929679961917122        6.3317579856009099     
   3.9398354438644803        5.6119048631564326        6.3044069908307954     
   4.0545412815804163        4.7851134222255576        7.1646961866096746     
   3.2654851876456705        5.4623458107693361        7.2104431000928164     
   3.2719361679894687        4.7874859944088035        8.0270100900548176     
   4.0872187668840274        5.4909359168017513        8.0009019214038695     
   3.9918100820317677        4.7623514983709976        8.8355290828461701     
   3.0987317273329440        5.4720057490295533        8.7582795286051045     
   3.0767154328758965        6.3156264316236355        9.4741905583095747     
   3.8554594693393538        7.0704113914041553        9.4695863503382007     
   3.9274835599607956        6.3475909339975560       0.81779633012559405     
   3.1792129694990612        7.0221760517331049       0.75640424660199235     
   3.1763984387040054        6.2433158826829294        1.6718972879351439     
   3.8757684502821803        7.0589035780524458        1.6160678595024660     
   3.9346886066309281        6.4034489890003323        2.3741273685155675     
   3.2355268410109082        7.1783153363161221        2.4840215976003108     
   3.2443819182470728        6.3606946560246156        3.2328181315090760     
   3.9871428299814449        7.1680885303034847        3.1953917372544596     
   3.9814903032912108        6.3360022516765291        3.9623276508498324     
   3.1777324431383160        7.1788858898182717        3.9917611271026474     
   3.1576275865236449        6.3735540176825110        4.7120589166118787     
   3.9426449405930191        7.0144011951430407        4.7155304933747244     
   3.9213081810885337        6.2642524389956336        5.5273655199098410     
   3.2498255948160564        7.0122356102622483        5.5159553197610407     
   3.1670565846556040        6.3814823988046232        6.3257108739343151     
   3.8493089103524589        7.1753480613474627        6.3449349603537168     
   4.0472084884408011        6.4095332313687967        7.1282643452285166     
   3.1370985919137619        7.2026616938873449        7.1502080986472478     
   3.2343284486125752        6.3440689671248540        7.8847919352010534     
   4.0880323427919052        7.1841240205026002        7.8700351565889148     
   3.9375740504228087        6.1994460018326398        8.7727245373904168     
   3.2296500419628309        7.1669570814509980        8.5897350793906568     
   3.1542558089482164        7.8682962324615362        9.4701917987221904     
   3.9313773517122459        8.7356761826961247        9.4883424201285287     
   3.8557967141045699        7.8949987241601329       0.84133219569416473     
   3.1598388229939913        8.7643854243224713       0.69455037469567693     
   3.0685868841486141        8.0101811383366108        1.5871045957791394     
   3.9020443182407618        8.6435427631806636        1.6552705335824294     
   3.8794974422055102        8.0068738620579492        2.4505683013663551     
   3.2495050298561545        8.8213601689386163        2.4158637800249636     
   3.2482997829930849        7.9811494786867163        3.2386027839534521     
   3.9517425309823664        8.7848448481055126        3.2173753908102394     
   4.0277249088776319        7.9878663734940458        4.0151493996189975     
   3.1573731042803677        8.8152305928563823        3.9721536061951466     
   3.1098956781765281        7.8910539970371687        4.7148949248271022     
   3.8943845865364071        8.7246566244399784        4.8848964467161489     
   3.9190589491275150        7.8456248675064595        5.5189916812534356     
   3.0827437219259011        8.7305482742495730        5.5818540713967835     
   3.1785131221260534        7.9106333888119700        6.3689580242245185     
   3.9481479031764191        8.6492004215902973        6.2655342202319542     
   3.9753106051583691        7.9615475306345296        7.1401092435473972     
   3.2398757007142995        8.7385575858744744        7.1662493357164303     
   3.2405529201663863        7.9827630550484443        7.9492232447226767     
   4.0032208738727810        8.7839913735527855        8.0273887646102988     
   3.9640185119221480        7.9795386793913412        8.7955471986151732     
   3.1675102600948968        8.7510821400121586        8.7619903999071909     
   4.8730009875624214        9.5219401066060367        2.7257267937290833E-002
   5.6107172489278074       0.83588846515943849        9.4690139554984381     
   5.5058585023288025        9.4407450110482554       0.84163228849085248     
   4.8335914470364809       0.73694241549537931       0.71669629534859847     
   4.7516070597508548        9.4976728227803999        1.5493932158322183     
   5.6059743826683368       0.74705465475986899        1.5109649400604790     
   5.6015489280728641        9.5021701263821328        2.3550534184810150     
   4.7783513656138279       0.82913275251733198        2.3360089447659833     
   4.7339542907906438        2.4891135711720663E-002   3.1132076036294922     
   5.4383275428183921       0.82971157726052880        3.2129082100771345     
   5.6145048299173590        6.8452189302997873E-002   3.9912385908983463     
   4.8591797432394834       0.81949989492495967        4.1005822513245516     
   4.6817947539800535        1.6360174390678606E-002   4.8299120592358138     
   5.5528191302754948       0.91500818484225288        4.9047522978949161     
   5.4135846433898740        9.8970096338305932E-002   5.5848800518274464     
   4.6359036369148212       0.90972411517397567        5.6350823086171031     
   4.7968491622493623        4.5987845088785714E-002   6.3573397619536891     
   5.4539268192079033       0.82997405107995303        6.3990364915991167     
   5.5457383522616723        9.4760984672208739        7.0829724264913203     
   4.6950549456355262       0.92813900146796546        7.1102426417773881     
   4.8189475480851494        5.4083472307545968E-002   7.9191694581881453     
   5.4600308052476949       0.87119254355046427        7.8481153184042940     
   5.5436372550404158        9.5127912758273911        8.7435502974651929     
   4.7249456438558832       0.80312994675670935        8.7198381548234938     
   4.8042385411206947        1.6025703170773968        9.4130617166798611     
   5.5587362558351243        2.4045731249677993        9.4763903149794313     
   5.5926108473207989        1.5423524364794783       0.68623248786456958     
   4.8139151518696801        2.4121029233724856       0.78086545976000943     
   4.7850766686404453        1.5783015695739326        1.5508850401965646     
   5.5324113159707675        2.3652442350670846        1.5480787876713622     
   5.6301040540163081        1.5954344201340533        2.3263226386910199     
   4.9094673563558251        2.3760366515288709        2.3753378328017063     
   4.7172112323262603        1.5290921370340593        3.2704365358479599     
   5.5603379104440895        2.3766478722163535        3.1998953969482140     
   5.6010685532692221        1.5908148322823430        4.0130634015653603     
   4.7470137903830256        2.3063603765238221        3.9592625707592326     
   4.6850801414354750        1.5398541578423672        4.7953118578447205     
   5.4409683101293593        2.5279254774606885        4.9153720422865188     
   5.4483571302005389        1.5769633992951906        5.6931600353436860     
   4.6394234412825321        2.3134137693659160        5.6336769585052515     
   4.6195475614942980        1.6614450883959893        6.4108470604609105     
   5.5356925511323523        2.4476512254398215        6.3376070784786531     
   5.5204371718728034        1.7041153530884912        7.1924503870799548     
   4.7229122436591791        2.4610006702360434        7.1770131930428924     
   4.8213199300699525        1.7298653592652979        8.0409388169319964     
   5.5792849552412509        2.4619425862315913        7.9719538798239071     
   5.6444578385146382        1.6380106621974517        8.6832994522506084     
   4.7503776842394672        2.4929247140138959        8.7566852724455142     
   4.7608177992374952        3.1779762209168090        9.5120275727051897     
   5.5853776532315287        3.9181425313649485        7.4719247560472685E-002
   5.5212194865520816        3.1259568217679883       0.84146240259472005     
   4.7311999070195476        3.9906470556959728       0.79977949341145149     
   4.7945358980009063        3.2011458053713113        1.5885653453974906     
   5.5966873563887924        3.9994408370853782        1.5606037863502211     
   5.5851627618122288        3.2583829405883775        2.3279279248078497     
   4.8435194678030475        3.9575757226992452        2.4191600158804896     
   4.7582979006811161        3.1246954851421709        3.1026997062551920     
   5.6625947755326962        3.9749069047252803        3.1044170922578491     
   5.4144576582818553        3.1717685516911227        3.9675574010239649     
   4.7626401115107670        3.9470629484359625        3.8238626309584669     
   4.5647444158327914        3.1834420260269343        4.7529388179745755     
   5.4666139786020231        3.9825131995037797        4.7403034192189182     
   5.4799500155385097        3.1623158446129684        5.6508043733557249     
   4.6228442041887803        3.9316910058137418        5.5173251330346940     
   4.7127385923523182        3.2656909647540608        6.3999578501021723     
   5.4434001784421167        4.0535590250071261        6.4299211861426970     
   5.4844742902192376        3.2295931193818803        7.1282511659130821     
   4.6842273663535705        3.8898858472255133        7.2280461659389568     
   4.7085136448598757        3.2672035007570459        7.9668974232230694     
   5.5995143039333621        3.8612551281924055        7.9624425017263381     
   5.6142913439294020        3.1841420914035203        8.6862514712666723     
   4.8625617773314751        3.9406062697514237        8.7428255000812296     
   4.8172509015427840        4.7729245025330380        9.4990036616539424     
   5.6015386590436522        5.5597995400501743        2.0194275486058285E-002
   5.5037875908287344        4.7971644161307836       0.89393059241465522     
   4.6909104458097106        5.5499936865588895       0.76056462971006322     
   4.8282491915202224        4.8098842826072294        1.6510356250175882     
   5.5997604875125493        5.5794812913315655        1.6499961183681982     
   5.6614625968897050        4.8530278182811992        2.4229700599102153     
   4.7505287603819673        5.6268451774721528        2.4824685878344201     
   4.7680167640668882        4.7786955923071766        3.1581319435246082     
   5.7021933178210285        5.5634215033751220        3.2752224222443336     
   5.6781951593049618        4.7471986995303288        3.9351991242257531     
   4.8053510873542011        5.4739981968995224        3.9786403786463831     
   4.6489040005848805        4.7852972530254050        4.8359115409103284     
   5.6176933360060399        5.5155493172750418        4.7451319288242324     
   5.4989579840624616        4.7334449576315913        5.5383060214532058     
   4.8426800990906376        5.5937006848523110        5.5850428197749205     
   4.6799037738861671        4.7290888441920176        6.2096167839633125     
   5.4730111660350289        5.5630863699896329        6.4302436149286333     
   5.3303684097800330        4.7046491470738241        7.1857639359457481     
   4.7410465493490186        5.6010524456611908        7.1810483798836273     
   4.7372264579795340        4.7338582502962057        8.0642512620837881     
   5.4158922745265121        5.5983430427500700        7.9858813214736299     
   5.5769801466752309        4.7714427850094854        8.7712763283805604     
   4.6913430028023173        5.5051385347984159        8.8203371453695922     
   4.7096862214007862        6.4319148080429551        6.1087925693935362E-002
   5.5484698694175263        7.1130819121128024        9.5012249763986141     
   5.5552612984282321        6.4055761947860317       0.80643894731952703     
   4.7165262870310807        7.0613094133538574       0.87928918200629613     
   4.6544277092767299        6.2492330454614420        1.5563624571214163     
   5.4151862654104601        7.0614114566178596        1.6344125473765623     
   5.6209956264433423        6.3769751013506477        2.4915145642198513     
   4.6749224584778926        7.1111922051200622        2.4393264773474250     
   4.7669126157908481        6.3587213994255887        3.2502034123604591     
   5.4737721770682892        7.1185751106089761        3.1783946167998529     
   5.6661707611752128        6.3216910982434866        4.0282494219039569     
   4.7892007801950154        7.2295035603978732        3.9726432423308911     
   4.8796463175841325        6.3397903297900555        4.7401779093308001     
   5.6874328967283168        7.1067413747335912        4.6979401148246120     
   5.5959606026339133        6.2904601974500700        5.5245197420950216     
   4.7876068513048882        7.0712828933398750        5.5211077586545771     
   4.7675874551322224        6.4319128211968346        6.3323218322227612     
   5.6366281538775995        7.0885523033365869        6.2696121483420058     
   5.5701652145925102        6.4236830017803586        7.1574431724142649     
   4.8166204006279818        7.2264323728650028        7.0937144541400361     
   4.8247004300558594        6.4056052767124454        7.9585001584963821     
   5.6559859772845007        7.1837894555929580        7.9502096303036591     
   5.4904645756576027        6.4068529294156411        8.7392108793387706     
   4.6393010263096794        7.1617131397205664        8.7646524419179332     
   4.6555416318581662        7.9204949007159575        9.2161784919745804E-002
   5.5514488208861117        8.5545474450676053       0.10996753989311740     
   5.5035529404656378        7.7880553651487023       0.84985474422984830     
   4.6672595423052474        8.6617958340023922       0.83038223483016516     
   4.5944840434824910        7.8367643753456457        1.6010013441135298     
   5.4381557006659715        8.5066622497188895        1.5658860083236825     
   5.5653345507273215        7.8326303419166354        2.3809361156374278     
   4.7249337491544674        8.7445598796596382        2.4146868462819215     
   4.7118506607790716        7.9028805738875745        3.0966533556173155     
   5.5249716680186713        8.7603428196106989        3.1893987644202291     
   5.5318445112035661        7.9748122424255357        3.9974316218141452     
   4.8379418512297887        8.7953694447754849        3.9737257012147951     
   4.7713715013469811        7.9577508074886829        4.7664298435660450     
   5.4455919112239952        8.8318638604816808        4.8121548938016963     
   5.5687076023680362        7.9354242882024035        5.5947977113947767     
   4.7373873909802864        8.7089988048971829        5.6345616686950013     
   4.8035010541461745        7.9082401136251983        6.3278349536203482     
   5.6988150361431682        8.7515189008374321        6.3283310450858083     
   5.5809786544505595        7.9812586359869675        7.1672759166729776     
   4.6615275594345595        8.7977039415083116        7.1355743014139854     
   4.7645518129824884        7.8973091481706064        7.8649132425302950     
   5.5404588559665804        8.7461469652549422        7.8363921562429999     
   5.4865698970782422        8.0077981335175181        8.6176014202472668     
   4.7748599784073607        8.7564618500113944        8.8410305027919271     
   6.4199192668046150        6.5582236594445065E-002  0.10204646993439276     
   7.1761645438962365       0.76657326609409893        9.5035084711042295     
   7.1038358258889724        1.6296132410813253E-002  0.84782051509279022     
   6.3925741377209055       0.82645773826586699       0.79277016143145118     
   6.3472194635755930        9.4148236481917831        1.6026288546756187     
   7.2081938982847751       0.77859592187104698        1.6340596865217287     
   7.1510316013270723        6.7628061622387638E-003   2.4184320500975645     
   6.2877813696004834       0.77462748364193268        2.3266144382268048     
   6.3414209754100108        2.8137474881334435E-002   3.1949909463243253     
   7.1061490826624469       0.73577545011327083        3.1997700065542025     
   7.0740366783430648        5.5848321155310264E-002   3.9901867373424365     
   6.3049618323228556       0.80060031022912592        4.0664797790812646     
   6.2217995770592864        1.5988313136400863E-002   4.8223510478619023     
   7.0489492540558620       0.79798249112671571        4.7724510324835130     
   7.1345095674674388        8.8728209550296866E-002   5.5515006642180502     
   6.3209383980251719       0.82795843540263081        5.6603832026899852     
   6.2923968776407158        5.1437459773633558E-002   6.2795173879320609     
   7.1528828817926646       0.79188753502601650        6.3810456323258773     
   7.1546198871055351        9.5040084575232697        6.9871557192127165     
   6.3364481153925860       0.78256749752653021        7.1178585742803406     
   6.2068705314900132        6.8958665610302339E-002   7.8447978864699772     
   7.0971141576694317       0.78212187835251390        7.8648075738673189     
   7.0890358989918942        1.0200712229343815E-002   8.7740828957240922     
   6.3100389549548650       0.81659357077452766        8.7744922612188034     
   6.4375546349047656        1.7051490829211833        9.3997896934367731     
   7.1661494931550109        2.3854424738743645        9.4771900983300057     
   7.1710162507883979        1.5678093709661671       0.82018849467594968     
   6.4196976151516338        2.3564826452629095       0.80699507998053044     
   6.3832124266814105        1.6095451019631843        1.5333396126994125     
   7.2158096194722994        2.3309171467988392        1.6270996469651593     
   7.0763065909236378        1.5657403651246302        2.3423638779011196     
   6.2753387214700167        2.4338560159248761        2.3463130942007959     
   6.2715652985730088        1.6315747322533436        3.1803101498885806     
   7.1730508081613422        2.3994785623757902        3.0821363947797864     
   7.0621507872930440        1.5262450415863911        4.0265759048062932     
   6.4302075001435028        2.3512076304884779        3.9404323140827531     
   6.3509573150569318        1.6598587533371265        4.8509008577710970     
   7.1021789571150080        2.3437907569297720        4.8006844054329267     
   7.1598694779406289        1.6571408732295210        5.6528701831853656     
   6.3684332618354542        2.4615866278843752        5.6408931545365499     
   6.2135075614423423        1.6534463368866024        6.3886459056208569     
   7.0493097840658683        2.3615048432986683        6.4745729288176950     
   7.1718774904242713        1.5638783097298798        7.1168484355218320     
   6.2264133058853295        2.5099153664812435        7.1056874074234910     
   6.3612364463610866        1.6697734702576239        7.8589909994650400     
   7.1498152260260817        2.3298742026020633        7.8727772912334064     
   7.1107669633163884        1.6078031407306528        8.5868373030162921     
   6.4042628993569917        2.4703523427617764        8.6836886163333631     
   6.4485428412293508        3.1424833833771433        8.0220244442404484E-002
   7.1524023111440700        4.0121686859226475        7.7490864793665168E-002
   7.2192552543253514        3.2257878663296777       0.83138087808072447     
   6.3902225782901851        3.9426925854170620       0.76415636633041339     
   6.2907897298290782        3.1504917841094251        1.5460992955992645     
   7.1717784996251392        4.0562540429957448        1.5376305417569298     
   7.0942578864520680        3.1585691387221928        2.3152571326507236     
   6.3807570480952620        3.9621047476211446        2.3705963905476750     
   6.3596949345844829        3.1613360037980542        3.1703521777064516     
   7.1127782244136357        3.8299160609751111        3.1539769905337569     
   7.1725122373301158        3.1438690216845249        4.0076953105797273     
   6.2756172690798335        3.9013588528596457        3.9989328303570670     
   6.3156165771005899        3.1888263921920954        4.8287763071697132     
   7.1285538885025996        3.9475833698883434        4.8653867087523786     
   7.1748152562034440        3.1927512206198565        5.6330794992633919     
   6.3353025586396345        4.0920612135357111        5.6833464273285763     
   6.3272300479346342        3.2914539383087265        6.3563187071143110     
   7.2012337624325893        4.0412405243960219        6.3615196859691103     
   7.0599247617914473        3.2696009889958204        7.1307094615092268     
   6.2044418141894875        4.0951942725388761        7.1218236282636109     
   6.3792761524736612        3.1396349072974035        7.9104088093680742     
   7.0137254307513386        4.0036051332133038        7.9454870325937161     
   7.1778575530117177        3.2546114896776235        8.7320257107715360     
   6.3061192491091251        4.0188660200479589        8.7538035958211449     
   6.4011985913244933        4.7677568970423891        8.4148892183525878E-002
   7.0596639912389616        5.5915784043007930        9.4618825098814945     
   7.1121459878992423        4.8024946292572954       0.83217159222426229     
   6.3887199634870591        5.5760481688837427       0.84139668161408987     
   6.3138963578343947        4.7815974137211441        1.7086244751482420     
   7.1325443315493331        5.5049853675289997        1.6185684104672446     
   7.0918549609734756        4.7930844834797055        2.3587625448810856     
   6.4222620341784946        5.5928465785591435        2.4580261985306961     
   6.4028288714916348        4.6990111769163736        3.1782099233013956     
   7.1400863894420858        5.4691310259134234        3.2121513156800772     
   7.1920776082083409        4.7762458295727512        4.0610172224762895     
   6.4661583524638004        5.5619894212012113        4.0510864414203898     
   6.3882901839302946        4.7197257775511314        4.8085217388983921     
   7.2459663637649010        5.5198984128271853        4.8510521820223937     
   7.1592859105462825        4.7253164272704300        5.5986947898709927     
   6.4610776124601994        5.5424327461670204        5.5351798129045227     
   6.3193148606862719        4.9353895948401840        6.3845337248406269     
   7.2190523826639730        5.6175956921640608        6.3487551481913256     
   7.0764030539483853        4.7887835330940582        7.1607518166367372     
   6.2120398027621544        5.5603774662262788        7.2024717836993473     
   6.2534174402621678        4.8025724724627672        7.9763201890874811     
   7.0855426624940936        5.5962227961878392        7.8649632981839321     
   7.1248611337728009        4.7290072458549437        8.7635357191835421     
   6.2643861257736360        5.5828897087720861        8.7395270519361379     
   6.3056910879215140        6.4436207253286550        9.5113236347514398     
   7.2623931849244521        7.0921220142675887        2.1061953564706123E-002
   7.0930353625413600        6.3008581938047925       0.76292256898876909     
   6.2735238891761753        7.1344902907158945       0.90308713520050810     
   6.3188978857946063        6.4105766156942936        1.6933934875678494     
   7.2297514240980663        7.1249090066372993        1.5915586040250280     
   7.1790027779922463        6.4120042874998342        2.4491678201848330     
   6.4039900218409578        7.1258607791981241        2.4723167274975224     
   6.3978756950874276        6.3135375879189306        3.2027579921346416     
   7.1605007331164909        7.0824336688207596        3.2727049391024172     
   7.1709168980525826        6.3510744256518485        4.0348711997713433     
   6.3905622605012740        7.1133224016525158        4.0072022555397071     
   6.4570533233203609        6.3595493838068640        4.8793442796832887     
   7.1905830521325527        7.1522705736988632        4.7319044004920254     
   7.2371833932267045        6.2874694579656705        5.5484747146595463     
   6.3857458653085857        7.1487975139326192        5.6139042540960764     
   6.3533317667150655        6.3540519930479249        6.3769031838241386     
   7.1631385167770949        7.2157100840684967        6.2994719018493361     
   7.1912650532082916        6.3474592782909598        7.0875933512965696     
   6.3822002159642173        7.2099147217907378        7.0610361068861165     
   6.3431094601171809        6.3846867099573767        7.9562561692728080     
   7.1407500791734089        7.0596858732900998        7.9098960670033804     
   7.0754751992801346        6.3052421356012793        8.6975069314477889     
   6.3401768630764010        7.1882065022688426        8.7309887347466688     
   6.3621401619022402        7.8429845399697502       0.12218599430247448     
   7.1642607346851399        8.7008530659744814       0.13220400994887133     
   7.1502316960856707        7.9202502266660710       0.87553282744533789     
   6.2949423451690594        8.7403624987954789       0.86560454550134514     
   6.4037892506629923        7.9093369084904417        1.6534728495196405     
   7.1526224050129796        8.7278201717224171        1.5744939436821690     
   7.2262452860676998        7.8825608855378162        2.4255066284781597     
   6.3179725554027275        8.5990385031155085        2.4438477440617348     
   6.3496846405675491        7.9383982630135890        3.2350222241974622     
   7.1173548963860238        8.8003528513809801        3.1645729224431491     
   7.0585598023988361        7.9323052003813102        3.9265191489286080     
   6.2959981584019102        8.7755054250763536        4.0155182451760334     
   6.3857612276030560        7.8858796998442244        4.7964369933402304     
   7.1179216676369883        8.7330448030081822        4.6570906536274643     
   7.2080995690839078        7.9342757366517302        5.4603578936053436     
   6.3566771224012353        8.8171605946722753        5.5595558867660975     
   6.4017669633262626        7.9433770102230650        6.2718371117890994     
   7.2002848944788846        8.6344565297438720        6.2460021784112572     
   7.1351995477351364        8.0292615302694035        7.1182259330976354     
   6.4139732168926411        8.7963266235913533        7.0325201942488702     
   6.4956872947124111        8.0065851129324503        7.8732007439330394     
   7.0899388708243798        8.8850015173525172        7.8689790824025865     
   7.0352009367570689        8.0235304347088494        8.8580906631637877     
   6.2926122865693781        8.7444955438712260        8.7363514503871098     
   7.8366478504637280        9.4881589732485150        3.6485276013141887E-002
   8.7437582187103082       0.75389895600589707        9.4972273822586128     
   8.6576148113507561        6.9861299735262871E-003  0.88652845794920643     
   7.9549516268965181       0.81086748408233511       0.79929770395939703     
   7.9078144814158788        1.1661035427492890E-002   1.7340311299204481     
   8.6682366708510639       0.80983046225290289        1.5786965997723319     
   8.7484599727305472        7.6605541001062233E-002   2.3504916948897492     
   7.9160050701739149       0.80539728990432535        2.4160450241659186     
   7.9564231437568766        3.2134121749626252E-002   3.1778232065481946     
   8.7763440088306997       0.82173861524095126        3.1895869495344673     
   8.7647739480626718        6.9044048902742863E-002   3.8916327583238237     
   7.9112486477142072       0.80517594659833702        3.8849474940686206     
   7.8838908141665769        2.7637557953470115E-002   4.6762391099672831     
   8.7338657866354410       0.79190564638319705        4.7028032282949335     
   8.7281351086145893        3.0502362662147068E-002   5.5975120611982385     
   7.9938027410458590       0.69642589970050206        5.4699410639699861     
   7.9442525539959830        1.5733681271238122E-003   6.3781998441513892     
   8.7661096213943708       0.90331610558944830        6.3980887607237156     
   8.6662370352228635        9.5060697637478135        7.1400638549207827     
   7.9752422703021004       0.81196355473714910        7.1157938752897891     
   7.9469425407166021        3.0716413956856467E-002   7.9526208228023698     
   8.7666142254566566       0.71817981315955504        7.8838115142532788     
   8.6668453796382341        2.0875208994003507E-002   8.7687239579021732     
   7.9336494459596825       0.84143186891174626        8.6660098961012260     
   8.0168560105517859        1.5167898236673245        9.4379342072786372     
   8.7413518327372426        2.3833458739869626        9.3972545310439344     
   8.8370582357531173        1.6746130981746834       0.69010119910791745     
   7.9808908363304436        2.3923745947959509       0.68387813629640948     
   7.9401778092522219        1.5907038557119939        1.5522498488682837     
   8.7556844833298069        2.3969481560616819        1.5493232489105246     
   8.7686455594766937        1.6057972678279171        2.3897492352297740     
   7.9647136273108829        2.3889275992271339        2.3913582841101251     
   7.8786329596184927        1.6009389853480016        3.1322327074392673     
   8.7784184767871221        2.4164026796597002        3.1280317449391033     
   8.6347670171546724        1.5856585123394638        3.9686845456183333     
   7.8093492602657379        2.4126278130411705        3.9038321695529183     
   7.8566548649565551        1.5783285593510956        4.8031269619087693     
   8.8053864223594918        2.4270872762776654        4.7391858772611908     
   8.6813545254103381        1.6064690660307250        5.5302236991823337     
   8.0114811841651044        2.4653490098900561        5.5499983008847451     
   7.9725212824069365        1.6408368432009639        6.3795167032820057     
   8.6996605194506191        2.4366414618033363        6.3185172397995437     
   8.8147722111213191        1.6521366651750660        7.1714135868134301     
   8.0421121925807970        2.5327482098740526        7.2221914729461227     
   8.0356824405394551        1.6760144231425291        7.8206710643303285     
   8.7564992806266453        2.5189533888812798        7.9636950218151723     
   8.8231246486710315        1.5307059417215367        8.7281816370455214     
   7.8956322472422134        2.3552635847945700        8.6586377839898834     
   7.9739826577079613        3.1866909019671850        9.4314414141766072     
   8.7039924823694914        3.9481693100443094        9.4262781272503382     
   8.7430463439996728        3.1980452360737202       0.79240616893564586     
   7.9720894014221884        3.9474263192009005       0.71177082600192509     
   7.9290147417123622        3.2566605176421417        1.5715701630164127     
   8.7814925756415807        3.9967182161095600        1.5824566218557992     
   8.7375833187567764        3.0925714978067966        2.3147834865701453     
   7.7960354844713651        3.9785442769388744        2.3528931084304374     
   7.9105065000695287        3.1839839388076787        3.1655600807674977     
   8.6678444218065209        4.0294872794813328        3.1683636997695688     
   8.7841271324127757        3.2021651962990418        3.9633668497047418     
   7.8488767262428363        3.9516242408243398        3.9673922060212079     
   8.0324165239463792        3.3452266531784107        4.8512574578338263     
   8.8021665062163006        4.0317386559153867        4.6780065159545678     
   8.7855684022361693        3.2682433592487707        5.5603898355349228     
   7.9221034087948308        4.0429558239863912        5.5936579391470778     
   7.9328864980314089        3.2792942462105286        6.3898447653879309     
   8.7331967771742427        4.0247157298942291        6.2995789790674861     
   8.7160784964573157        3.2630969181899858        7.1785249624853149     
   7.9526038291886172        4.0407464655144034        7.0462717825522345     
   7.8530287786613258        3.3052467079417780        7.8321695403124298     
   8.8262547443662545        3.9888913448743724        8.0108379090802782     
   8.6815127831028001        3.2190742341942760        8.6658698183273302     
   7.9610766646984272        4.0233183406339599        8.6755528212626736     
   7.9048927948654377        4.7840899393684220        9.5206730425339803     
   8.7862859632567254        5.5238537668059076        7.1351981014226781E-003
   8.7411240998883404        4.7149079870553114       0.71146060535752831     
   7.9243026277157993        5.5167239169111442       0.70490232277856091     
   7.8642615310927946        4.7886420180662954        1.5720338610585933     
   8.6324410171569621        5.4862918414554951        1.5200025077912775     
   8.6728631615916498        4.7460838028001424        2.3418581420567088     
   7.9237557728722274        5.5323169853461920        2.3878358282913590     
   7.8629004718834459        4.7574975190664439        3.1080330992485297     
   8.8291028780185137        5.4742582389906378        3.1321952466992706     
   8.6777205130703141        4.7494614432074194        3.9471433822404958     
   7.9133008108760103        5.5370798407766193        3.9275507382876591     
   7.9670812979525927        4.6880082228146742        4.7611618772244571     
   8.7673240281600560        5.5392001722655086        4.7505584321698162     
   8.6774074290454166        4.6846691482203164        5.5349123968958267     
   8.0501141182354878        5.5709167397848116        5.4643318039192428     
   7.9070919764532235        4.7988145190408860        6.2940313584526404     
   8.7951632324147955        5.5187968278922970        6.3605606236343633     
   8.7887786112195112        4.7926457218131970        7.1494979254922848     
   7.9503527635273104        5.5266714742484737        7.1718541070938233     
   7.9169372512093297        4.7812770990264672        7.9347231488486401     
   8.7578763296258035        5.5852516504304859        7.9061798031725301     
   8.6842353922159674        4.8180374298647060        8.7369707497210563     
   7.9333602243922012        5.5999627876814495        8.7378429609184600     
   7.9582795604164396        6.3258024832597037        6.8051639292350072E-002
   8.7338406576183232        7.0905113772966653        9.4967496431233585     
   8.6784196233467039        6.3142114097053152       0.73938962027174049     
   7.9509353300230536        7.1357316366895196       0.81830373680619617     
   7.8526496217786352        6.2244001825634063        1.5960210225509419     
   8.7480883643850174        7.0416031214897528        1.6177552385381870     
   8.6642426229286489        6.3720679801206943        2.3951265999555704     
   7.9481094630446973        7.1538659481417319        2.4656228267772202     
   7.8824411627913946        6.3463218178159835        3.2140592908491983     
   8.7902336358468602        7.0878476092821563        3.2336845963630387     
   8.7611666531079706        6.2592121051653544        4.0348958582469523     
   8.0438090376201199        7.1076791910753254        3.9707437643664605     
   8.0569220066273619        6.3820816237636286        4.7670809131757999     
   8.9317675115645692        7.2261022613919996        4.8083222978250282     
   8.7996914933164625        6.3589042519084096        5.6539118700389253     
   8.0577329614029267        7.1127740882753692        5.4447069792043887     
   8.0493066831175888        6.3807387367231412        6.3520462334548045     
   8.8229931832973492        7.2311087027901522        6.2900370989558771     
   8.7836648747421933        6.3614473340217259        7.1636316237604536     
   7.8847870772212740        7.1232272833765693        7.1376826607164672     
   7.9643536674352662        6.3315588764262714        7.9666526129254134     
   8.7192277489453414        7.1571954785563552        7.9141815720805111     
   8.7167559984738769        6.3622946728019913        8.6641748382616814     
   7.8586113679370815        7.0584004742405435        8.6779895482333345     
   7.9142976676787091        7.9468853095903107        1.0897311689960904E-002
   8.6849229196156283        8.7156552370650147        1.7754536791079325E-002
   8.7260856865615146        7.7993305995102364       0.76767798328915093     
   7.8994788118217283        8.7660512172461367       0.85301059739713292     
   7.9430219681275629        7.9606840831603112        1.5809536006412586     
   8.6620908476319176        8.6979869022319480        1.6754043459103229     
   8.8011571044920682        7.8078289935880347        2.4225201241222867     
   7.9156279475272271        8.6515232158015500        2.4462584362116488     
   7.9456023314156381        7.8880370298969771        3.2177084789141706     
   8.6372636156763285        8.7192318962879689        3.2366728843279411     
   8.7680916565683802        7.9031919342451369        3.9004811665724182     
   7.8663665003763805        8.8146765802728542        3.8794100204252477     
   7.9787711923242917        7.9668493529666904        4.6555963208129798     
   8.6614742611521081        8.8242465530953940        4.5939611256291641     
   8.7080211299753731        8.0503549227828817        5.4826660334157058     
   7.9298202154698902        8.8359883580160101        5.4017513691705457     
   7.9537635166614828        7.8740116530970070        6.3766198993137158     
   8.6598799829602822        8.7581644494704811        6.3111379406786501     
   8.6738887558212010        8.0469638464551547        7.1236262246409616     
   7.9197167901825001        8.7704850593746659        7.1180250364999749     
   7.8072561812045684        8.0505545617114933        7.9074690519540178     
   8.6769959610136258        8.7188571310745981        7.9692140625971488     
   8.5843753733871235        7.8400849227521263        8.6578349760714399     
   7.8651498517006262        8.7237786087305818        8.6799016165356981     
