   7.1318442060732151E-002   9.4556498741764035        2.7205981095250182E-003
  0.74075453261425073       0.76348562930682506        2.9663965718524383E-002
  0.83683868272180817        6.8520318709402155E-003  0.85686520390065757     
   9.4174650569662113       0.71283374671211208       0.79106459355473158     
   9.4555799992570719        9.4565044491096142        1.5118777050125254     
  0.70079849664645011       0.82016659772727840        1.5277464279688524     
  0.68575848383631532        4.5200189115349974E-002   2.2538014865405498     
   9.5026473238634974       0.83784155229512403        2.3177918854813360     
   9.4347150126016412        5.6627940913970859E-002   3.1883729015320084     
  0.80873646161399682       0.72271308634597820        3.1687954336770416     
  0.74813290440778246        4.1232298232045543E-002   4.0026172190737128     
   9.4922352106289374       0.85593346795559644        3.9704606662787429     
   9.5186279852850966        9.4068346726683600        4.7725438004036356     
  0.76518302329431365       0.79395189055950066        4.7542994694413849     
  0.79929449318344026        2.7571912288713186E-002   5.5265695168412847     
   9.4681720534578258       0.77374490742883062        5.5615778051355962     
   5.1456680664782005E-002   6.0270910675736637E-002   6.4277108764241992     
  0.87477361846057577       0.86011215493741011        6.3235609134306925     
  0.74880327836374794       0.13698195053749213        7.2092356231752044     
   9.4764741990947741       0.91226432624240616        7.1134926287629954     
   9.5021874996009643        2.4570686459640726E-002   7.9293118720670339     
  0.76165351514989543       0.83874438936191265        7.9555910724290149     
  0.74576979131855081        7.8096320201114053E-002   8.7467205245561868     
   9.5046808594615335       0.82010493159854381        8.8447457476161393     
   1.1052873648023643E-002   1.5666520302082703        8.7521255876618714E-002
  0.73314235352471402        2.4147555005550663        9.5021900682092699     
  0.80469130081231899        1.6842586009490708       0.82706323779925295     
   9.4278996540200524        2.4657547708789891       0.88580992164337624     
   9.3588966219893539        1.5919700935337926        1.4337738904874935     
  0.75535745836106472        2.3983393939464048        1.6839511089830574     
  0.80266219378925596        1.4152206697866347        2.4327258068062561     
   9.4333041735794403        2.3895062161465117        2.2377346886750469     
   8.6233896466585594E-002   1.6332229349852145        3.1182944741137564     
  0.83826948240855614        2.3583818126221812        3.1504391100542897     
  0.81397260657387827        1.6725012491267583        3.9181625764345704     
   9.4781656226527016        2.3623152665624088        3.9532679452432604     
   5.7799089989110305E-002   1.5854444815447781        4.7314294529518310     
  0.70170220955482265        2.3434698206422624        4.7847866941556640     
  0.79399473227839379        1.5668023402114264        5.5068270163095763     
   9.4719898638528726        2.3875828917037980        5.5792272734476462     
  0.12447538071648913        1.6264335036902600        6.2727090273289026     
  0.84336870324724278        2.4309681219493111        6.3156365500278966     
  0.80566368705806457        1.6246984886978542        7.1202216157942120     
   9.5145367348750352        2.3468156377385543        7.0915820254276110     
   9.5040404448718885        1.6808107488535609        8.0128944001752238     
  0.83614122506490629        2.3640906593929683        7.9780748452041967     
  0.82463917834438738        1.6129965833715150        8.7794137518243218     
   9.4013783915316456        2.3731384506859281        8.7713158277173076     
   9.4170853128305865        3.2309796150308787        4.7044949920354073E-002
  0.64283451060596608        3.9590541492929412        9.0611188588383088E-002
  0.67171918266600184        3.1093664834965571       0.86464552295877617     
   9.4911521911394097        3.9068053893257328       0.92883394467720071     
   3.6014426835778809E-002   3.2254186487887568        1.7296032913807839     
  0.83767279271617312        4.0235735234458296        1.6143876328348024     
  0.85001264102066476        3.3014775060979895        2.3668836644530371     
  0.13834639536116650        4.0203350716921387        2.3144907806727368     
   1.6973390670079519E-003   3.1401622349705951        3.2513491037943911     
  0.76136095897442735        4.0080721199922733        3.2245576469986861     
  0.87828696599758327        3.2302604002450637        4.0143097020470515     
   4.6227934006974725E-002   4.0666711076333035        3.9536392121207240     
   9.7494665321061685E-002   3.1621064789767543        4.7401171715278121     
  0.82241162889908148        4.0395848248936064        4.6586353140742149     
  0.79272323572937375        3.1919805911658434        5.5852002789137751     
  0.13957171875269853        4.0024331167967269        5.4892922882030284     
   4.8976529046097832E-002   3.2043751933825226        6.3552289584796879     
  0.78952387285332171        3.9376321792405964        6.3593298490483381     
  0.78199310317511372        3.0703956206097875        7.2321447875052112     
   6.2617354639796154E-004   3.9660578253200605        7.2855350229304738     
   9.6911776801626812E-002   3.1237439028229126        7.9784186875075758     
  0.78146001431471090        4.0445548144993815        7.9830144393186941     
  0.60647962059586524        3.1724356548487527        8.8345470108801134     
   9.4972651702185846        4.0509705780833425        8.7283881591078902     
   5.4419858891268810E-002   4.8935656538124723        2.6369620745866452E-002
  0.89027207994988655        5.6447866691529152        7.4036746107697698E-002
  0.73869858222971385        4.7972886776284573       0.78635106715745751     
   8.7517688934631951E-002   5.6221957067308166       0.85623831919571058     
   9.4904039956853108        4.8202727527274449        1.6683610740523340     
  0.82908775257654699        5.6606333569353806        1.5971115611267539     
  0.82587055339559767        4.8597264677548981        2.4176844125777777     
   4.1307735255076097E-002   5.6027985156393312        2.3888849204512486     
   5.0355798004606975E-002   4.8321544920220871        3.1641135643847544     
  0.80932237245261562        5.5972097811058621        3.2585485828811627     
  0.78458408353362741        4.8025572253229178        3.8968259790915356     
   1.7719763719253330E-002   5.5801003717607118        3.8872563082576947     
   9.4990685376565995        4.8013361752629402        4.7603860710708412     
  0.84525996536435000        5.5259569627884213        4.8183655129640934     
  0.89652010893866652        4.7675485424493393        5.5748985895846532     
   8.5042237447860210E-003   5.4658794118133756        5.6975577535812647     
   6.7230809596612942E-002   4.6554382756447295        6.4475868968630081     
  0.85455501994203464        5.5194284623028897        6.3798991420067637     
  0.80096301182310592        4.8017588279172800        7.2327119145362087     
   9.4956494370684972        5.4389059125796351        7.1429054791454529     
   9.4887301404649360        4.7732004872498139        7.9999511380256063     
  0.80001589153130326        5.5352584185987821        7.9384426820849585     
  0.85862152866139341        4.7947743695903791        8.7097421513116942     
   3.0252000640248904E-002   5.5440751894163531        8.6892838595601862     
   9.4356467485207300        6.4345591594719416        8.8376246814269380E-002
  0.82018939884432096        7.1232196575265414        6.7022398271168807E-002
  0.86703704853296848        6.3798687571567738       0.86369330194754335     
   2.5766051872504327E-002   7.1846564592179272       0.88099862419491726     
   9.4986452975057762        6.4360211900606119        1.6207602018193745     
  0.75878261727245866        7.2152599348068343        1.6437553779224512     
  0.72369711664766723        6.3721262465665411        2.3705220418832909     
   9.4875891712409945        7.1769998496896736        2.4660259807361347     
   9.5018947084253575        6.4355736103179266        3.1953230159086798     
  0.79864152128216748        7.1521938371460161        3.1177864894667020     
  0.79248938192009033        6.3831405233086134        3.9236737799989601     
   9.4628447177542583        7.2676873693652055        4.0896160967864992     
   9.5056839848964110        6.3029164584217785        4.7521246664811514     
  0.75129657612755973        7.1595713958054299        4.7808091328080762     
  0.72770109264011096        6.2405564291496534        5.4995806597704870     
   3.5338287249378486E-002   7.1298305626176353        5.5900491163090580     
   9.4695739605924931        6.2706155172727529        6.4236061770935038     
  0.83719800720421556        7.0850007084028999        6.3331014687008667     
  0.85322743805804557        6.3056937827461459        7.2056660916926534     
   3.6747017774612051E-003   7.0952642470252369        7.1731042971181420     
   9.4171956093135591        6.3153444406105184        7.8987582899765840     
   1.0039669885913667        7.1470440096512560        7.9153704896427115     
  0.70431741666311887        6.3515108090655410        8.7356442321302872     
   1.2698975323356777E-002   7.2480443374096151        8.7241540810010214     
   4.3257272123383698E-002   7.9531233427207075        2.8395959636702245E-002
  0.79846356791975337        8.7594998346012733        9.5242739912070959     
  0.73744456279192505        8.0210675871000561       0.83313555398659589     
   4.3472620929146985E-002   8.7706152778114639       0.71614217836004923     
   9.5002441908465176        7.9704737149564799        1.6006712406126680     
  0.79631750218868880        8.7816684717407618        1.5779861706706599     
  0.70908004049829787        7.9966046941380906        2.3753652078732141     
   9.4680235288593124        8.7491719743165834        2.3273966797627281     
   9.5072152827338172        7.9261194067765910        3.2225240619475848     
  0.85195634049930413        8.7222371189051557        3.1721447958043645     
  0.80953722667211625        7.9210167048684115        3.9535217356317793     
   9.4719552873253932        8.7069044551054819        3.9354682793324876     
   9.4501892562687093        7.9852810412759450        4.8146368400512234     
  0.94850262279916653        8.7437835965962183        4.6789917654409159     
  0.84051784793874074        7.9976101394848946        5.4789295370130420     
   9.5186310321060308        8.7689366094520516        5.5912299493809821     
   9.5045448822394150        7.9393970804874030        6.3941645060723937     
  0.78621457629468250        8.6556535419764877        6.3983259145006333     
  0.86201546273793483        7.9531187121680693        7.1531013892349771     
   1.2407938441726003E-002   8.7844641086584296        7.1445015711963302     
  0.11274236235967243        7.7934268696674005        7.8757398129397158     
  0.74576032790600466        8.9208903674357050        8.0060013879848686     
  0.84752822794034754        8.0103003125824106        8.7535917188281651     
   8.4361018645881265E-003   8.6291890534473836        8.7363716963938050     
   1.5898982716316314        5.6844314947283911E-002   3.5225227501385251E-002
   2.4045388306764406       0.72627999125620335       0.11416909803078590     
   2.2982057364230308        9.4971972039280264       0.85661440129260569     
   1.5942799172529849       0.84870341652444736       0.87693617530856649     
   1.5325533430717446        2.9889821798599843E-002   1.6263123330106772     
   2.4175508038809923       0.78778452810608324        1.5812953080021064     
   2.3787847850962680        9.4675981038643737        2.3045470424700940     
   1.7260997677346261       0.69199211202841271        2.3823501237801281     
   1.5525898418350712        7.5440892340723487E-002   3.1996124409753617     
   2.3497357886527945       0.72927069523510979        3.1260513930478178     
   2.4073612732480458       0.10765321625722103        3.9725754564677263     
   1.5839968783851872       0.88659141022663135        3.9671519212133979     
   1.6127287122592584        9.5028592794629336        4.7367621034201504     
   2.3505839526610370       0.72458265122286858        4.7963709147621909     
   2.3322833262828024        9.4410314137843265        5.5142243384781393     
   1.6545921995699493       0.82316889057587972        5.5097006473065324     
   1.4628277035555348        6.6118108328022205E-003   6.3637871459351407     
   2.3169507675325494       0.72561039015628759        6.2886981751162310     
   2.3690852427804066        9.5065747591858294        7.1074171849672707     
   1.6544960004578388       0.87407650504658363        7.0848552985565529     
   1.5979274843411075        3.0152717406140086E-002   7.9417278000122096     
   2.4155808345028897       0.80196999658559687        7.8975007800653794     
   2.3776106245235615        2.6870906472757701E-002   8.7269392964914925     
   1.5948594803707461       0.84203471086010129        8.8065274485696552     
   1.6024520721309616        1.6352321568706378        3.6325616064775371E-002
   2.3923754818657668        2.3726673320736160        9.4986658583954462     
   2.3899101125362963        1.6441844235264826       0.70237689278817339     
   1.5645332983222575        2.4383644930613668       0.72362822256604165     
   1.5404899607926477        1.5273309340552508        1.7031414597051666     
   2.3526327269508762        2.2330050119882756        1.6028276560716967     
   2.4515981730088017        1.5310711122168372        2.3517820906892286     
   1.6019832037385213        2.3490114471901760        2.3823376186859089     
   1.6372143788776015        1.5023204217649038        3.0543467155765676     
   2.3763995970497307        2.3734536928450329        3.1875819288124112     
   2.3657428957825206        1.5683011455193341        3.9849735490357148     
   1.6280357800035958        2.4204241121734755        4.0252364403423746     
   1.5810969503857086        1.5232798970106265        4.7781000185202851     
   2.3942096199409679        2.3130477686817024        4.7624100245359990     
   2.4498336852016398        1.5716257260554596        5.5506678997705938     
   1.6511465524533673        2.2938740451122706        5.5112999823685547     
   1.6784869621845817        1.6228075153530253        6.3194842808105340     
   2.5247395093345437        2.2342427224977968        6.3005425617231809     
   2.4154388798720903        1.6231280008117739        7.1500392824835943     
   1.5603981494329455        2.3455985909772750        7.2009358624854372     
   1.6222553624347240        1.5272013771855979        7.9779769997406920     
   2.3395673896576632        2.4441063030060359        8.0429846121763990     
   2.4030844134541889        1.5374526236912240        8.7519698123016489     
   1.5524244618108287        2.5243318425872232        8.7735043814865019     
   1.4806645488245600        3.3540555153904088        2.2875763855217023E-002
   2.4202457313440155        4.0447437312498273        2.0279411182626644E-002
   2.3710294465324981        3.2142596167328281       0.67792524243155972     
   1.5314117741335953        4.0498504799070130       0.75979384595005905     
   1.4847533515967541        3.2793005540896720        1.5484833129181033     
   2.3386147355860833        3.9286558027900553        1.5227796871907249     
   2.3482332765894580        3.0555316264468271        2.3846341668881572     
   1.5598291426526771        3.9614281324661840        2.3773018879845051     
   1.5282938968106092        3.1496706648777044        3.2419745383359051     
   2.3703101379602902        4.0207508066200592        3.1734379917898194     
   2.4528965196654013        3.1417120689600431        4.1201922065977490     
   1.6611280916364404        4.0071380580697440        3.9435486508972417     
   1.5569240753981133        3.1827633771657271        4.8319742515896493     
   2.3606144360308519        4.0069365693925301        4.6440237450022215     
   2.3714583489048100        3.0818769234249954        5.6230754309751401     
   1.5883933678945146        3.9655642335464689        5.4892924653155610     
   1.6518246226989799        3.1107374451352796        6.4240213862944726     
   2.3826709673303075        3.9481973775404828        6.3160335928253879     
   2.4385945362154704        3.0548626352097701        7.1389037745165531     
   1.5914033764876896        3.9695136917594729        7.1666646888101928     
   1.5690235624780551        3.1551790926126131        8.0197634790736316     
   2.3787255192058492        3.9722757349067992        8.0160075272492399     
   2.4191739854260921        3.1900423877206046        8.8733450787262296     
   1.5755600762800390        4.0403877772405536        8.7038911449067538     
   1.5605124019671444        4.7862843038697269        6.4254039867836052E-002
   2.3905405466696723        5.5431650296730899        4.4217867235492009E-002
   2.3760785654588519        4.7834531039957682       0.83220605008852111     
   1.5627640883469640        5.6150868667203921       0.95369199972907315     
   1.6130610811048089        4.7622829971794829        1.6078524659606279     
   2.4268840061711878        5.6375474980407674        1.6570559045755342     
   2.2970623933578920        4.7876793197383423        2.4096134428548446     
   1.5571662742635886        5.6137350426058124        2.3360171399238414     
   1.5889285270008260        4.8534213926077143        3.1737321994486996     
   2.3931028074086504        5.5255945061407363        3.1140782086967702     
   2.4314747600390163        4.8852767877374763        4.0042016272435399     
   1.5565231797196555        5.5017967760988675        3.9243200467684027     
   1.5656723580648855        4.7595514705238102        4.7386185842705366     
   2.4543415266805964        5.5821741791976098        4.7369120992802261     
   2.3609998433914647        4.7256994462925439        5.4911027034319293     
   1.5871614694236935        5.5561706156315811        5.5307035177715900     
   1.5956763285500171        4.7469613011248288        6.3199952760575639     
   2.3578028151629788        5.5855442574570189        6.3576406569104389     
   2.3830077920818491        4.7405409720570519        7.1367891014809457     
   1.6495916006076985        5.5784539935024107        7.2246412283259627     
   1.6860147034319637        4.8420005274493745        7.9295918263400091     
   2.3357580291861266        5.6804770971883149        7.9962506576087407     
   2.3615716515806922        4.8133744741049744        8.7753887639234467     
   1.6318374893053360        5.6227635289056037        8.7936858264940359     
   1.6880890662700396        6.3933507486083609        8.1069778139784041E-002
   2.3352994088394374        7.1912251089271253        7.2008842885996030E-002
   2.5107180406974443        6.3482636025690233       0.85939560186264952     
   1.5844876864357158        7.2226761527449286       0.83003711794746893     
   1.6514584354368538        6.4012742983841981        1.5933507758352534     
   2.3492344575345223        7.1292941898015521        1.5774590884352990     
   2.4311638664847881        6.3583555533154170        2.3608681924972128     
   1.5422421058183853        7.1703795843621432        2.3602311216797269     
   1.5846129067932564        6.4062309569317506        3.0786213339616171     
   2.4009507520968461        7.1800864734745522        3.0685550248232212     
   2.2934136829181266        6.3402840453985121        3.9284916311932312     
   1.5303487508706797        7.1175819687175892        3.9892364797838726     
   1.5518031623953950        6.2960749472167530        4.6583770928922119     
   2.3971240369553404        7.0563576222664768        4.6953745030583685     
   2.2986544676169332        6.3692481843767483        5.5710296354484834     
   1.4533296860973259        7.0904328945480515        5.5384769027054306     
   1.6190368823067933        6.3009348130742833        6.2962524207437225     
   2.3530139363040763        7.3394729903092806        6.2836176202931640     
   2.4414618353526985        6.3835699436625521        7.2117233063679889     
   1.6596567166741671        7.1157981633618439        7.1243435389674952     
   1.5731218559700819        6.3733884050468017        7.9298068903138583     
   2.3965841114145787        7.1913318031671682        7.8541970522139044     
   2.3862352688936044        6.4525376177761871        8.7821967503197449     
   1.6049765421664901        7.2044290015146046        8.8040575334617959     
   1.7374002008553848        7.9749978581775167        1.1630029927125196E-002
   2.4012021967214787        8.7392143318764770        9.4163825287957685     
   2.4724796081846261        7.9669359769523744       0.85449667912235727     
   1.5740767086070451        8.6907816000036533       0.80373799894913722     
   1.5330784318628432        7.8930591685427212        1.6673812332604150     
   2.3706488019796326        8.6220827437938876        1.5885837430645364     
   2.3979964480993980        7.9074857255632622        2.3808137434479946     
   1.5084082470601998        8.8029591261111815        2.3156931580388735     
   1.5914278361585796        7.9523840331967994        3.0311730455422148     
   2.3545618513680666        8.7926072669195658        3.2089820202306751     
   2.3990725046662269        7.9408025899962436        3.9001966889089905     
   1.5967663092467832        8.6372227436591071        3.8892958375556312     
   1.6516663178309425        7.9111528140377203        4.7364136141982778     
   2.4075805718453003        8.7486833438841067        4.6477330551089207     
   2.3883499013271812        8.0191728261258906        5.4395376694403739     
   1.5281189662239996        8.7628753301546087        5.5553466777893910     
   1.5015990121854979        7.8966300484919580        6.2640557888416071     
   2.3936816024477205        8.7111775296563714        6.3491065990512050     
   2.3683042576193829        8.0350394473264526        7.1655527377978876     
   1.5856269425625629        8.7759872452116614        7.1706341572913068     
   1.6432457891290777        7.9216004391059318        8.0348049331835139     
   2.4068628363346543        8.7415266121231241        7.9543573027193641     
   2.4320821505984305        7.9733335628783983        8.7215322259696180     
   1.5956090176340372        8.7724447849108476        8.7847461630375996     
   3.2415889862876455        2.0130853080470593E-002   9.5234553933636441     
   3.9862163992864170       0.77195571091890902        7.1894092359693421E-002
   4.1525263413740419        9.4745116733186237       0.83888052515268208     
   3.2047731859730515       0.76178476958422481       0.86200448336813029     
   3.0982175178039495        9.4382840154752152        1.5532331169616034     
   3.9604294324046774       0.79030688771349866        1.6126013679587108     
   3.8707264950220366        9.5069009495514702        2.4405548136958601     
   3.1522718259886982       0.82324910236172488        2.4018484069607688     
   3.1948302167866403        9.4875678062487481        3.2431657625487960     
   3.9292855085649308       0.78715994789543653        3.1646245892385427     
   3.9420913422863428        1.9285109532039171E-002   3.9578446393575852     
   3.1696135004571961       0.79088381784232387        3.9844393279676948     
   3.1877733292083872        9.4884961574882247        4.6766468917991943     
   4.0139747426350043       0.72087833222231645        4.7430585313211946     
   3.9503379174448354        9.5071347009089457        5.4855817624047534     
   3.1978716002703935       0.77785369288036799        5.4872446740727634     
   3.1670685075084051        9.4516755519057689        6.1890945728444073     
   3.9635199710587150       0.80788422275668992        6.3103792115733999     
   3.9147698428714199        1.9381881126236802E-002   7.1455944905833260     
   3.3141480521149744       0.85165576792893538        7.2177162937936981     
   3.1121845442987968        7.4363271355889823E-003   7.9514378796458560     
   4.0064878869497269       0.84133276671403689        7.9724887418517074     
   4.0638595165906368        1.9011097758314054E-003   8.7597662278567014     
   3.2265941997539156       0.76011156263971680        8.7230595336679464     
   3.1757322533095911        1.4726180594226550        3.0502453191817994E-002
   3.8031436772852580        2.3648002539377928        3.4692901376183423E-002
   3.9495862500607370        1.6609374704723834       0.75936391905023815     
   3.1188082361061462        2.5178102394362143       0.89281008233106085     
   3.1843624966710617        1.5634260286429260        1.4850108764760956     
   3.9501134802235245        2.3186044359608275        1.5765623734490117     
   4.0447994368626476        1.6036540790200462        2.4427393588301567     
   3.1434428007426205        2.3336852604388580        2.3370983298407753     
   3.2118261032857442        1.6013743818461994        3.1508122786167152     
   3.9841596057704232        2.4674092307784692        3.1205922148590242     
   4.0074970787718875        1.5339068619341647        3.9842535348783494     
   3.2365890140141258        2.4453091146463470        3.9664801204386468     
   3.1931817712768118        1.4929308812532853        4.7886563767505042     
   3.9683331425072761        2.3040534560150068        4.7610788688920804     
   4.0376489669634106        1.5595185898080468        5.5159433886897151     
   3.2829041310373110        2.3290723529908277        5.6186445020458633     
   3.2248391522719717        1.5157223730835752        6.4272165662894816     
   3.9464254302097634        2.2744148736061791        6.3662547307069337     
   4.0109093806671128        1.5844602341806209        7.1513126678583179     
   3.2720032341084369        2.3257462978304488        7.1459579590941900     
   3.1278045435855244        1.5605987366856593        7.9757150616878301     
   3.9152311992202313        2.3628919708695824        7.9255098050082884     
   3.9983786205218332        1.5558964912585995        8.7966993010702339     
   3.2316812618954387        2.3649800226708018        8.6451575963404839     
   3.1910026185696552        3.2698905268328615        9.4197337769639038     
   4.0509449685673236        3.9886129713512029        9.2617763270028330     
   3.9903251344762123        3.1925819017458905       0.74153928288286020     
   3.2660044000704067        3.9735488467247286       0.68477827895754739     
   3.1226702978730110        3.1669526165375466        1.6597412285556012     
   3.9825648722782718        4.0399693945734843        1.5107075864744217     
   3.8832960614078322        3.1972207137301396        2.3705070966411825     
   3.0709086762271118        3.9774603520719403        2.3561430105816377     
   3.2126601288208958        3.1900176996652942        3.1593057152613149     
   3.9052447802835855        4.0517239881354872        3.2694138541645850     
   4.0158330206449229        3.2511215091120187        3.9539074835617281     
   3.1749777903822594        3.9427773463499416        3.9907259553135832     
   3.2856566307732940        3.1161909052343089        4.7950200843330277     
   3.9967827376827110        3.9573432386992606        4.8142898974968968     
   4.0272184849838037        3.1352617518960764        5.5670378927415367     
   3.1145015493661821        3.9641140896072971        5.4716136225413354     
   3.1496457430685116        3.1003840023133216        6.4335721208550209     
   3.8596559348079933        3.9796765108605983        6.2169227376279705     
   4.0418153783161470        3.1580552864382443        7.0797228403276282     
   3.1742390034099928        3.9077148590177595        7.0662858308222276     
   3.1186420323630433        3.1488328543276110        7.8724364803281510     
   3.9728014497106057        3.9250929583885421        7.9049210348020891     
   3.9828451978820238        3.1057589977007134        8.5928809186220025     
   3.1530864031498145        4.0639675995433295        8.7376112476065639     
   3.1904521963619428        4.8570628927553621        1.7768513056386222E-002
   3.9459213020911035        5.6029297446041779       0.12972966012027265     
   4.0400438459359176        4.7884735881673830       0.72964242403501256     
   3.1607856736569162        5.4802177693001157       0.88529099228197561     
   3.1742456775674848        4.7053140026144709        1.6612087967363940     
   3.9589228373865675        5.4935466464652345        1.5757985994352397     
   3.8839194500623000        4.7286601395455508        2.4211849035441042     
   3.2367132305176503        5.6030920471140027        2.4287482070862674     
   3.1199040890174432        4.7586747748007765        3.2024378194985212     
   3.8754230699499259        5.6326684959264242        3.2085950971049866     
   3.9862447789822473        4.8236433224778708        3.9538770142024924     
   3.2614013583788357        5.6971538097986008        3.9749686537764966     
   3.1839361113506102        4.8327965729524482        4.7865651039106965     
   3.9879796153294613        5.5480446520182518        4.7631848134682970     
   3.9103779854817882        4.7637120363722500        5.5339871831626821     
   3.0467453929786119        5.5956176367913111        5.5965080058711889     
   3.1118965446169780        4.7657416955394387        6.3140210688013045     
   3.8854075226764588        5.6129593757585337        6.3033358898516090     
   3.8856358500990691        4.6543810541326884        7.2091939829621161     
   3.1694859944519300        5.5448999109227399        7.1944797120061139     
   3.1642111347129784        4.8306079656752425        7.9904499879604440     
   3.9796456839031245        5.4858865661725282        7.9154774394197407     
   4.0265904338315339        4.8365962769583595        8.7962355301769861     
   3.1430165718674812        5.5539023078013114        8.7679606549900786     
   3.2194341118107404        6.3310462566533747        9.5095048257480208     
   4.0889570316028543        7.0655884439057832        7.3119686845988005E-002
   3.9808165197081693        6.3195097567316214       0.82463031616977078     
   3.2351639054197023        7.2153623197158412       0.93261672905555881     
   3.2460315643707811        6.3244121057277418        1.6513892605020675     
   4.0275023661742724        7.2106512233599389        1.6175354474225256     
   3.9985058954744868        6.3109149022912048        2.3607324061065493     
   3.1893157415033344        7.1587966452253839        2.2571674005022078     
   3.2175691939915905        6.4126019262887430        3.1166925322290342     
   3.9929557096101620        7.1904101611774118        3.1605659229461422     
   4.0009861519237679        6.4282114386020099        3.8789666905922986     
   3.2007255039907614        7.1369450234501244        3.9814633465331086     
   3.1092329748210692        6.3330701026505567        4.8062269887559337     
   4.0033766911204447        7.0839765961804373        4.7721523358558073     
   3.8915043684997435        6.3991464707992689        5.5380080462018366     
   3.1776225168524945        7.1838862171633613        5.5515771001936134     
   3.0975051213762153        6.4067641361272880        6.3705346310334257     
   3.9228873578840555        7.1516473703942811        6.2459685759814931     
   3.9537030285412391        6.4585529536285629        7.0950616002871634     
   3.0738613928176584        7.2795319057914654        7.0689621678518630     
   3.2335972038189151        6.3676007364813474        8.0187786520919335     
   3.8905960397198243        7.1606404219130662        7.9744785983993305     
   4.0664053196720005        6.2509013888435785        8.7555473344115367     
   3.1989663300806588        7.1150722950277601        8.7654258972778649     
   3.2887317311326010        7.8760744740018289        3.5038298393741986E-002
   3.9128768262597742        8.7238338395703234        9.5111250238596323     
   4.0736187938856387        7.9893015735983690       0.78735544019936288     
   3.1121201942718204        8.7478633740505174       0.74529565812591470     
   3.2227411234151710        7.9853202913335224        1.6582160299988353     
   3.9609015048247818        8.7362702499179274        1.5412558947102510     
   4.1158412638370248        7.9602868267545563        2.3164800602679230     
   3.1311689983159954        8.7502235420468963        2.4359679125341516     
   3.2719038032862735        7.9922573609162511        3.0957056124069586     
   4.0634416371843738        8.7759055049724157        3.0294541260801755     
   3.9488675986323059        7.8769002077151660        3.9021902091457341     
   3.1658768553920642        8.6607404332443281        3.9498122532882323     
   3.2421640168723544        7.8814809676772946        4.7579707635790385     
   3.9598721284476777        8.6539510131835087        4.6893058739340612     
   3.9557103160771048        8.0125439432904209        5.5285956087431840     
   3.1698607075193386        8.7499796055099477        5.4079481577421502     
   3.2265754417006565        8.0479013807127142        6.2948519995674523     
   3.9749446966467605        8.7771001001546995        6.3255902024703135     
   3.9773272069364247        7.9681359227079822        7.1338195759161369     
   3.1777689543749768        8.7211549696335666        7.1225091264469622     
   3.1977444470498000        8.0415671837277607        7.9601278395347217     
   3.9773891782228161        8.8229794763027360        7.9087084670814694     
   3.9846093138885550        8.0099765612080489        8.7283457299959046     
   3.2218449993607901        8.8311827508699139        8.6919302379532972     
   4.8352882524572998        9.5162468434734535        9.4935136486113496     
   5.5665330559999830       0.72223638905541254        2.1422542525746317E-002
   5.6583068753471499        9.4983775375797563       0.82351967896671319     
   4.7244366439139975       0.80323806043592827       0.85415914995878128     
   4.8565267701032075        8.1794385502851424E-002   1.6184239199256056     
   5.5646183648141365       0.79732142701704145        1.6559926443141506     
   5.5495911078181797        9.5135202722008696        2.4831040222996354     
   4.7357979286534508       0.80348934267126082        2.4057593328590832     
   4.8105153097456945       0.10371109452974379        3.1890528291347908     
   5.5327908607066529       0.81061333143047676        3.1602798178745406     
   5.6328566021807420        5.3378634409203965E-003   4.0226281335214891     
   4.8470204547262759       0.82120429250533000        3.9572842539849615     
   4.7913171915166695        9.4531735915945418        4.7745790432352511     
   5.5407782360609916       0.74238231164207258        4.7876403887804644     
   5.5141482262321366        9.4764210331030263        5.5544161391510469     
   4.7801028488039670       0.76977602610788221        5.5166363510997929     
   4.7113715394497753        5.2208566511796554E-002   6.3847781405015809     
   5.6012947518772220       0.76583379564541121        6.2741685128940015     
   5.6589490568515233        8.3653701849374595E-002   7.0858676792049993     
   4.6883427183693556       0.84024526765715657        7.1340798036207920     
   4.8013761760212272        1.2991797474575166E-003   7.8955257212346712     
   5.5114770320343043       0.85494693646807762        7.8359742443470308     
   5.5258145342586644       0.11529800352749575        8.6525753069524942     
   4.8239036774286692       0.85856424642705564        8.7641306357897442     
   4.7714729149773820        1.6680579309851828        7.8939155619052015E-002
   5.4797335259173510        2.4800014553800245        9.4990903048795605     
   5.5134660324702125        1.5331924773953174       0.78492962372742447     
   4.7193698599632743        2.4326102507572704       0.78221149145396862     
   4.7474742368147380        1.5450599722027796        1.6437757079331683     
   5.5004685364271397        2.3681372621238670        1.5454012751152073     
   5.4234107535443208        1.6480229516135974        2.3760432997175807     
   4.6739731402655922        2.4264338097274027        2.2753991759510517     
   4.7869930550431548        1.6251732107137591        3.2870273658385005     
   5.6268050948629549        2.4234750300840346        3.2583611749104744     
   5.6711426645343233        1.4667509436772994        3.9360352960606693     
   4.7165004286665813        2.4048023650972774        3.9874666392336016     
   4.8493603128460778        1.5914173416815109        4.6727461405431434     
   5.5427992224055709        2.3455673460206032        4.7436306517263533     
   5.5342223010127523        1.5474952182115740        5.5205394163100792     
   4.7275544323716749        2.3501503692694170        5.5555479010563502     
   4.7001656275106107        1.6050277125343264        6.2908801937692420     
   5.6434509122132326        2.4166500721329882        6.1432457054804264     
   5.6002084532285030        1.5980777286073342        7.1624448087632713     
   4.8313632578471655        2.3601687047695408        7.1060560381467122     
   4.7333668082446181        1.6578135901976601        7.9447890517449675     
   5.5359982215613286        2.3436301257499723        7.9884290864764953     
   5.5612177954379920        1.6024956625597400        8.7609788749818520     
   4.7606941875995412        2.3608398797162700        8.7867976870735109     
   4.7505495465487755        3.2030126809001862        9.5207812662126852     
   5.5035400489078370        3.9813609368446223        9.5057354680687656     
   5.4869240016585197        3.2449261127921765       0.77756425396639850     
   4.7017377727772240        4.0205292316436081       0.68252837496256691     
   4.6950892157525663        3.1853320699721226        1.4716447100714187     
   5.4612758018026417        4.0092275403779700        1.6107075892627467     
   5.3607943634618067        3.1631554148760470        2.3005256956002071     
   4.6910526265355790        3.9489394902829424        2.4072794715934385     
   4.7628167086815143        3.1735721412163045        3.2181058810467609     
   5.5030353926435494        3.7902706464677194        3.1248475525689985     
   5.5063621149903144        3.1612205640209212        3.9588596196338091     
   4.7243461392341422        4.0831813033731308        3.9203294408929366     
   4.8243970027645497        3.1481414288332190        4.7798601267098446     
   5.4728631035029540        3.9900496061603445        4.7699352387312066     
   5.5178587269416548        3.2064602743089301        5.5235534950441334     
   4.7425543937368806        3.9918611951039615        5.5341385311960334     
   4.8299394996281713        3.0767610906875968        6.3210744375252226     
   5.4870734018693650        3.9953263011793321        6.3597068727764219     
   5.5688925292418210        3.0947199128209650        7.1144927558151370     
   4.7610814622061337        3.9679123723729099        7.1709112042735184     
   4.7809846563642884        3.1488828664920394        7.8983086400429183     
   5.5825653853198141        3.8733379776396948        7.8700586088406181     
   5.5252335764380041        3.1446155740371173        8.6904693795853820     
   4.8952338687446355        3.9821479900435528        8.5736722797925307     
   4.8377394121334323        4.7528317985483266        9.4236586601215144     
   5.5994606404424543        5.5081275191427723        2.8848588087417339E-002
   5.5946017039582419        4.6954223718230850       0.84430146048645416     
   4.8565822048800902        5.5721500813103830       0.89651871974841046     
   4.6685001923635943        4.7526361105006085        1.6626866124432345     
   5.5193370626415588        5.5232301565925317        1.6892006204838450     
   5.5467022624112730        4.7203028597030867        2.4718096715657927     
   4.7111423263968746        5.5835462869206038        2.3182232508243805     
   4.7652098872403110        4.8435269579183462        3.1384373525066036     
   5.5548718522920879        5.5935819632426798        3.2499244085094383     
   5.5129464942253215        4.6892233238972620        3.9218487645797260     
   4.7446768835870330        5.5771350392759347        3.9462691044609590     
   4.7384178420983467        4.8281976008565248        4.8333579433081031     
   5.4653117051399862        5.5433058366621664        4.7612562759698864     
   5.5227281332544065        4.7919754705144149        5.5433904803327243     
   4.7507792038738437        5.6386201461991039        5.5785123774980070     
   4.7083708870293766        4.8949690594680417        6.4053679549349205     
   5.5228626128490008        5.6007805091506784        6.4552563670795653     
   5.4915537714937068        4.7998059993640849        7.1999812915647325     
   4.5454766980974348        5.5542247210874551        7.1297983599898060     
   4.7300828410556690        4.8311487897405341        7.9269713620878619     
   5.5395096212911561        5.5728877397597989        7.8584604444439137     
   5.5904873188820998        4.7538462319981623        8.6467167964010603     
   4.8243309329830151        5.5556851401049947        8.7617856964595529     
   4.8620862107148648        6.2946467328619775        2.7131988968924929E-002
   5.5172717804527593        7.2510165730517429        3.3574134930574248E-002
   5.5870571283649912        6.3450633684691127       0.80087790545314808     
   4.9781358035719210        7.2065427215014317       0.84139755771487512     
   4.8303101643036808        6.3803787271608234        1.5749234579862956     
   5.7055573768046868        7.1746250405012617        1.6004522817737210     
   5.5084463550259466        6.3180383850962922        2.3957018961493604     
   4.7895621062284306        7.1273068963839172        2.3059358463232318     
   4.7652446515615301        6.3656710244588535        3.1420579017201602     
   5.6160109090035162        7.1320426888187276        3.1029455935591592     
   5.5855166508208205        6.3308336209386784        3.9904798632795506     
   4.7383039507763822        7.2886473214350547        3.8856587215447949     
   4.7630534994776212        6.3553673052089055        4.7730496261537043     
   5.3808420284301297        7.2055032935283538        4.7512542189170119     
   5.5223682587442831        6.4515514123863236        5.5935952762183625     
   4.6604826673776083        7.1192553342281792        5.5440925388992328     
   4.7630538642742843        6.4078791232573575        6.3694878410470199     
   5.5211322466461086        7.2162795127890274        6.3277237574658898     
   5.5363205512993279        6.4692870904690061        7.1580308063253035     
   4.7549162785419830        7.2275713076053822        7.2330447200405397     
   4.6990764546766206        6.2813100675163867        7.8736161298914702     
   5.5261468415726780        7.1991201593262817        7.9451176193924944     
   5.5572229762405376        6.3386741300921745        8.7259846810878283     
   4.7471579800510639        7.1710271082750516        8.5625127526857376     
   4.7617525975483534        7.9374917000645882        9.4646003565434409     
   5.6890550148169776        8.6496437368228811        3.8713096828200004E-002
   5.7023814909407804        7.9119456660680747       0.79462977611170849     
   4.9891944006105922        8.6446368179056385       0.87163978915024709     
   4.8539474528730064        7.9515683846533474        1.6055576617895981     
   5.7653854062950227        8.7012820020767077        1.6625425999269019     
   5.6823754022385460        7.9723962575833838        2.3276081892187497     
   4.8436257342449611        8.7752620121414324        2.3787088133439354     
   4.8999431926871369        7.9786401702076581        3.0825721693642918     
   5.6370639661768482        8.7590514775207371        3.2396611014160075     
   5.6040612079174954        7.9035336346358092        3.8540414492003165     
   4.7862104577640450        8.7937179593182488        3.8370527138266648     
   4.7436080742299360        7.9969962453810641        4.7697978940808161     
   5.6841574325720474        8.7342751510833434        4.6992895791429170     
   5.5414977443522844        7.9427542050651168        5.5757679610153570     
   4.7781407370205287        8.7202065078570712        5.5727899682677444     
   4.7522664867992255        7.9338685930976913        6.3565910407129156     
   5.5280398966280586        8.7711109472247042        6.3378960401234030     
   5.6244309904089356        7.9038226864181240        7.0670244599171594     
   4.8154393587068851        8.7952008978320055        7.1201459372741072     
   4.7226865635334061        8.1055342468272613        7.9015340192456609     
   5.5901373586020586        8.7412959322923403        7.8564030940451790     
   5.6555040621574371        7.9021019445418723        8.6985265125896394     
   4.9134832967619912        8.6817669578926324        8.7475031291885994     
   6.2852302938874249        9.5015822479463026        9.4195850356993898     
   7.1723243792699032       0.66178707868931275        9.4838474814128659     
   7.0694003587880143        3.6763399181660668E-002  0.78498199964756832     
   6.3550326023026438       0.81690099221399703       0.82184733065536886     
   6.3339791582088552        5.4908649369988002E-002   1.6215192775545011     
   7.0606127980942723       0.73269336268674068        1.6499967520172365     
   7.2404551462753366        2.5486756635399160E-002   2.4043242345784694     
   6.4030510743915592       0.70281115598624633        2.4879604002926770     
   6.3934311545684643        9.4849492503448030        3.2351664264027740     
   7.2199258083652511       0.74009778015140215        3.2575724762998490     
   7.2361618702657493        9.4632225449879375        3.9916580986390415     
   6.4699478536999342       0.77782824913578841        4.1011607009433355     
   6.4315326379185471        9.4735489207575618        4.7077762701646471     
   7.2032562388375201       0.70047083388042519        4.7869226460985157     
   7.1597188308963187        2.2959174516591033E-002   5.5251852497080254     
   6.3006057908237789       0.78716269846322617        5.5210277922499875     
   6.4269620539075314        9.5041792218812553        6.3558093745644690     
   7.1228524002393296       0.76706526136556830        6.3947336129537051     
   7.1778193358254878        9.4497032365463127        7.1470602961378482     
   6.3867131236600114       0.76781222143534400        7.1152442664716906     
   6.2935324989552237        3.8469694005163410E-002   7.9170491393649041     
   7.1044268874960457       0.79643503586245556        7.9467466587238524     
   7.1305833474785816        9.4781407118922942        8.6746198705402904     
   6.2841385464668500       0.76318845518696699        8.6714554346122732     
   6.3256240898048137        1.4173381752403393        6.0327158532312908E-002
   7.0619871558516385        2.3715760506151291        6.3703760340551785E-003
   7.1682343112453717        1.4992866850227020       0.80267021843315522     
   6.3383911017673791        2.3083888002096380       0.84837707585235178     
   6.2986674522978525        1.5637249261603772        1.6566351682074627     
   7.0287176128382844        2.3481741658169240        1.7036193592220723     
   7.1500964395703646        1.6117333235470168        2.4475060759511131     
   6.2039527214084558        2.3928697965898142        2.3955957866916093     
   6.3201924141422845        1.5569188230182718        3.1505069407994197     
   7.0696251539046120        2.2938576156434989        3.2472360012062489     
   7.1943395379029855        1.5860826203590264        3.9680085471809186     
   6.3903525806940378        2.4239545333092574        4.0091298323893483     
   6.4649759188903335        1.5673353743621541        4.7523864735289143     
   7.2222720136954397        2.3661938758947567        4.7284327139725422     
   7.1915759804581176        1.6006434924900508        5.5649618131180132     
   6.4270652913412984        2.3765004562711849        5.5518011148606368     
   6.2755448745495812        1.5294616315258254        6.3346966637332454     
   7.0439547692906022        2.2972431603444323        6.3361541230486882     
   7.0031544438390849        1.5473259566369411        7.1727882162986862     
   6.3158248439327425        2.3236681289085910        7.1773712560498568     
   6.2790587022766440        1.5943110613317568        7.9668845191121864     
   7.0747570955188568        2.3091460670661341        7.9022986642460706     
   6.9926095635783705        1.5798191455906656        8.6760687745367786     
   6.2916246877940738        2.4221727520745548        8.7127075161049721     
   6.3057280521665522        3.2578507522734204        5.2283907401841613E-002
   7.1390362350491232        4.0444071422842001        9.5123519873473175     
   7.1552661899960217        3.1719381605918273       0.74501350025183910     
   6.3386767051244064        4.0441858838722844       0.84727843192963370     
   6.2552110936882785        3.2082059563883667        1.6358071718936815     
   7.1633328613365368        4.0054305357808424        1.6085734368179689     
   7.0798748242082805        3.1021770782658682        2.4038025702092862     
   6.3070634262704726        3.9714824606045469        2.4163689804322059     
   6.3202574863257093        3.1859229001842939        3.1673238071966634     
   7.1729408084915987        3.9092946670057258        3.1151084465738448     
   7.1610275800456202        3.0906663544524715        3.9157627352277560     
   6.3427007184185733        3.9326499847900069        3.9528658752548553     
   6.2896144240159142        3.1184386701414355        4.8060530347154691     
   7.0983080245601204        3.9106592264745417        4.7285853339796482     
   7.2516063753664382        3.1997648173530182        5.4431111905514067     
   6.3881864134785822        3.9979106971537153        5.5440966384388402     
   6.3458412908352102        3.1127086850581476        6.4063091169501210     
   7.0981105048367050        3.9824754711707295        6.2877075476749278     
   7.1161347980901697        3.1787280111818750        7.1082024337575360     
   6.2575534159325654        3.8612274855816611        7.0491640670089577     
   6.3600850117738261        3.0857509599343991        7.8999907841373282     
   7.0767867552858759        3.9667012449210790        7.8440474145196717     
   7.0507011601966889        3.1884716587540436        8.7800484798429004     
   6.3368185191418416        3.9331263208023231        8.7244140528288465     
   6.3308366280080604        4.6894863789243049        9.4615859384672518     
   7.1214659468282173        5.5647421194825197        8.3244080643892328E-004
   7.1477281097173870        4.8035608123318285       0.84439197768008312     
   6.4133524373765995        5.5369151128164402       0.81346363670186594     
   6.3538837742421128        4.7698621070446388        1.5974768923159028     
   7.0297555479731990        5.4842224362091336        1.6570578188902727     
   7.0959218323888962        4.6894316817502348        2.4300190238974659     
   6.3537963881331736        5.5353526085661331        2.3536995850125142     
   6.4132010572117712        4.7364720958402406        3.2493633902067312     
   7.0922396845109619        5.5221259900404007        3.1580689725466740     
   7.1876541024949443        4.7293981104364411        3.9506012132534778     
   6.3051744635662947        5.4753233940937536        3.9888327567081903     
   6.3974660868158715        4.6816743778117242        4.7083477876273516     
   7.1546296915020902        5.5488516638975964        4.7662079164553415     
   7.1232869819821687        4.8220090085750389        5.5980086557923636     
   6.3617380135180870        5.5326426333644516        5.4675917936808185     
   6.2947712438655419        4.7696477319547039        6.3966017370687283     
   7.0787970837838667        5.6061651905391878        6.2772752620727665     
   7.2286481830584481        4.6662459205064746        7.0606092147753587     
   6.3500338611418252        5.5342755184920218        7.1454300960908883     
   6.2832458546748002        4.6802618701604928        7.8723414122503073     
   7.1103518875197897        5.4366402943956915        7.9636986932874052     
   7.1313417704404181        4.6203210081996939        8.6715185539966715     
   6.3686659921997855        5.4999583110246348        8.6844470724915332     
   6.2744670102374585        6.4779296296700277        9.4634932031618675     
   7.1784288220881658        7.0843311470672319        9.5120476475560292     
   7.1720653586407499        6.3208743158716612       0.85258591019140362     
   6.4096799647433098        7.1224453723324501       0.76745769270084585     
   6.2954301906684114        6.2969919661188527        1.6279563469945320     
   7.1359458749477609        7.1030757653082368        1.6243285495525330     
   7.1277523878204621        6.3481212956410564        2.4443378880080440     
   6.4103116915612022        7.1108294411414832        2.4852434130096195     
   6.3162147885629771        6.2981597689170297        3.1279565905047395     
   7.1609834612502477        7.1926846327055918        3.2429762774350239     
   7.1215276171002744        6.2516238986775932        3.9779299714881309     
   6.3008721519320332        7.1043826609868237        3.9454101054345205     
   6.2688497726151047        6.2937142472457905        4.7681132336197081     
   7.0074229925270979        7.0939458068633376        4.8110822675446796     
   7.0999640484209978        6.3168808014272004        5.5172542568606238     
   6.3175393474290802        7.1253573408687227        5.5815032673252194     
   6.2455724511652475        6.3627022083709974        6.2907143113189621     
   7.0919006181497499        7.1464774162510816        6.2915888610670017     
   7.1100804184455573        6.3056767338875614        7.0558596192715557     
   6.2974292993891652        7.1239267956996359        7.1184745582363993     
   6.2811518643530793        6.1484628336445235        7.8981798268919929     
   7.1935926603295295        7.0562658633237190        7.8160757336352473     
   7.1671929134118599        6.3311613573560575        8.7352924107099756     
   6.4088815377124613        7.0701350148766258        8.5494628491351872     
   6.4226711290931942        7.7993068433341062        9.3712113431571016     
   6.9644698904789237        8.7061438632200776        9.4193138754105039     
   7.1325707250706856        8.0137005024538723       0.71128636099295961     
   6.4494052979236978        8.7230535529716242       0.82150675723031275     
   6.4823442922991141        7.9138318177412676        1.5001396838846568     
   7.1880510771176862        8.8182778989980104        1.5940135974819096     
   7.1078710032967294        8.0121914362265798        2.3027484594646732     
   6.3814957621968782        8.7586413295875989        2.4139871565231545     
   6.4175715663425406        7.8980793852550555        3.1734134212482545     
   7.2773875565511004        8.7680640363613538        3.1553666169645198     
   7.1474025526961826        7.8805373458865660        4.0464606138432968     
   6.4696983788886113        8.7301661546582210        3.9457113178237160     
   6.3103758967900898        7.9319830976238181        4.6417225458571219     
   7.2425536536929869        8.7252085205037222        4.7844287604222577     
   7.0821119470140301        7.8926521405017418        5.5377827463204135     
   6.3075743203541794        8.7231442963106964        5.6297369601215355     
   6.4089487434013099        7.9210590361965094        6.3672352565770121     
   7.0867431330266299        8.6358952187407390        6.3722930778602018     
   7.1752487461317420        7.8390484954263826        7.0914436046800375     
   6.3857723183265191        8.7295455560843678        7.1559457438569787     
   6.4112316822455657        7.9240226275141099        7.9492973249254080     
   7.1788809501096988        8.7258343149321256        8.0206313946952772     
   7.2065616846684790        7.9631695519506822        8.7136802394299835     
   6.2689846238440667        8.7605549958396391        8.6322901390808706     
   7.8474075627847828        9.4356791687675123        9.5102338126586012     
   8.6578465382327909       0.67352483434765487        9.4902826922046053     
   8.6844561950517782        9.4288201752527456       0.68533577382146738     
   7.9554736107602899       0.78445806401745022       0.80796366668939790     
   7.9746457623687741        2.3751549411224912E-002   1.5819574511797365     
   8.7214111730467430       0.77767412408692094        1.6379577729797539     
   8.6209429040519865        1.8763453588953479E-002   2.4346608623048747     
   7.8859147487491574       0.80794852538641215        2.3670663045766029     
   8.0279808943907955        5.8149670706584430E-002   3.2829708664682489     
   8.7535760306397528       0.85329586090888387        3.2319079490584350     
   8.7674040997081999        5.9361347466734458E-002   4.0031232431322481     
   7.9656111442958659       0.77994495353521753        4.0780457818270675     
   7.9962014865680358        9.5172267853048975        4.8619360397544193     
   8.7559603596475863       0.72578488023713417        4.8285316909968641     
   8.7329776383719189        9.5208384861971460        5.7137992334115850     
   7.9574497016995842       0.73579342059496355        5.6564327504680101     
   7.9483520482964298        9.5092326509984488        6.4493104043437341     
   8.6716942155196257       0.76519428487704300        6.5276306775523514     
   8.7560037650935243        9.4435007286813644        7.0956496929652904     
   7.8530987933907630       0.83430628295575449        7.1870811185150068     
   8.0220200713530510        9.4941794616874375        7.8407892518600510     
   8.7239846811934711       0.80483631912309150        7.9387418673736452     
   8.7686061903054373        9.4454549308586415        8.7294600289954811     
   7.8922843343165106       0.69856249550360106        8.7080735686659647     
   7.8494703421020882        1.6019360271508103        9.4365913048995687     
   8.6364561228436898        2.4129396641095489        9.5199525071441524     
   8.6501022457311585        1.5907934235599941       0.77387049553749265     
   7.8302700625271910        2.2836731778073136       0.83433497162991876     
   7.9149619521435080        1.5086439900212933        1.5542712253339246     
   8.6653504175426903        2.2815674150331011        1.5561101339579941     
   8.6874852445378874        1.4816664414943723        2.4230547060843781     
   7.9655267366736755        2.3094790133320036        2.3354204282694542     
   7.9535496988041627        1.5337268992654525        3.2272007196382497     
   8.6928606030663076        2.2489992591168977        3.1713202125491713     
   8.7047658487206405        1.5550006965737135        4.0618521344300040     
   7.9579418666221944        2.3463780020858493        3.9975039900443461     
   7.9811206495469120        1.5030899086591127        4.8274787742590020     
   8.8184618545949895        2.3640535246342500        4.8349130605671080     
   8.7771705331706844        1.5216407286553253        5.5407001503329250     
   7.9613792268233103        2.3811518917569536        5.5144220465807008     
   7.9916850139912983        1.6403822542917597        6.3321548193560595     
   8.6955879718674058        2.4181074898052035        6.3714097262778893     
   8.7380354327855638        1.6885616343678453        7.0517675165264766     
   7.9317287902785161        2.3822335172863109        7.1556849503942548     
   7.8809062965089547        1.5388660962000216        7.9597254534350110     
   8.6304965500908057        2.3606932537250374        7.9224831271633240     
   8.6837067676379949        1.5538183826925638        8.7517510907034453     
   7.8041370100730187        2.3407053748764262        8.7071620623899832     
   7.9243411066213154        3.1262743694405306        9.4872321131397985     
   8.7411578381811452        4.0816895416041934        9.5895025176408771E-002
   8.6718176413451271        3.1251087035560361       0.87442852256346415     
   7.9809944156776265        3.9358479406917390       0.80904039898142255     
   7.7749815857286366        3.1908282868653335        1.6101731889065882     
   8.7214621023642263        3.9522287433917072        1.6208749118465189     
   8.7157066378330619        3.1312038587469653        2.3607521404905549     
   7.9848889593148655        3.9849178830086536        2.3650842282119893     
   7.8587505604779810        3.1179363847321033        3.1064933888768005     
   8.8501910972167313        3.9494823761175444        3.0706162267612966     
   8.7235822186156735        3.1896590469892687        3.8698351197551606     
   7.9455063024610100        3.8761533769115015        3.8264952179338687     
   7.9612325933895578        3.2909978138539020        4.6483811293857737     
   8.8277772902071376        3.9850884612069168        4.6837000068261814     
   8.8579947349507613        3.2549138380529254        5.5815453710417557     
   7.9648950861265417        3.9244869637433597        5.5650104155022602     
   7.8491764047187234        3.1087128213739570        6.3511399072000279     
   8.6952006875001917        4.0124325523147011        6.2918918272787803     
   8.7947109931867935        3.1528654682591477        7.1748890785005850     
   7.9643723510819484        3.8310496612707863        7.0887476417959103     
   7.8246208971609654        3.1791390660834242        7.9408276438051972     
   8.6767237372839947        3.9172689042209399        7.9900845165597589     
   8.5998120588837281        3.1310274991862435        8.7596620342421421     
   7.8795706706498558        3.8715549570078194        8.7438116718637264     
   7.9762836105319543        4.6927355448549886        9.3639126751916990     
   8.6510719242072298        5.5418326807522824       0.11464859008206549     
   8.7148153737303691        4.7878987476989092       0.96214915869251294     
   7.8907696971450294        5.5333009638530148       0.82603503964392688     
   7.8780534708275258        4.8398424143733312        1.7247170540541961     
   8.7120351030682954        5.5589584924442415        1.6352860710182109     
   8.7694150854001158        4.7949234822755322        2.3674796650321075     
   7.8526032610874674        5.6049289387032610        2.4968670307586036     
   7.9701177315675329        4.7529789587583622        3.1943964762409229     
   8.7508256636747888        5.5950412438895674        3.2109534557585109     
   8.7617144719594080        4.8059525654468498        3.9605478397044047     
   7.9775721366150369        5.6061885926108106        3.9447876720337827     
   7.9232005863375674        4.6206994647561777        4.7132057651940977     
   8.6519666099112928        5.5477136034456116        4.6742708136047932     
   8.7674127427240052        4.7719867703037577        5.5092987971373555     
   7.9490191932885086        5.5789732485214856        5.5100437961883291     
   8.0342753290700752        4.7332106739135158        6.2507136173096640     
   8.6974144299887648        5.4455422471681372        6.3889359668815890     
   8.6554842481936483        4.7145303725230097        7.1117356335380784     
   7.9126914461727420        5.5896547114148420        7.0989582757594931     
   7.9467734964700956        4.7365339401306281        7.9092296853165340     
   8.7015638298613212        5.4698720087641046        7.9484416357790453     
   8.7491812568898748        4.8274951886482045        8.7497388989593343     
   8.0458579679481446        5.5875973081692720        8.7962877164480915     
   7.9095502051940194        6.3947263465365145        7.8339646916909741E-002
   8.7429297438339457        7.1917628418345148        1.4601362453421196E-002
   8.6909218225588294        6.4117232891010270       0.83618678985735551     
   7.9106826161833927        7.1376316681365388       0.80607338666248607     
   7.8849393088061559        6.3358698826538875        1.5857955202377900     
   8.6601788893327836        7.2609678880736706        1.6245626424100743     
   8.5732708497497079        6.3476877727004277        2.4348629907589867     
   7.8655178436364999        7.1528220179302133        2.3572708310275177     
   7.9639080090376329        6.4109614653469356        3.2316301488357961     
   8.6607757913200079        7.1209758701658545        3.1419483896632285     
   8.8070922301882266        6.3586033095625982        3.9949570719323395     
   7.8836485439494401        7.1383558253684924        4.0171848281671663     
   7.9408921681796967        6.3769224268685081        4.7295445230873092     
   8.7336060285904580        7.1704221809934756        4.8491074074398623     
   8.8441827837029887        6.3628805269710202        5.5182936782244809     
   7.9035257395296581        7.1394700144001790        5.5381319413594889     
   7.9332245495817455        6.3914335175492205        6.2902877384743707     
   8.7945292499332872        7.1751499047267577        6.3286113301170381     
   8.7328606700143041        6.3446111689892986        7.1006805015540868     
   7.9780413001935964        7.0969107372032267        7.0648040058849819     
   7.9518837403624225        6.2735933373333896        7.9410256579618919     
   8.6439750265296631        7.0702795565836185        7.9017389551823980     
   8.7229303285296016        6.3882505170074531        8.7031704616828680     
   7.9402892694163656        7.1571054564972618        8.7764693484530980     
   7.9732535143384649        7.8678657155326208        3.4967334333433714E-002
   8.7870662370623336        8.6651664295792070        9.4188391953896229     
   8.7783252402108740        7.9294096774339735       0.74214147930959551     
   7.9353777673691264        8.6464761410758975       0.71797112401005014     
   7.9097006480141481        7.9267777211791470        1.5436666325939630     
   8.7330395315736755        8.6427557085342848        1.5460559968453325     
   8.7502143778007149        8.0390893633414713        2.3755987628480808     
   7.9325149507991348        8.6782907933587481        2.2851155379174282     
   7.9101861229708632        7.8979787496759499        3.1141986227573106     
   8.6979876276645971        8.6797027599817902        3.1696958670044424     
   8.5625931929947505        7.9647878394803993        3.9152070309219194     
   7.9486122283987637        8.7780190065110819        3.9789031381164830     
   7.9318120265421230        7.9488910604503067        4.7733569897514956     
   8.6985991672029215        8.7373039183360870        4.6805518274979079     
   8.7055097159347383        7.9015309089213259        5.6004412791398455     
   7.9666108277344474        8.6944717760821515        5.6160547123351821     
   7.9084301338920717        7.9434825728227132        6.3146899751296344     
   8.7584427463669581        8.6420870078610967        6.4079136037556452     
   8.8111656562625811        7.8400834058336066        7.1893300970388241     
   7.9127244938371808        8.5694414445316269        7.1334555049055028     
   7.9423564495224301        7.9111800747064080        7.9292333733309510     
   8.7474489723815481        8.7054374868123574        7.9249877923883556     
   8.6895374556109353        7.8692265308132123        8.7046575049659545     
   7.9529608842767425        8.6775371139764772        8.7938289926772732     
