   9.4794939912601066        9.4934291036436473        2.9001724354638016E-002
  0.87138556526418631       0.73402289924904607        6.8006156530124928E-002
  0.67848081721640097        9.4906040902222042       0.75542772874298703     
   9.4979829622981971       0.96081605042495077       0.84645778120252368     
   9.4772762721137482       0.10591132195341597        1.6645210223480658     
  0.87183496276939987       0.80673266702689694        1.5773343481334106     
  0.76090979604838938        9.4996851151713919        2.4656792681928352     
   9.4523146024812679       0.87842252964717205        2.4020805511258589     
   9.5137637325228788        2.8619669361468873E-002   3.2277676223323302     
  0.80712312891544502       0.78346790569258051        3.1838867988221331     
  0.76296790178900875        5.5894398913589466E-002   3.9432700249444923     
   9.4846578520855136       0.75459950915512009        3.9687363862373735     
   9.5027069224424690        9.4604696077234873        4.7719792445776195     
  0.77163960419577982       0.63925770761375422        4.7842812316623053     
  0.66935451496868514        9.5891195342334857E-003   5.5774492293604476     
   9.4312646016385102       0.85413124130739049        5.5245243448684764     
   9.5036940222550097        1.2856181564037367E-002   6.3433185066038194     
  0.76111693819305781       0.79345289801184171        6.4005717943525440     
  0.79314611359296838        4.2869648367032470E-002   7.1140975052101485     
   9.4376073751399119       0.76715589911431037        7.1255293844488925     
   8.2582207934117514E-003   1.4542872756985592E-002   8.0164055742814995     
  0.81928017405479059       0.73389095685098460        8.0106136560578207     
  0.84638268955963603        9.4218505606655558        8.7253765198107001     
   9.4235462725765107       0.75174942324142935        8.7498406561339799     
   9.4768968528368394        1.5743407694194858        9.4112683198284035     
  0.86483718332590143        2.3809421829293420        5.3852643358133750E-002
  0.77614255231228901        1.6117314215269454       0.68323117218749241     
   9.4887191963608331        2.4557068790626051       0.77449420531912661     
   1.0615890029080683E-002   1.6384680909438643        1.5788079470276304     
  0.69626416592529838        2.3698857667294000        1.5821795259133891     
  0.75811240375296229        1.6359236800815420        2.3594865653494774     
   9.4012573958750512        2.4379338047176837        2.3630137147939725     
  0.10733910075167692        1.5163587316922569        3.1784801956797706     
  0.75713982993562934        2.3211363339166762        3.2081696384013774     
  0.75205817627222593        1.6724461086571267        3.9598142845557418     
   9.4418361271284468        2.4977969817616676        3.9542757776552486     
   2.6184432720102176E-002   1.5706879692036420        4.7863673641844882     
  0.78873892729140582        2.4064873211746542        4.8130380127567856     
  0.73199614708040184        1.5692658184203332        5.5484337467934575     
   9.4347440105200686        2.4562504560884855        5.4803921279006351     
   9.4096672265695407        1.6080624346025707        6.2862245655448108     
  0.76806609352103650        2.3559018450678275        6.3933631801183166     
  0.77116372822399992        1.6736456253694376        7.2214489033891569     
   9.5222732776103296        2.5290846474631992        7.1145763886439468     
   2.7545508706906269E-002   1.5851157240559224        7.9311437493891921     
  0.90035751500524763        2.3992671106708832        7.9401452273694675     
  0.90516004223762303        1.6099031339505006        8.8726188077177266     
   6.0872949644318733E-002   2.3765192615191686        8.5895560053258837     
   8.8154440117691815E-002   3.2413133775736700        9.4866008795159740     
  0.85294497998745389        3.9495279590741359        9.4307490804960796     
  0.83265886893723084        3.1274149770288067       0.77342544011729530     
   5.2085413319732835E-002   3.8966197024755762       0.81848738972066015     
   9.4655777437788995        3.2054546374621871        1.5787869058729520     
  0.77070312354677162        3.9168666536124177        1.5680223452932796     
  0.91399552470351919        3.1549182388544756        2.3668615567522071     
   8.2132557475785399E-003   4.0306271734611840        2.2794981055867618     
  0.11379075200465695        3.1673293260296225        3.0666774811060780     
  0.89527062373078903        3.9185155627063795        3.0751143576442166     
  0.77397736791975813        3.1919737102821326        3.9399515530883407     
   4.2067425286236877E-003   3.9182361037428461        3.8513190382730058     
   1.3704797246154744E-002   3.1884527833609648        4.7054523944681561     
  0.74670761129296404        4.0411071816113262        4.7024680739022626     
  0.84191684852586013        3.1773245891344777        5.5285972705830337     
   9.5172819577946814        4.0317880173306868        5.5988825159046876     
  0.13917644384705702        3.2518357433898206        6.2756956553584837     
  0.84353712610077813        4.0027871891029134        6.2689719475074543     
  0.79095423128126929        3.2096548405653804        7.1347759706902893     
   4.6532496074077204E-003   3.9555920120896544        7.1022220824787397     
  0.16938384174767165        3.1608842229576628        8.0196141196700435     
  0.79389590833748291        3.9457425775808996        7.9590088944645476     
  0.89402285994326347        3.1261380031873176        8.8070535599391206     
   9.4855960443302774        3.9748201228835018        8.7097344045429672     
   3.7334398584445073E-002   4.7624288433606470        9.4590019044820099     
  0.85502633315175602        5.5071350862284643        2.0623540137102901E-002
  0.82922304992732732        4.6603804055871541       0.68255492456442102     
   2.4415631957778558E-002   5.5268218899261434       0.74577442899529267     
   9.3790176591949006        4.7868769515144010        1.5616536209400378     
  0.81612804281561058        5.5626489282910851        1.6265193216338245     
  0.83480004065489977        4.6836687376967436        2.3971636525760767     
   9.4047237562400490        5.4829181193257099        2.4297605453873068     
   9.4347306082413702        4.8449728439284510        3.1772624886267162     
  0.82092416914619559        5.5478879512793551        3.1301434320131665     
  0.87384794853925574        4.8545306876950125        3.8774058732047449     
   9.4676541770198632        5.6986419214035715        3.9601595255881712     
   6.9936509380764317E-002   4.7320057871312828        4.6190121110615356     
  0.76903186130292644        5.5681215993227564        4.7977493259335580     
  0.83676107335393113        4.6727417166298544        5.5155150694997648     
   9.4449642703925210E-002   5.5566024987865239        5.5635777509115112     
   5.2727427228006322E-002   4.7913428347369580        6.3554587745349433     
  0.84270523448294610        5.5138561387753624        6.3262158583524108     
  0.73292904495798206        4.6852494174439387        7.1217263765423215     
   2.5854624918250097E-002   5.5503731306034751        7.1172817917940217     
   6.8546413595396191E-002   4.8234843577743804        8.0091507134850168     
  0.85254980275707615        5.5051403361682274        7.9111261664009147     
  0.77981170223440122        4.7267185200459361        8.7547360033863058     
   3.4893880033104389E-002   5.5962711856517995        8.7212267635085112     
   9.4692538051151374        6.4405403411488180        6.5357548619847841E-002
  0.79864915888901178        7.1398901450214654        4.2876199718037175E-002
  0.74692775141658785        6.3315485655148018       0.73365423042293765     
   9.4858827766060720        7.2640805451618178       0.73709372933604145     
   5.1725688546596180E-003   6.2979356437703302        1.5988713429648997     
  0.71414389838076031        7.0095657782033847        1.5430831503722930     
  0.74305814997215269        6.3481864827181491        2.4467791900580407     
   9.1265969690883016E-003   7.1318816444194981        2.4811522413196108     
   9.4817738642377520        6.2993918194781706        3.1154104183275511     
  0.85554491376798081        7.1729369519242070        3.1575460232145627     
  0.86559310327300798        6.2589608559228394        3.9921117780771151     
  0.13166966699642355        7.1126010043242660        3.8440110331498034     
   8.4222444622237214E-002   6.4437741758826332        4.8444314028733411     
  0.75635777201935539        7.1618879779496725        4.8280607330935466     
  0.82337658004413061        6.3539709117135326        5.6402401553639656     
   9.4260021270414178        7.2768599942923418        5.4867868632588586     
   2.9908768232137146E-004   6.3188526142511732        6.2895200465604475     
  0.79733130782547579        7.2199412423315774        6.3873257518193549     
  0.77329494196727888        6.3433420025816520        7.2517781091583862     
   9.4655241564863335        7.1695578732250222        7.1791756670723750     
   9.4513808191283655        6.3618725684056656        7.9160400340476365     
  0.81466011414410577        7.1426394651207286        7.8817091143008264     
  0.85168170536643162        6.4001283684647969        8.7776921915575841     
   7.3464735424731697E-002   7.1600764945629969        8.6260006796573219     
   9.5204384027585718        7.9544317909096600        2.3822133947557014E-002
  0.79085302153190096        8.6126823886650321        9.4467987373847713     
  0.76302246451615108        7.9937769154941432       0.73581977974520940     
   9.5065238285822975        8.7456975351049859       0.85102359356297685     
   9.4392538538320512        7.7875350441444171        1.6160126189990276     
  0.73924009559196246        8.8090149524237020        1.5997631505280534     
  0.81314359656416413        7.9058204625289825        2.3317911697112006     
   5.3456510534945247E-002   8.5652003201149913        2.2972243530282848     
   9.4485962194198070        7.8961187354230722        3.1427052469023495     
  0.77376086061647298        8.6685288581219861        3.1801318436933399     
  0.78376569044334077        7.9644280019474394        3.9385107572807696     
   9.5042120112138058        8.7976924015692024        4.0388276035576602     
   2.2817766381551169E-002   7.9380442881535984        4.6904510293722756     
  0.84434823737759068        8.7056780893427561        4.6290536656256158     
  0.79536143737097720        8.1312024008691814        5.4848903622374046     
   9.4968681307736169        8.7564012195191907        5.5417369852876055     
   5.3740003886131121E-002   7.9752702000756930        6.2603055465545507     
  0.82810072784819566        8.8048141486532270        6.3194002287122686     
  0.70028847244131420        7.9703981196605662        7.2043250933359566     
   9.4472385581663225        8.6645694973090830        7.2079164187388036     
   4.4844923799833803E-003   7.9530164660439100        7.9824026579490184     
  0.72346088805355291        8.7474276405564240        7.9491914017557423     
  0.81821121208118619        7.8760248235318864        8.6586897055920957     
   5.0499793859115953E-002   8.7153245902417726        8.7872364110905963     
   1.5129387292668190        9.3999371759627284       0.10415651701851154     
   2.3414176025864797       0.75822193420394968        4.5936473972285841E-002
   2.5281376130857449        9.5096181284494872       0.78214406600265263     
   1.6106667471222544       0.86357493450554401       0.83165624513516379     
   1.4952416556459924        9.4842498669100177        1.4736109396964630     
   2.3867741606809409       0.66312202490471439        1.6011113305943110     
   2.3678463324897847        9.5174447119979906        2.4442096540127372     
   1.5146552403414970       0.75212998902767314        2.4500170649544293     
   1.5302519425827443        9.4058962756641513        3.1322612874461964     
   2.4296695074812864       0.81651964509748642        3.2107716514392077     
   2.4140769292283641        3.7331588661454508E-002   3.9482133692737511     
   1.5293123256407457       0.90820578213080272        3.8930387625386333     
   1.6089797927970810        9.4485460431063935        4.7691211639653330     
   2.4215163238465420       0.72009051595681328        4.7360385465656183     
   2.2968396437615533        8.1590730352969806E-002   5.5372605390746674     
   1.6065831020202825       0.83206718624153309        5.5925498326730168     
   1.5750437348350554        4.8058693423195728E-002   6.3989458761046381     
   2.3658148935751702       0.65773383677890129        6.4048911723205313     
   2.3915394821485725        9.4017337593602051        7.1171195737763817     
   1.5029532032888613       0.82582026241005246        7.1826490260391695     
   1.6145181954022028        9.5098736406225832        7.8820600731532000     
   2.4534328870774837       0.72759117503307191        8.0341069483917558     
   2.3992302939867458        9.4971135312166073        8.7130660216713345     
   1.5621376845800286       0.76228115215039149        8.7299757437292520     
   1.6587987398905537        1.5629332462480370        9.6992427668420089E-002
   2.3952303988049821        2.3042738367222890        9.4486692026602714     
   2.4683279408838850        1.6221608466342277       0.78308725565714288     
   1.6810886129770359        2.3223882095773800       0.90657361456355645     
   1.5658781910126505        1.5793427136662648        1.6077335827781050     
   2.4094106040768217        2.4148218299549442        1.6763749065169320     
   2.3235999183540210        1.5737852675416741        2.3062982732276796     
   1.5951034514233455        2.4432679205783687        2.3668384052341360     
   1.5618836475280335        1.5788222458072343        3.0855770950359198     
   2.3211822257989994        2.3101234668115804        3.1494629436102857     
   2.3589590488303527        1.5529239616880541        3.9764927130358481     
   1.5198073808087402        2.3966026069029671        4.0041921910581530     
   1.5729025122171163        1.6639770239931115        4.7671173564481402     
   2.3840970149207017        2.3892742848618060        4.7939365343459945     
   2.3747034791809254        1.5250705258003709        5.5738052900082318     
   1.6519019331829612        2.3437270362280240        5.5395168913666391     
   1.5821890531965339        1.5103293084743419        6.3352865770447222     
   2.3365751536263901        2.4146464398755589        6.2853350139889770     
   2.3074713712446702        1.4068990822512843        7.1241596317827884     
   1.7006689429926407        2.4574276696288906        7.1994345480123876     
   1.6445711871061035        1.6125334348879912        7.9872753747204577     
   2.5350319541993049        2.4712220195875845        7.9158622626790498     
   2.3423473193943645        1.5270150008582934        8.7858299321904276     
   1.6766637314461470        2.4243537733671290        8.7651225602911147     
   1.6490690912501584        3.2718182710625938        3.8724311007303940E-002
   2.4623494601781415        3.8891102960961748       0.10642517813427382     
   2.4383461264157549        2.9802650257123942       0.70861435640697856     
   1.5232838497108991        3.9068051047069909       0.88931689515686818     
   1.6549401955244532        3.1125220876498383        1.5415711106821268     
   2.4914752154793507        3.9272427454450267        1.4540514349731943     
   2.3798121865592283        3.1442895223407774        2.4325379508441398     
   1.6966886397688883        3.8745069864321091        2.1706354748662759     
   1.6623176532086716        3.2120017099106852        3.2552540099360834     
   2.3836941443335649        3.9247299688981023        3.2080396196635150     
   2.4459721347022656        3.1460280593129273        4.0922133179715585     
   1.5016999786308676        3.9806997296478954        3.9863838849742104     
   1.6179118869051825        3.1299901452725325        4.7583862211997259     
   2.3857068179502665        3.9804706785777788        4.7361475656078840     
   2.4004905387253976        3.2157674760173101        5.4907805709408342     
   1.6132556597001766        3.9800370479346312        5.4242260169825895     
   1.4650370527881602        3.1771034670101104        6.3431075891304118     
   2.3725115110870854        3.8986387371173947        6.3242762628358795     
   2.4339373674996185        3.2342998336552382        7.2009403648129933     
   1.5861359962643724        3.8745221203709019        7.2198559305240426     
   1.6824036024402880        3.1346878025027958        8.0419342975502754     
   2.2878516222457081        4.0147165286063515        7.9634537529064646     
   2.3803934208413593        3.2235851729364167        8.8002120942803774     
   1.6193842577571900        4.0221914875206970        8.7426531923348492     
   1.7561036011552704        4.6360645977440500        3.4366510777544788E-002
   2.3186688629425722        5.5146189380541957        6.0735249402285224E-002
   2.4458166275420075        4.6980638040816043       0.77918239073017637     
   1.5368289506735657        5.4695777315469245       0.81557838329939891     
   1.6828451685750323        4.8012425056137262        1.6377477064142494     
   2.4035664714872196        5.4753008684850268        1.5725998965107313     
   2.3901284562856890        4.7273931507263320        2.4428763591248468     
   1.6355550495852729        5.5950063297906381        2.4979708602902293     
   1.6365942266646443        4.7512333429333085        3.1591641426520067     
   2.3753880801413283        5.7187929125062835        3.2156743157227732     
   2.2803961024617134        4.6979548281385588        3.9332895323327919     
   1.6242341482743634        5.5952026663709349        3.8676960895461465     
   1.6798724787933044        4.7548380639980889        4.7503862128222814     
   2.3018444932653011        5.5846984121520009        4.6153232106067454     
   2.4058721851236284        4.7653162321100719        5.5253831599999819     
   1.5593746108116417        5.4369696174355457        5.5262075810106079     
   1.5623316594722654        4.6820227906753535        6.4439129192136591     
   2.3561294828311006        5.5524872538691827        6.3217347742024836     
   2.3387090209976833        4.8118293696328482        7.1582121213918120     
   1.5673356938153225        5.5351149530019219        7.0539624533439182     
   1.5781557983743713        4.7993640239246034        7.9323953362633013     
   2.3817208372082637        5.6654333129346703        7.8391770884469274     
   2.4532568223270128        4.7628540023112134        8.7298158866087121     
   1.5762781969946862        5.5552019302742890        8.8421452678324250     
   1.5549317685179194        6.3847397412286924        1.5701769088545949E-002
   2.3849374761700681        7.0823151371269715        9.4747440702457837     
   2.3141151842226120        6.2923683439040641       0.72050913542949468     
   1.5642112045650909        7.0811198991734736       0.81052485629244020     
   1.7380501119380287        6.3210713441457687        1.6394395992393311     
   2.4825308219958813        7.1599794738261018        1.5989056708828084     
   2.4332714775168256        6.3069722344295709        2.3459507906319557     
   1.5016399382658498        7.1847272040638765        2.3610621639855061     
   1.6021334472685567        6.4168243619181551        3.1015197312942226     
   2.3248336298217542        7.1459766565554039        3.1868874732103487     
   2.4283786754172918        6.3897944684341441        3.9815996562949958     
   1.5467899368200317        7.0353147286925912        3.8999292404309389     
   1.6099618767132917        6.4210106871721040        4.7665807657571548     
   2.4029209096315589        7.1462004176610128        4.6940928329896989     
   2.3978868679517986        6.3228148057132900        5.4978663399875698     
   1.4751013211969726        7.1877070746620708        5.5085722409519908     
   1.5858997841885141        6.2775387906234554        6.3077353718757596     
   2.3527304986977211        7.1075701707607886        6.4296557006861041     
   2.3537577577732338        6.4157819169864210        7.1594510545447232     
   1.5306888056195722        7.2460850389552354        7.1571677054155849     
   1.6262381310782090        6.3440395002739267        7.9455393411521449     
   2.3629150584054761        7.1920525127858541        7.9449795785979198     
   2.4906970846312442        6.4098615932377587        8.6639587371748661     
   1.6035657423640264        7.1322506571330297        8.6647262779800389     
   1.5621074596696847        7.8368032829050422        9.5133839962899618     
   2.2508778529750413        8.6288336478103105        7.3524311715184601E-002
   2.4456849610193077        7.9536490070254446       0.78236231189393846     
   1.4954232855043075        8.6738890094614867       0.80237577594513299     
   1.8028713079025669        7.9450014635789605        1.5568859892130358     
   2.3500344165037625        8.8313078701066416        1.4847560342436557     
   2.3387110278721179        7.8942788801583594        2.4402653861905144     
   1.5432175145045184        8.6401264876155768        2.3738955877858996     
   1.5829605549380330        7.9987577667005052        3.2454063326710827     
   2.3700707858108165        8.7930785825422166        3.1913995361654086     
   2.2484667231823794        7.8405143360979039        3.9991244402206521     
   1.6902960042381376        8.7507854237768274        3.9602606189650795     
   1.5210387223579764        7.8861792126604655        4.7232988084510836     
   2.4201279257877863        8.5671221760437319        4.7342666821485357     
   2.3487872092135942        7.9600610689843947        5.5755859247798281     
   1.6590925633889286        8.7335783463043430        5.4881860401106826     
   1.6347776386181068        7.8933654684007024        6.2777345715479971     
   2.3715384416786387        8.8650740075299304        6.2202380210664083     
   2.4034284346461581        7.9153601626927452        7.1712058974562050     
   1.5391410055495105        8.7524105324000807        7.1634436146701166     
   1.5698171003008943        7.9316410142003786        7.9261501964478560     
   2.4046797425102278        8.7256547926761829        7.9455287122479037     
   2.3223049503520143        7.9526490578695155        8.6998219093000628     
   1.5908076539764415        8.6860388785987332        8.7123555876860870     
   3.1043990268910586        2.1785182778429970E-002   9.4591218591427992     
   3.9779370106564667       0.78539631223107820        9.4962668413491329     
   3.8930934894661986        9.4286680705098345       0.70568760216470994     
   3.1594146614565042       0.78264466995388149       0.78331161659465820     
   3.2723544709863286        4.3369294917283176E-002   1.6013839749253260     
   4.0531228138826698       0.83463133436842685        1.6044331247287671     
   4.0000304971033458        9.5105011676787488        2.4366575554876699     
   3.2716601807231589       0.71486043192425242        2.3465149904596885     
   3.1636246554473511        9.4727499851180514        3.1839668870545221     
   3.9242735825556285       0.80476225443986071        3.1398774294261287     
   3.9305751730189020        3.8281542942970634E-002   3.9702012281296160     
   3.1866041970434900       0.75278600547113084        4.0390641225375647     
   3.3138877696789821        8.1133589612355339E-002   4.8235088874202114     
   3.9562820208756140       0.92597094774389399        4.9288999850857795     
   3.9340618270422967        9.4632639299483952        5.5814044659576192     
   3.0782273666354683       0.72217777589472865        5.6351723503355737     
   3.2385113625838442        9.4843130358639947        6.4105553177515278     
   3.9709921303206372       0.82953063717207853        6.2905178483831206     
   4.0077875061653812       0.12972108767024088        7.2773639725666355     
   3.1189026811409590       0.74553980425651178        7.0825454242506209     
   3.2094983367589509        4.9036134217698618E-002   7.9617454227156017     
   3.9691298742076566       0.92329874282323421        7.8778662336666772     
   3.9550997247772250        9.5138288453191855        8.7433895589022459     
   3.2080229576507864       0.76981669626432636        8.7622595380887756     
   3.1383198430829395        1.5776333034035344        9.4924622769868279     
   3.9690347767474421        2.3983913649954385        9.3678350936252830     
   3.8691006487218935        1.5442828588272146       0.68549314029229480     
   3.2480519327817441        2.3803516990653382       0.71639923400381245     
   3.2139678137856249        1.6800891236763291        1.5077560687952325     
   4.0172096181957482        2.3280275326687998        1.6100047070668868     
   3.9646398133854710        1.5278929703681572        2.3566564236261356     
   3.1330918370836369        2.4077870199291853        2.3864641412368530     
   3.2306462344412092        1.6575289566758711        3.1058813115912653     
   4.0061727843224073        2.3186835716538030        3.1519100489292620     
   3.9313790002068343        1.4990464508025740        3.9410655983552974     
   3.0661968370330350        2.3213353969678967        3.9241266177186169     
   3.0600476941070927        1.6333920324083768        4.7568890322996298     
   3.8951221565556939        2.3445421556196848        4.8219858942373843     
   3.9066559461169947        1.6838079566068866        5.6142501932742563     
   3.1161429531786284        2.3618832046469094        5.5261600375410316     
   3.1196287819025259        1.5729567839263803        6.4451703162220779     
   3.9296466188798460        2.2937851440149917        6.3395208978877902     
   3.9630796555850374        1.6219212788871389        7.1216565387555573     
   3.1402414142786355        2.3982882061332962        7.0680966114889845     
   3.1585719575976450        1.4892980866886634        7.8585165189870851     
   3.8291270612567234        2.3577796831130802        7.9422905746219010     
   3.9822750471621111        1.4990019907952119        8.7317158486433417     
   3.1858643378579972        2.3776374225956931        8.6701501354514541     
   3.1940097833900127        3.1546164375525949        9.5148492780973886     
   3.8772925694624742        4.0032983149021124        9.5145933615326470     
   3.9961309900761601        3.1619546555149465       0.94449688268903376     
   3.2456345365458295        3.9833528258178639       0.78067031128953879     
   3.1946359599770631        3.1046130426941927        1.5658305454330657     
   3.9913049427417224        3.9832917631079003        1.5897354300345419     
   3.9570046583700993        3.0965236428761203        2.3255102778452335     
   3.1645202528958687        3.8994290416087498        2.3343531619924645     
   3.2384185244503962        3.1146941395629737        3.1238714837061075     
   4.0420337697770288        3.9169983155144439        3.0452797766440982     
   4.0068649389636937        3.1665260130607518        3.8581314852224380     
   3.2039022799393813        3.9766356935643388        3.9783680978386151     
   3.2185929390095014        3.2628320683717380        4.7710114369478047     
   3.9880138196553796        4.0586163248380380        4.7238117437674711     
   3.9222179588110673        3.0879505325654364        5.6252142051210550     
   3.2853839987165667        4.0562215378156363        5.5103157378704450     
   3.1429996269547091        3.0735827602997330        6.3010900079438423     
   3.8851014429170734        3.8357127830513877        6.3652257731569835     
   3.9729476561071464        3.1673822115949064        7.2043450589572906     
   3.1866719540944910        3.9624535757111841        7.0592878180918630     
   3.1751490636046276        3.3113663588497499        7.9995186830993248     
   3.9887788771656436        4.0050081564990530        7.9164585998286441     
   3.9143107310879532        3.2604714890680411        8.7556082646339419     
   3.1357194239966848        4.0164590523837207        8.7016777127416027     
   3.1143333296841713        4.7685111360117283        9.5187094703930146     
   3.9377245246918626        5.4823427993666067        3.8196888528300763E-002
   3.9121957648683274        4.7802314669812400       0.83623806794333622     
   3.1169882952063550        5.4459048111306103       0.83387426543068832     
   3.2091372035741697        4.7462596706173867        1.6440122069810523     
   3.8980078128567750        5.5918194949031363        1.5579683252015315     
   4.0425464528147321        4.8433559626553624        2.3518411213162653     
   3.0810169305756947        5.5183998002663399        2.3428302783159078     
   3.1205331827047522        4.7655170456793012        3.1423408678517899     
   3.9469494581068054        5.5236727459502539        3.1884251159447956     
   3.9550090113179088        4.8287583672131387        3.9340673179128869     
   3.0872642548772080        5.4998452684115238        3.9198542940758694     
   3.0707749231088108        4.7543996314819967        4.6683098847156668     
   3.8393913430186144        5.5002781002879431        4.6757778801699246     
   4.0173440144115036        4.7993892191145804        5.4761961096337464     
   3.1191967517392145        5.5767169346665595        5.4449620647961616     
   3.0531206696162623        4.8046683434406559        6.3168547265145385     
   4.0436815430392059        5.5131948405150730        6.3740853988937642     
   4.0521069928858333        4.8316114598474149        7.2894250284764821     
   3.2893532999857613        5.5625244912333169        7.0674325488957486     
   3.0940257204042210        4.7944338468743686        7.8246955697603475     
   3.9942601007171921        5.5589804508190479        7.9646575432798352     
   4.0471874296293411        4.8542106161238845        8.7704642227491103     
   3.2105563713377605        5.5160453724195362        8.7782261621914675     
   3.1597955804198299        6.2446216009640718        3.7246091358928153E-002
   3.8465862671478157        7.0336836661402176        7.0175788902885797E-002
   4.0031188827792406        6.2631632348853685       0.76772337227637211     
   3.0774048393036453        7.1724047653072533       0.75184779716892658     
   3.1734249576387374        6.3211180774706914        1.5493687640785687     
   3.8275055615751268        7.1921795577763135        1.5970548923957002     
   3.9219686256202224        6.2340842832253909        2.4458882908131190     
   3.1633874503042172        7.2040849353544649        2.4394745330482484     
   3.1682028312999502        6.3954766595059587        3.0969654451113593     
   4.0962720394168377        7.1583422149429472        3.2242573828702361     
   4.0151753556031586        6.3639278861132436        3.9401219408560362     
   3.2539373400273930        7.1102287243979969        3.9765629032752696     
   3.1989563501447256        6.3956687417008693        4.7107788056020912     
   3.9986343956796655        7.2282145746937259        4.7871295827660463     
   3.9733960737313327        6.4494682388840845        5.4429466557802657     
   3.1694607495325031        7.0786490737529633        5.7045652753215652     
   3.1588613133171521        6.4341375366916562        6.5148606781532052     
   4.0304978833135339        7.1025880132392230        6.3074811681361549     
   3.9739321721486718        6.4824738210531621        7.1245117577690893     
   3.1965995628461132        7.1636891158434484        7.2444202918344462     
   3.2283873807320345        6.2694168142698867        7.9348169558542452     
   3.9845128294892325        7.2530698993709581        8.0048818048051231     
   3.9218605892151328        6.3718622156535183        8.8170075231584324     
   3.1823968911284357        7.1344490880857068        8.7836056463942604     
   3.1412029033313709        7.8941906855826964        9.4484733118756914     
   3.9293798321988267        8.6268871584020150        9.4760553247981356     
   3.8847571365799780        7.9073656146323525       0.68585742798633176     
   3.1989038008129098        8.6887884227847714       0.78926411799576923     
   3.2208534564405746        7.9854904610378110        1.6052767906022334     
   3.9275248222433947        8.7610284032986634        1.5727421631279139     
   3.9791295625892893        7.9955856105681118        2.4462940486530758     
   2.9978080592298402        8.6724630006871468        2.3463011045499003     
   3.1014546453679777        7.8907925095478681        3.2705744925395379     
   3.9296444533774553        8.8067171876970658        3.1603127158300106     
   3.9606130914141877        7.8930545622310344        3.9751775382980803     
   3.2312761156429235        8.7510294465948100        4.0779661536740113     
   3.2357192050416193        7.9363953717061131        4.7311331543587114     
   4.0402775482686506        8.7436431131908012        4.7748515409382630     
   3.9566085493960013        7.9309133838260575        5.5735222158786195     
   3.2120906073191065        8.6965032047816653        5.4778928281538715     
   3.1367172981864444        7.8762961307117312        6.3751342756835347     
   3.9203103476840191        8.6693625493720230        6.3329463050634445     
   4.0073402639504128        7.8260447446629282        7.0815765781560795     
   3.3699301133658430        8.8229775368434140        7.1990706088281184     
   3.2026589913524246        7.9710035459954494        7.9243315123192453     
   4.0011250563932901        8.8475314252209323        7.9801378664181177     
   4.0039362705508976        7.9367643809574080        8.7191431968998483     
   3.1500394079743437        8.7167348087562964        8.8246011989731343     
   4.7578840613442273        9.4282626831522673        4.6036096277364207E-002
   5.6465270167935593       0.82923478367544534        9.4831251502275578     
   5.5699346755011705        9.4071859108326326       0.79792756154998434     
   4.8479861947777296       0.78015392593776800       0.87536933876945267     
   4.7786792591057443        9.5139891698278021        1.5573381331557374     
   5.5363643856187608       0.73961866212224581        1.6754930881170533     
   5.5259497489146749        2.4592376715662403E-002   2.4172074781521973     
   4.7433366242133852       0.78582845594044715        2.3811041568787985     
   4.8047055437799440       0.10557334192974123        3.1390152113188967     
   5.6590188557729419       0.78859098962260765        3.1483125060011221     
   5.3924827691295905        9.3987236021847469        3.9420541865868226     
   4.7867936858070710       0.93316391289497391        3.9715690398586840     
   4.7458357154920554        7.0141058732210312E-002   4.8402954433009180     
   5.5508646135807727       0.77124094179498615        4.8658723935277681     
   5.5964634521785674        9.4918306117498830        5.6997619642834678     
   4.7874773361044500       0.85001009988654896        5.5766407631621950     
   4.6651984363726333        7.3916476276159160E-002   6.3938420843137136     
   5.5329344227698876       0.93758673525610370        6.2777131537160376     
   5.5496085814479139       0.10724126960454050        7.1526864058338786     
   4.8107963664268079       0.79929296033651553        7.2722184346422445     
   4.8654120422886660        9.5137947186293079        7.9729453840790017     
   5.5718913688828335       0.81379765794586956        7.9972571786901216     
   5.4979854116870204        9.5036437965755951        8.7665713202144548     
   4.8413695108285406       0.86158257158622886        8.7334335592111483     
   4.7781343556309608        1.6245863500236530        9.4682503795264505     
   5.6704427370734845        2.3545421578033068        2.5951674850078012E-002
   5.6631650868384273        1.6732981820994322       0.83966778183238233     
   4.6664359905542154        2.3315939866077158       0.75218919829599751     
   4.7575743066422076        1.6125085259735499        1.5533716760265099     
   5.5456102681893276        2.4542555635770649        1.5068640825217590     
   5.5014756422363016        1.5869294909023877        2.4043124736485990     
   4.7136573912133590        2.2833177183607178        2.3641478617655718     
   4.8130812904026827        1.5526125947431728        3.1674216031195441     
   5.5001713639301064        2.3286994772554590        3.1923195229252701     
   5.5545901719876021        1.6545694735318337        4.0635107302054774     
   4.7010888608178183        2.4159202512928615        4.0186547760966311     
   4.7291714067273647        1.6808491077224972        4.8325012683462116     
   5.6352021339384342        2.4035179797612360        4.8415861235162199     
   5.5144732090966144        1.6917761615579139        5.5845449889329553     
   4.8154542870870936        2.4824570730060831        5.4854631227316482     
   4.7199305127637867        1.6338228113704802        6.3054292709451394     
   5.4223751941419733        2.4303792790196539        6.3693306775283469     
   5.4880881473191936        1.6253008241528073        7.0611511516314227     
   4.6221520303499926        2.3893081683843023        7.2517589922083738     
   4.7189123201589149        1.6558952158265379        7.9415408958574210     
   5.5162346217541023        2.4168507970555764        7.8879765701975355     
   5.5664650420584065        1.7029354639159029        8.7222622662339493     
   4.8395948554215771        2.4218656995107208        8.7539833114001713     
   4.6642282535875843        3.1437844866698086        5.3823215645007298E-002
   5.6045781564127441        3.9173877735296023        5.4611932879610470E-002
   5.5603805551792567        3.1200315896738617       0.70313530444181516     
   4.7935531707212098        4.0513234485367544       0.87150822370915004     
   4.7791276826706310        3.1856900927480511        1.6341012120599172     
   5.4497643330464927        4.0628354899508761        1.6170204795799825     
   5.5354410816060282        3.1792191210736607        2.3405090162696860     
   4.7533622243018430        4.0693011389553435        2.3471284521541906     
   4.8347138019646465        3.2420991954294900        3.1817071787530362     
   5.5575721975545527        4.0085573323121855        3.2665220085926840     
   5.6253228163259461        3.1430300979503563        4.0465353641223611     
   4.6873090063947744        3.9433844918851859        3.9972524758037506     
   4.7307310222667729        3.1922989692399053        4.7275522937974630     
   5.4973467772904812        3.9187842332858018        4.7653554212632967     
   5.4570460417403011        3.2512749478211616        5.5030118932603260     
   4.5758233161912587        3.9544927540336943        5.5820195366457677     
   4.7027575786485061        3.1264670542064938        6.3574093269353309     
   5.5683426886729794        3.9864089730647398        6.3903194136722110     
   5.5357860285774505        3.2217483667322631        7.0915792705135665     
   4.7820792604790459        3.9669199940138551        7.1152509235619465     
   4.8382336084987010        3.2059205147450540        7.8778365425913037     
   5.5375406099472926        3.9565313998133504        7.8739419203400862     
   5.6561235738865943        3.0873377434616938        8.8535451464059314     
   4.7467813305833486        3.9599376547638006        8.8793809621256070     
   4.6855721706999383        4.7237051554812206       0.14067834071153956     
   5.6279370123022723        5.6617561307743127        9.5182047200298499     
   5.6008758155410039        4.7710082935065703       0.77385710934170104     
   4.8596605476225472        5.6190211452764256       0.91299749495602078     
   4.7933252396207893        4.9020457594840803        1.6217773960071327     
   5.5824599523683656        5.5738213284793945        1.6108117250079954     
   5.6080472436509581        4.7472407793340405        2.3662571164660049     
   4.7482861084252530        5.6093230045193323        2.4603646521736455     
   4.7794157286548540        4.7870165965786180        3.3181617328487034     
   5.6268721691509240        5.5389926126866724        3.2310670616034329     
   5.6138970208986239        4.7019192537042134        3.9886654296925603     
   4.8164647419910596        5.6110966641409759        3.9406330692668790     
   4.8695910021497362        4.7249747754226208        4.6485169070232946     
   5.5829820958340051        5.5093153288031651        4.8069678117446610     
   5.5295667802920132        4.8406945252785958        5.7088996749792917     
   4.6699509247267477        5.5339622218222333        5.4094879498910071     
   4.7344434315626405        4.6566433377239704        6.3646264582382335     
   5.4988920850532814        5.6225117314461963        6.4183311617580827     
   5.5306176839919097        4.8505316228073019        7.0751707412862110     
   4.7346781142640708        5.6593644981174496        7.2029547549963517     
   4.7949241304099806        4.7086813403724843        8.0964058076084324     
   5.4853049232512969        5.4985600967276547        7.9001197954917952     
   5.5733613159196711        4.7068983875368335        8.8463504881893762     
   4.8684183724684269        5.5618785907338752        8.7489330101320526     
   4.7618792332000925        6.2927796868265844        4.8478135406389768E-002
   5.4492253903401009        7.0988947375550282        9.5012398570187440     
   5.5349333298865089        6.4868378574110190       0.78194515792715036     
   4.6233885122129443        7.1066390882753279       0.77392848701598815     
   4.7984030337181558        6.3341100083796205        1.6885439440271166     
   5.6060796814139326        7.1036437548230156        1.5430630766222675     
   5.5940367408797220        6.4066603843797552        2.4356799015603192     
   4.6129780222372228        7.0388333178647624        2.3686191220482145     
   4.8979205868836893        6.3596735346600921        3.2216262400766826     
   5.5984259021568690        7.1155144724581731        3.2354070324618465     
   5.5996713429289668        6.2818234214838489        4.0499113491843497     
   4.9140610947921672        7.1242558315887914        4.0081836834245541     
   4.7593309684587863        6.2681340786905837        4.7415615395682140     
   5.4498597802976860        7.0480806385182584        4.8661511868076861     
   5.5718778336590518        6.3745106350228058        5.6286202460991888     
   4.7645343491332444        7.1847083259627622        5.5732825172550662     
   4.7920917667043801        6.3887383590847246        6.3047757582764907     
   5.5817874223369301        7.1596161946518091        6.3309367857049770     
   5.5671106766379390        6.3231329209148797        7.1856396692734839     
   4.7909687722055878        7.1897242651773929        7.1528544161061749     
   4.6356290229082049        6.3733092537612936        8.0131253671524245     
   5.4259281866001787        7.2592772101091922        7.9643126778948030     
   5.7178736712484319        6.3732349027397168        8.7425179484471212     
   4.7263055692172120        7.0882713034572786        8.7513978492862723     
   4.7060803873541133        7.8965484891204483        9.4729357888220793     
   5.5646197531260597        8.6901139745832268        9.4968818451343910     
   5.4262860918322025        7.8829481932354186       0.86755111086695602     
   4.7075057747703157        8.5944730144374333       0.80770645301819255     
   4.7186857967989040        7.9421402122137446        1.6453725067955691     
   5.5885779104859719        8.7706574790778280        1.6469728777583610     
   5.5004481037949313        7.9354137579588206        2.3609583439359363     
   4.7418284363565446        8.7536613253402678        2.4039286550990080     
   4.7109938260947928        7.9989498282427762        3.2796337467839773     
   5.6209950084035469        8.7058304029685694        3.0811887257694441     
   5.4762650320309261        7.9824159651496283        4.0009943202306228     
   4.7026757897024511        8.6902624035688980        4.0026783297099326     
   4.7611657536152121        7.9765896988817735        4.7824383800173127     
   5.5401258266283584        8.7776694727876823        4.7453934435829401     
   5.5366793997021837        7.9367130791932796        5.5211245426689723     
   4.7039165924431101        8.7569684905548471        5.5394433301599069     
   4.7027192656922079        7.9097211555620861        6.2744743329479684     
   5.3773275066660426        8.6992096828490943        6.2973506466101519     
   5.6769352228302585        7.9906206059406468        7.0888602762145885     
   4.7057807031014560        8.6475240336810284        7.0427504310261799     
   4.8239170051301121        8.0765149649678474        7.8978166193163295     
   5.6035703841372486        8.7704451239654979        7.7963583465971826     
   5.6131725968793802        7.9527760979261473        8.7841739434738955     
   4.8011834417800499        8.7312438656567171        8.6743793405463467     
   6.2511905486131800        9.4947941199104591        2.5076121854427152E-003
   7.1703645789694272       0.85084353363490239        9.4001638717561562     
   7.3009710257441034        9.4921384899817998       0.78472246585972827     
   6.2611944911711648       0.78261500061802336       0.80235288356947509     
   6.3092482867484696        2.4830616341558771E-003   1.6554353279958747     
   7.1739760396187648       0.82697133320871707        1.5798162203100863     
   7.0773428847656490        3.9553790886212217E-003   2.3633240544342669     
   6.3655018749374879       0.83017046302444075        2.3076164494970284     
   6.3097189027267424        9.4790840287836229        3.1518833931968340     
   7.1573707593217959       0.79225570602371631        3.1733788257465192     
   7.0643093722603769        9.5243854174638649        3.9893776301558024     
   6.2631291038569010       0.86733271144985946        4.0294759001781983     
   6.3908776497507294        4.6499771421457621E-002   4.8463905108337775     
   7.1525590372379977       0.83674144691225083        4.9319769830569768     
   7.1576129436048479        9.4572390785558635        5.5413141529249454     
   6.3391880345554528       0.87481186497774266        5.6281899832549191     
   6.3524771512036633        5.6828749948832158E-003   6.3212810584697037     
   7.1410961577669054       0.88879451714803903        6.3429001459071177     
   7.1096797206202007       0.10815323149898268        6.9739439368467329     
   6.2986696823736059       0.84121181315192461        7.0925986671794208     
   6.2672756928246178        9.5149818543536249        7.9567153436271312     
   7.0937609796849426       0.65227323466771381        7.8852162838128690     
   7.1158087471302744        4.6961723850722975E-002   8.7653268944540432     
   6.3594579144142207       0.78553406949076143        8.6669064377871425     
   6.3449508328191868        1.5834140682570981        2.8825347771515046E-003
   7.2290016000156827        2.3663604026939264        6.2598657611202119E-002
   7.1076467737945537        1.5928066600517121       0.77760705271811270     
   6.4130578070041340        2.4460877791817084       0.73852317348071528     
   6.3637980851790745        1.5764856102557649        1.6281737720104332     
   7.1401035520973339        2.3236483304743163        1.5208838622628120     
   7.2039347294477771        1.6390102648459457        2.3604462035682672     
   6.3583670146311633        2.3527156309091950        2.3740641589785456     
   6.4131353115908265        1.6110008937369269        3.1870603793611583     
   7.0530677203356653        2.4086591171384373        3.1556645725214971     
   7.0677247663279710        1.6187766060654216        4.0265451231559943     
   6.3784734396618239        2.4427269860064595        4.0952362320533782     
   6.3458402554906312        1.5704200302079248        4.8232816633709676     
   7.1723125213112047        2.3574844903501462        4.7971962480633135     
   7.1592329249841962        1.6809275024357080        5.5070143318889029     
   6.2914487514154516        2.3653051053871947        5.6338030573462108     
   6.4524813385254998        1.6411713411506768        6.3546313117026729     
   7.1618462744836791        2.3604104335263627        6.2847032625410408     
   7.1188459030077844        1.5319002878444727        7.2124295528648199     
   6.3638414613141761        2.3856787472154752        7.1222114590173335     
   6.2304428631545985        1.6146797856153883        7.8659726114246018     
   7.1265439637184480        2.5047620926997176        7.7894374173735343     
   7.0997391433141015        1.4983816960605223        8.5790785068733193     
   6.4747346949028790        2.2648869425763891        8.6603280306019226     
   6.5082090823442629        3.0688727340821225        9.4221910017706527     
   7.1268312620953562        4.0113031371103904        8.2382434892271178E-002
   7.2609045145847064        3.1154190465341842       0.89370701664159680     
   6.3641465409432421        3.9865821466597886       0.74259728065268182     
   6.3390999087692457        3.1485550226713976        1.4965587839089620     
   7.0635125295909207        3.9351013139738411        1.5511800023304023     
   7.1396531771040221        3.2331155717195341        2.3704621187039483     
   6.3121654791558646        4.0289513539424462        2.3166843645271999     
   6.2415838585854200        3.1736864499973092        3.1616155658164447     
   7.1407805510606686        3.9669957531070357        3.1130127423266094     
   7.2144701356037135        3.1143435816814629        3.8531012032375038     
   6.3247493471559642        3.8926314690081116        3.9995896524591830     
   6.3645781497059737        3.1188329395013441        4.8674072758455988     
   7.2126210556716241        3.9060156998025719        4.7250323924798705     
   7.0981609759791358        3.1669273267002014        5.6372417383354589     
   6.2651009893895768        3.8779715968760922        5.5041756211203277     
   6.2023977101950569        3.0916690526686930        6.3403251638611069     
   7.0339550353368638        4.0821786963085964        6.2651268286111979     
   7.2324722125648853        3.2317879723081795        7.0994864377728915     
   6.3925440697515317        3.9788602684175745        7.1013036123179649     
   6.3433982370574258        3.3169509542413307        7.8832233429743228     
   7.1789992857355154        4.0624948447719023        7.9905302962824436     
   7.1417752723717820        3.1124098315330095        8.6299984963976559     
   6.4507874429094993        3.9347061505752796        8.7513515566684514     
   6.3496080055094888        4.7882953081970552        9.7335654872938958E-003
   7.0754805759071706        5.5703096311369986       0.10416473130350408     
   7.1296803914041629        4.7809143836083283       0.79906157940272216     
   6.3037212214530705        5.6577247521041496       0.79229735242231347     
   6.3547834950253934        4.8540748255302031        1.4668645253965935     
   7.1781241831990421        5.5606762502309000        1.5704499414761031     
   7.2723596482903305        4.7561561329766509        2.3632374001996248     
   6.2648744209535323        5.5174611422265176        2.3541526385548601     
   6.3774311895169493        4.8212862232900200        3.1842637126419140     
   7.0917903507225519        5.6941288611757006        3.2471011868107711     
   7.0872427643256843        4.5954172052905484        3.9557430198667647     
   6.3995514858527738        5.4809459951493782        4.0070696143783655     
   6.3208952031303021        4.6849909881107266        4.8186684334646062     
   7.2241623665858423        5.6060116878777544        4.8037573754287788     
   7.1693724489558424        4.7730120573686508        5.5289635654733198     
   6.3871983209639147        5.5376964162152342        5.5584861777634833     
   6.3169767082077364        4.7745854674095289        6.4388082643547362     
   7.1505399575327528        5.5539050353651618        6.3017849030141537     
   7.1051963964413787        4.9044365994818477        7.1695203700037249     
   6.3645759915070119        5.5793769472016752        7.2844192444754245     
   6.2953450813958218        4.6464089156733417        7.9461266778886648     
   7.1910557325391071        5.5958432058583014        7.9709680424794751     
   7.0362902718079132        4.8180322907458208        8.7920042945568042     
   6.2749939344999150        5.4966124032947672        8.5797220651541029     
   6.3712550311479115        6.3761683100138526        6.6286874066813231E-002
   7.0882311909991458        7.0811521207506329        5.9837310605384338E-002
   7.2852202942411450        6.3271776207743580       0.82973650227056062     
   6.4097026846751497        7.0691954912313246       0.82467353834364721     
   6.4094874936841304        6.2912960488992837        1.6008857818167554     
   7.1662238875960149        7.1662669271160251        1.6345076639766136     
   7.1637992679555529        6.3023232331550725        2.3507664871088627     
   6.3121447188961772        7.1310208881634525        2.2867838224270587     
   6.3330654237690336        6.4019389440884478        3.1905794626239028     
   7.2280456145325216        7.0272015373119485        3.1314773585262783     
   7.2104040517489674        6.3605320048957124        3.9943828289597860     
   6.3690653973889573        7.1889872473433094        4.0005131145793698     
   6.3638383844943895        6.3007783280716883        4.7223076816701637     
   7.1858903407649413        7.1811496829152075        4.7579882870887245     
   7.3074954275032660        6.3892053721825564        5.4834529272635262     
   6.4478445509770150        7.1064108516372988        5.5560174945315612     
   6.3527041170298313        6.2663533498623458        6.4062272427227658     
   7.2117132953639480        7.1242088352694672        6.2883595340969851     
   7.0693910415898005        6.3092595488327143        7.1708503115685147     
   6.4503040995210315        7.1484277764707826        7.1991430710849764     
   6.3620268549430588        6.4152634272271341        7.9616734301979459     
   7.1341841408353037        7.1711131471235721        8.0044586835308245     
   7.0584178453609949        6.3822135869711270        8.7228080264112151     
   6.3253640448375883        7.1879239059099742        8.7179197908550048     
   6.2662051829263543        7.8186030527123851        3.6555612115664493E-002
   7.0611968611246771        8.8287121178439705        9.4962527317143532     
   7.2246288807492647        7.9172696277917280       0.73926871621933476     
   6.3270278371175950        8.5877813420509792       0.77799608845845802     
   6.2993094321623282        7.8728400938745384        1.4872356358547369     
   7.2068096380846258        8.6745712689207757        1.6969026835389762     
   7.1489201084546039        7.8974034564719791        2.4394560591487693     
   6.3604426731311507        8.7443467146737053        2.3394812546728643     
   6.2882065367750828        7.8954729337706606        3.1077265428135319     
   6.9988311408600525        8.6624460110007533        3.2232516070882009     
   7.2776737158585254        7.8710432904272931        3.9579576176059419     
   6.3024900796049330        8.7342300260784622        3.9703066207935156     
   6.2627533578452574        7.9635605436389953        4.6328654965877787     
   7.1166036288178232        8.6985435661440089        4.6906170412047015     
   7.1769527262680430        7.9549995421266706        5.5623324573962147     
   6.3138199078544117        8.6764925273884188        5.4807014375782863     
   6.3706800476412520        7.9858006951571925        6.2676499501949730     
   7.1891595884605737        8.7792497726536851        6.4138873045446916     
   7.1839659685462953        7.9186050605740537        6.9842160030382985     
   6.4059389974391516        8.7340367719063767        7.1265022031294309     
   6.3992707126995638        8.0343726272269365        7.9661896133296741     
   7.1146855226287631        8.9257775140534967        7.8994519219637827     
   7.1476893225968681        7.9000040649363248        8.7923318665944787     
   6.3863259213570513        8.7621982531186688        8.7218238509087982     
   7.9390587976708495        3.0853165061929210E-002   9.4504659183571516     
   8.7247584797937368       0.78120559841714943        9.4771107286862275     
   8.6515240763232342        9.5174565631271157       0.73373025033473971     
   7.8557891846853094       0.82017623388621719       0.70141576927524607     
   7.9778242058698208        2.8788655903438471E-003   1.6917136939334985     
   8.7424578296080160       0.79236710925727116        1.5775052909689566     
   8.8027365419094430        9.4659703991164523        2.4749195489891656     
   8.0543512932150598       0.85042769266631291        2.3069019970895295     
   7.8775413899776803        7.9414039140075915E-002   3.0377912579796384     
   8.7292617885631802       0.89153722797826329        3.2154235303824388     
   8.6358911022994977        6.8461835074516714E-003   3.8836180227633403     
   7.9273942553385988       0.76552155863182370        3.8980719501469436     
   7.9138852263357631        9.5107265718088527        4.8469973635964934     
   8.7286362742845522       0.78804925346476917        4.7442677465669227     
   8.7589029608686388        6.4586180391562761E-002   5.4693056917442995     
   7.9613304316356484       0.94814063821579064        5.6487911976639023     
   7.9711427906379333        3.4848208522912150E-002   6.2713910748994293     
   8.7382633735948545       0.70768431182682034        6.3064826472757689     
   8.7157943773742677        4.4213430114711787E-002   7.2047212108180316     
   7.9415552746763680       0.80199317812367499        7.1885929946629163     
   7.9988125452782075        9.5057811554131959        7.9409918600599028     
   8.7384238944507402       0.88365640979666737        7.9931954114630477     
   8.7433580621089355        9.4423547020777647        8.6864046320073172     
   7.9852767921228809       0.74662254496286484        8.7141643592180156     
   8.0490470313233740        1.6362540260173521        9.4731266413367212     
   8.7867203235087210        2.4369679645263997        2.5167792408747731E-002
   8.6073299369386493        1.5162254064317071       0.79870334704453749     
   8.0503344592744224        2.4148218243237607       0.87338820326647049     
   7.9224900480939704        1.6103284362111869        1.5870180914018532     
   8.7822138794189346        2.3666444118232901        1.5749657289411607     
   8.7690571334271485        1.6385588252818901        2.4389296931686473     
   7.9214538288814298        2.3445791044582061        2.4101046134088207     
   7.9888533111805966        1.6174700944563509        3.2261570416075624     
   8.7189179353496762        2.3529194391737391        3.2016463141387752     
   8.8680095404136612        1.5935986641786619        4.0175740760966869     
   7.9197877016892102        2.2789456039407008        4.0233887296199589     
   7.9697148734554437        1.4389363862479365        4.7156966291538529     
   8.5952575521732797        2.3369837631881039        4.8757321110580980     
   8.7372617982343925        1.6010331222531624        5.5612683022450424     
   7.9900472604749657        2.3410324447505353        5.6661215077450207     
   8.0093399867472765        1.6243650550811828        6.3773762062667707     
   8.7784040149113025        2.5031752930781903        6.3268612993202202     
   8.6584551089427659        1.5894241863454992        7.1068078587284154     
   7.9113045330711413        2.3426686575097637        7.1624726260960081     
   7.8575512102350968        1.5500854641545148        7.9401584098212412     
   8.6834955029226801        2.3845096087824236        7.8475518805595694     
   8.7050220585233067        1.6566692206290337        8.7159470497633365     
   7.9941435122995923        2.4643288968726531        8.6317697170488916     
   7.9227845983904812        3.2292569654725032        6.4794241845786013E-002
   8.7434186535818963        3.9838045716114241        9.4937454198515603     
   8.7671445892595710        3.2151625061551674       0.70850268683144668     
   7.8544144900988719        3.9871350462629853       0.80276659272014972     
   8.0805009974203070        3.1501332708780843        1.5861253387624683     
   8.6939751287898268        3.9354156263453386        1.4996644064616225     
   8.7380915626457050        3.2382576682099531        2.4462643770449271     
   8.0055263719106069        3.9012058897872808        2.4127733488770944     
   7.8898639829014661        3.0884114891585885        3.0916239857003225     
   8.7821962036648227        4.0277204371019018        3.2124031809868887     
   8.6444754283937097        3.0844550327125821        4.0241016167624046     
   8.0341529695354943        3.9139310656232649        3.9194030571098422     
   7.8523250608208217        3.1351602750125358        4.6521208415035966     
   8.7888747207824736        3.9402200824078446        4.6721013499746968     
   8.8133136878756062        3.2861657016222896        5.6108473237424956     
   7.8994970115884255        3.9029416201994667        5.6380747091174968     
   7.9615665308208792        3.1839066830595240        6.4213592769863572     
   8.6528918281743987        3.9708264834454550        6.4414427726060142     
   8.6638518689520350        3.1738234327269832        7.1974598724810930     
   7.8095005238575608        4.0491755351957011        7.1669113820315751     
   7.9725443318150404        3.2505187792061867        7.9746039318015285     
   8.6893467809912401        3.9648787564809647        7.9338037614310473     
   8.8635525526617123        3.1013794745083794        8.6991359933113799     
   7.8289637070782430        3.9829835416932142        8.7897910621857669     
   7.9014331382347178        4.7783249828154952        9.4949050482861335     
   8.7059934901275469        5.4900238488537045        9.4094719612286148     
   8.6380288272217847        4.8878173801445195       0.74869602100043520     
   7.9018208776971788        5.5365005173185207       0.89750114407541648     
   7.9142332603071148        4.7340049992374666        1.5838001209697565     
   8.7066223150418711        5.5994086079780789        1.5942201628836596     
   8.6289974452987916        4.7391705189364863        2.3896281354993967     
   7.9053391481826276        5.5868255619586593        2.4166675030311056     
   7.9637359184205563        4.7217371335603859        3.2576289057713055     
   8.6356297548372254        5.5893636874643011        3.2318883539680203     
   8.8014712815451706        4.8528669392457040        3.9888928392417489     
   7.9816283537019004        5.5141254886171014        3.9918688285757291     
   7.9765904052475607        4.7662693552205058        4.7430742664139176     
   8.7370620717079905        5.5275861277165106        4.7992153189518687     
   8.7676923264343980        4.8582466066387155        5.5973808047803999     
   7.9697825674346694        5.5418657872748884        5.6349466097174918     
   7.9284278357327693        4.7221655644883338        6.4100227857440997     
   8.7870062381770122        5.5126701324236791        6.3953400762756356     
   8.6852897426632403        4.7633245129602768        7.2041074985913545     
   7.9577030804236113        5.5212566973016513        7.1051400037593471     
   7.9418407809845775        4.7359312707378880        7.9624779893806501     
   8.7325791803578934        5.4897507694928835        7.9590933048616170     
   8.7996080196067759        4.7206350806344259        8.6975411856485252     
   7.9545673685107969        5.4307654850228975        8.7041252772169759     
   7.8616554919634085        6.3156848714273846        9.4156809935786772     
   8.6422218523999597        7.0710765417096013        4.2428469447190795E-002
   8.7467483521195835        6.2489970353038355       0.76175606099261772     
   7.9211704422635307        7.1364976693970865       0.76730964530607237     
   8.0402471148221508        6.4005261975954229        1.5318533908745433     
   8.6168357765908112        7.1932138824943159        1.5530508280615978     
   8.7299537772287881        6.2755590881000627        2.3499552499158667     
   7.9669276269204303        7.0452514564577857        2.3829582798992268     
   8.0079069939678664        6.3677536242684196        3.2044614563264036     
   8.7129092382929336        7.1013418684445693        3.0870461479207671     
   8.7496858841846858        6.3712100549338748        3.9015581671015829     
   7.9260777499612276        7.0423204608168488        4.0222401041506686     
   8.0265810400948467        6.2697552489599104        4.7848489894404054     
   8.7219800341719296        7.0584957217541620        4.6707985737631947     
   8.7900267116218025        6.3289006882453878        5.4961371056115915     
   8.0173636129196399        7.2461861324174652        5.5164304857567448     
   7.9343662216070348        6.3540225570055622        6.3924866933364193     
   8.7123293036305363        7.1987322543141161        6.3518279228136434     
   8.7555045625044414        6.3936327294574582        7.0324166971121889     
   7.9476014267014090        7.2027445907159882        7.0566838825840099     
   7.8808903069199934        6.3295935268179804        7.7945583196561605     
   8.6662318723304121        7.0610495357065837        7.9141739993361098     
   8.7258099430877749        6.3264152151333386        8.6658810315108763     
   7.9639072760811729        7.1356441865356768        8.6817106769290646     
   7.9750360534642830        7.9289799346224878        2.0038996417416972E-002
   8.7507988316071206        8.7255293521994020        1.9223818581637020E-002
   8.6846953943325271        8.0015930853143153       0.88436427853742083     
   7.9088628324074035        8.6914112824457579       0.79262276569094814     
   7.8821301480168815        7.9292194493537487        1.6792824652526968     
   8.7743397634343197        8.7032289852746807        1.6623927556161391     
   8.6730723290567866        7.8985223479003759        2.3502687125046759     
   8.0051423186332844        8.7402169668834624        2.4844065990811512     
   8.0754025089329620        7.8824801291945308        3.2824477943554764     
   8.7971743608357809        8.7027456819511411        3.1812262858278602     
   8.7910207712349298        8.0611475936802162        4.0186344551153521     
   7.9758777798090650        8.7317035747166312        3.9732013249207001     
   7.9734852229892796        7.9849716901679555        4.7365698927448401     
   8.7329607596218342        8.7476377718026850        4.7984295432115678     
   8.7428262399581236        7.9723563685901206        5.4460140033425599     
   7.9481892286786229        8.7065037269412446        5.4963305992803067     
   7.9586616576810432        8.0064456608969881        6.2375366362984863     
   8.7355335036262876        8.6733726865027219        6.4415445643577289     
   8.7074571042086486        7.9248358527293963        7.1802445364870531     
   7.9084976808890621        8.7488754131613167        7.1687995741457309     
   7.8848534706864832        7.9293263560903231        8.0068027248631424     
   8.5936472946119054        8.6413097788826061        7.9792840694217126     
   8.8591929744665006        7.9605326278756188        8.8098036879169364     
   7.7969546179270601        8.7481449868318659        8.7409620450803764     
