   9.4579935357286704        9.5107724354820231        9.5216034277887243     
  0.77702029581508125       0.65689161369418980        9.4780045253174841     
  0.76893815286246825        9.4278890327226836       0.77197866306534846     
   9.4885008085843836       0.71758863873770762       0.85961470119323302     
   9.5201749086273093        9.4403023618608444        1.6190010618931348     
  0.80758542635735786       0.74461491129542901        1.5482065475450884     
  0.76065663066762468        9.4478357017583150        2.3546051203114415     
   4.7550827909188520E-002  0.76890535862923104        2.3099678920970366     
   9.4885745597678959        4.0680631507284203E-002   3.1410328079186614     
  0.79958861061282305       0.72186534392401425        3.1278314098966002     
  0.71798053109285087        2.0660916533956106E-002   3.9748980266811711     
   9.4441389001824216       0.88165798699100040        3.9224175099501357     
   9.5205133908658670        9.5129897229803557        4.7787416796283519     
  0.81794308525313508       0.77447401656971671        4.7670795877338072     
  0.70285264739691222        9.2980173984557435E-002   5.5448321613399116     
   4.4421108425643126E-002  0.93719957636857443        5.5230494889262163     
   4.0253250416150001E-002   3.1287356282013942E-002   6.3378603992374227     
  0.81181026020749580       0.77767160392682433        6.4067034168144383     
  0.81590398698913336        9.4892543179026152        7.1767595540165763     
   9.4588488812888603       0.81043324514427495        7.2026648863547402     
   4.0661675465971429E-002   9.4320714867727879        7.9356883417723507     
  0.76690851925164327       0.71076828967168204        7.9217061492179184     
  0.79793149669915953        9.3785588015690795        8.7832720598824441     
   9.1551365805221246E-002  0.67285094130629530        8.7021918354913179     
   9.4601157635221504        1.6258245023763991        9.5033866060838772     
  0.86514795659210886        2.3511040348371433        7.8172068755971713E-002
  0.83150618711973201        1.5232833259563079       0.76876157153955638     
   5.9315280339914039E-002   2.3580659485315669       0.77940986715669991     
   9.5204367156415071        1.5838673722476855        1.5330372772335066     
  0.78264822243631793        2.3787926618298858        1.5306240423401785     
  0.77991812041116693        1.5413420981183887        2.3077253229163381     
   9.4194815775718634        2.4072210755882586        2.2429409037479160     
   9.4973902071047895        1.6272567543023901        2.9994318105092894     
  0.77129264275863263        2.3868455722964144        3.0861513714817175     
  0.79155098867743612        1.5133545630311749        3.8782213083985528     
   9.4852052711589501        2.3220496593620155        3.9301015539463631     
   7.9898263036685138E-002   1.6024725667521280        4.6844693429102664     
  0.82685986797210431        2.3474638290295262        4.6862222127263449     
  0.86583282405449813        1.6455913186365989        5.5349922953846598     
   3.5910250869994567E-002   2.3467937737593396        5.5090608678933846     
   8.3746885588359785E-002   1.5700972479316853        6.4005801149560329     
  0.82139925630539201        2.3442632638521199        6.3614178100666408     
  0.75729883866335657        1.4782837177124584        7.1760203216519596     
   5.8570004714545557E-002   2.5148110208210728        7.2189928037368745     
   1.7072644624327527E-003   1.5958934349344789        7.9482624924094889     
  0.93262957695806470        2.3822745140207018        7.9670249431999007     
  0.80142953372042292        1.6103544930342402        8.7607967976044190     
   9.4532639711912232        2.4568918954098380        8.7553051804463582     
   2.9655015455449709E-002   3.2149976858419080        9.5150063176559119     
  0.83361144734581660        3.9650113024990565        9.5002675382019568     
  0.89340069437089475        3.0944380304635883       0.72297289171055856     
   1.1603175733325925E-002   3.9524278196347047       0.79193258803858746     
   4.2795907834814843E-002   3.1619663513997809        1.4827928294484287     
  0.79129884094897585        4.0342817112044020        1.5109870147880156     
  0.81991607060030636        3.0685047529622063        2.3890829564076297     
   9.5204044042666993        3.7503897619636630        2.3694801826362628     
   6.2560101497472306E-002   3.0950556360874262        3.1999828570863413     
  0.72791655783903420        3.9704431992387339        3.1074444554607283     
  0.91885171255478937        3.2172464066104731        3.9060943728094197     
   8.8909382339445495E-002   4.0320857599167281        3.9737779608112644     
  0.21819546596154649        3.2733481500703214        4.7229444393564508     
  0.91972927231415058        4.0030358286214769        4.7488705143725607     
  0.88264356734871463        3.1262899337569010        5.5142238866454267     
   7.1936192628013693E-002   3.9441415783060303        5.6071392645807832     
  0.18819593841854299        3.1417469754185543        6.3568430722107427     
  0.86825621352996185        3.9976422393253723        6.2539079052262725     
  0.88058374708217513        3.2758047140005035        7.1406989392618723     
   4.7829407817643825E-002   4.0166058421374675        7.0574839357462356     
  0.14859502868615515        3.2618335383870609        7.9318030014251493     
  0.93243798956784196        4.0575326166572641        7.8836618203052717     
  0.88414055264594149        3.1458107018617882        8.8182778204761476     
   9.5135360435049208        3.9484400629957075        8.7369789721402977     
   9.5133734738735107        4.7807061037613972        9.4782893593280875     
  0.83139365015368494        5.5059189713010177        9.3943158021474940     
  0.78807462420333907        4.6521240459005169       0.78845783051201435     
   9.6859966949196692E-003   5.4573354915862353       0.74238079168446636     
   9.4550315607958364        4.6596429100857950        1.6024899132756913     
  0.77079307911647288        5.4243001804320006        1.5439987404536895     
  0.65726166234938566        4.7377619302445719        2.3558391188096111     
   9.5010076413510092        5.4356768744175668        2.4287590193006321     
   9.4551807855964363        4.6849015085344154        3.1058573788095840     
  0.81163524814624510        5.4637457106388112        3.2271685478372776     
  0.86827754849682748        4.7024765752373359        3.9581813459840811     
   6.7114473398693905E-002   5.4661344074654901        3.9186865493128904     
   8.8339397143682816E-002   4.7669781046155215        4.7243094213113439     
  0.82678486441317878        5.4901171401890663        4.6948316961475314     
  0.87629524354403932        4.8051647457990487        5.5244854647685901     
   9.6019625354585580E-002   5.5360487553172497        5.5125798225563409     
  0.11646243773621233        4.8049746007852221        6.2670166342013154     
  0.85652148359118463        5.6588134683756541        6.3829159599678800     
  0.84571020910366546        4.8347067359570719        7.0682173524087890     
   9.5143617330812642        5.5446679701896819        7.1137951033210012     
   8.2473876690508638E-002   4.7314962742116444        7.8897207389527777     
  0.86469118523685617        5.5604509387516057        7.8509596349078494     
  0.84826926547279602        4.6803147946565336        8.7007746254852929     
  0.10810622886054087        5.5878601040797582        8.6738519681270585     
   9.4420028451818130        6.3038750976646929        5.3777495185290012E-003
  0.76268799410329990        7.0648227555481329        9.5193486802427500     
  0.79054074507254191        6.2174746049220415       0.70311136117754247     
   1.3388379988777410E-002   7.1674337128894585       0.80925173963437214     
   7.8655260992001277E-002   6.3280454765878273        1.5961035958987442     
  0.81983908508572634        7.1231360215135853        1.6072914547816690     
  0.76911316626907500        6.2378491609308853        2.3700291072420723     
   9.4474047457018795        7.0637414932049172        2.3917734510570736     
   2.3610362436326304E-002   6.2419174454187782        3.1032841841963892     
  0.82865219893876096        7.0596260745584960        3.1080415363115583     
  0.83203642771445407        6.2587803533304571        3.9698363891496022     
   9.5060521372018485        7.1128973819324486        3.9690920369456890     
   4.7037798236516180E-002   6.2384819707317023        4.6872220136933835     
  0.77745378334223814        7.0982340099779302        4.7618176314504534     
  0.74953900261177275        6.3748294583498657        5.5003384083826132     
   2.7938673051144482E-002   7.1162003098795932        5.6546980774325677     
   2.0774026630439250E-002   6.3423457250801700        6.3341089462429760     
  0.77421269297060824        7.0900962156476375        6.3672628271555469     
  0.71780895947397960        6.3683140246248842        7.1781466510991958     
   1.7677514699022161E-002   7.1890936744046225        7.0986953705063192     
   9.4870999310802233        6.3733645021129606        7.9507704581661720     
  0.79928088317186596        7.1627639894842421        7.9543330404284527     
  0.75717922561389805        6.3317337601483885        8.6934201825728969     
   9.5101209530781077        7.1533065243927050        8.7001852738063761     
   9.4454224816719865        7.8760608006727928        1.8637602674370372E-002
  0.76109327984917063        8.6687215291956541        9.4798863594186127     
  0.72861271242436576        7.9381115148827064       0.77052928220835992     
   9.4495787737155883        8.6664578985637064       0.80910224628049532     
   1.4898351848581452E-002   7.8943255381771058        1.5700679491692213     
  0.81749698203063981        8.6946874153085467        1.5382921977607349     
  0.70627164895414163        7.9244229220352320        2.2547220170012090     
   9.4933438028605668        8.6604487095286657        2.3730135060326130     
   9.5107424365019764        7.8827562507852420        3.2166613701283748     
  0.70366394130605325        8.6595317680610115        3.1155780654029956     
  0.69969698620502430        7.8786672556459951        4.0328888586462126     
   9.5055501291329776        8.7331411173459923        3.8326425608077677     
   9.4734906938410273        7.8060257664567736        4.8395251473566754     
  0.67185433815148721        8.6808692709708914        4.7338015307314647     
  0.76746489327068812        8.0081872977830990        5.5829952149217652     
   9.5015517902676763        8.7193608627345132        5.5874456016874881     
   9.4940092740563671        7.9069708983432871        6.2625938725435173     
  0.81110591830520540        8.7417210037605599        6.3777142281865373     
  0.84759326675828617        7.9694815388374272        7.1048457460676362     
   9.5086610740469517        8.7576038004700578        7.1220164481110286     
   9.3919692186957651        7.9712563858433727        7.9100087662593692     
  0.81617395152815464        8.7053223278697693        8.0014927131395570     
  0.80067158056507670        7.9385173429853371        8.8244809191172742     
   9.3783137879475618        8.6515956824947970        8.7407250686720328     
   1.6804373229351111        9.4884517873095060        9.3633184372135592     
   2.4237655624027439       0.77584382148074726        9.4623934781748140     
   2.4198496084713428        1.0780591932397710E-002  0.72880896331386091     
   1.5926512462306393       0.60942661532176701       0.82178628173340329     
   1.6459891037288388        9.4816954714387993        1.6299482799457130     
   2.3611781246440051       0.75865742064562502        1.6290083022772914     
   2.3523800299721778        9.5071862245799732        2.3574002514580430     
   1.6428139175694410       0.78726077137460326        2.3862112032441334     
   1.5098867134198539        9.4501558208572458        3.1082572734661262     
   2.3961366474451808       0.81908411864443065        3.1303434399563312     
   2.2636079817057433        9.4925015360773752        3.8933483857871956     
   1.5059772722118743       0.79356534651407962        4.0349327113172686     
   1.4940038359383105        9.4880224001903954        4.7930608718119290     
   2.2749900693855380       0.75431950748391474        4.7796716471013223     
   2.3374612045379544        5.5629509321182123E-002   5.6399156162649557     
   1.6201289158943488       0.86682514355680074        5.5324010770338941     
   1.5509516712502427        3.6424182038821626E-002   6.3991377453106590     
   2.4121990952832570       0.92045317659964965        6.3378891648404325     
   2.3492442804730351        2.4066273640469357E-002   7.1529806012075765     
   1.6440863002852057       0.76745849801505095        7.1560212147032303     
   1.6208844944444842        9.4511753797030646        8.0283404728213625     
   2.3954194926487702       0.80331002142594699        8.0174059754403810     
   2.4563925934553703        9.5097812566124666        8.7382628802015709     
   1.5613775741733367       0.82317170439163379        8.7598754071689306     
   1.5432316632114984        1.5283354357276722        3.5557719282284746E-002
   2.4935597166849983        2.2932819273561713        2.4539790858472115E-002
   2.3827377174851567        1.4937718552477695       0.76350131003378674     
   1.6540208824217950        2.3941654655618261       0.87489858947636601     
   1.5850647610982120        1.5420231934828708        1.5501679912572559     
   2.3625228443381920        2.2407857144933252        1.6081916593909942     
   2.4182208252972961        1.4980898305712687        2.3128133062803036     
   1.5733230441943593        2.3845456358985309        2.2446659093860974     
   1.6115804019399524        1.5990613354648504        3.1224424062103950     
   2.4598467835005873        2.3476419122515861        3.1041402044081181     
   2.2859901482093345        1.5530364198590207        3.8851126706210763     
   1.6161335740774498        2.4425588590528875        3.8650689413705943     
   1.5338396626284336        1.5945279771076841        4.6227234724187287     
   2.2918650064711965        2.3113423087295515        4.7137188076153711     
   2.4428407928636608        1.6547916267964036        5.5502052939580491     
   1.6012888578534656        2.3631817951315384        5.5711606603885935     
   1.5415078077629520        1.6089218307075304        6.3410408928118178     
   2.3707603307516196        2.4164204221956385        6.3786397240514257     
   2.3446233273878172        1.5587638157694612        7.1331884947174986     
   1.6116813604647042        2.3167603809830259        7.1610306845564695     
   1.5847610845203199        1.5467491380628211        7.9712659403020352     
   2.2777897582703366        2.3294570209531877        7.9729239087761146     
   2.3637422825335292        1.6501047931309263        8.7591291358631604     
   1.5936787742617657        2.3753371959401837        8.7752688086471657     
   1.6558951770603230        3.1686813361576629       0.10771917791917653     
   2.3257487244700950        3.9634862008804870        5.8622896495772438E-002
   2.3603981022398659        3.1640860872311616        1.0421872172565951     
   1.6002948052628529        3.9737316469737900       0.85035258252148516     
   1.5197125566207672        3.1812045932222914        1.6262402648015921     
   2.3835461294592122        3.9945776105396340        1.6291063042363223     
   2.4659244999407499        3.1022247558113301        2.2799420539047826     
   1.5361554183768795        3.9634248036454616        2.3945340882327808     
   1.6052101858806167        3.1551129822771342        2.9997482803161142     
   2.4298997402474769        3.9178297997117695        2.9659404258142135     
   2.4315334951404073        3.1681900565731649        3.8763650952332931     
   1.6927879033503856        3.9729632116723135        3.8302934404683535     
   1.6528236409289425        3.1750112863791915        4.7131398255516572     
   2.3792921198616659        3.9305071880717235        4.6837309479799805     
   2.4521544203290309        3.2420231396149641        5.6118120431656306     
   1.6538029082330967        3.9936252494190114        5.5174022912635250     
   1.6424443408435603        3.2285228805972266        6.3391868467549495     
   2.3919202117226601        4.0650719720671598        6.2936508254129260     
   2.3183672355076106        3.2069389750537214        7.1826936363765492     
   1.6911844695791123        4.0562374852019243        7.0918495127748304     
   1.6475024481370126        3.1946317902019463        8.0139095052832481     
   2.4809769300855216        4.0179721904012755        7.9881037013300640     
   2.4262676488133805        3.0528850778074679        8.8602612864954420     
   1.6157438879564721        3.9678331975316685        8.7205984004783392     
   1.6268344187036186        4.8221623293849998        9.4914689526647020     
   2.4982018755608402        5.5974017219383958        5.4349611269478598E-002
   2.4197976493892472        4.7578355265438752       0.83282781302828446     
   1.6037896764870068        5.5155486570737358       0.87323638172252971     
   1.6082732016243284        4.7709570415689244        1.5386382908029765     
   2.4339005410041672        5.5498640642387782        1.5292912627242148     
   2.4057938083701442        4.8660395134347834        2.4048600717919264     
   1.5673260028290414        5.5082244455353342        2.3080416745369803     
   1.6357608523752667        4.7311846273834357        3.1306360812401701     
   2.4265244178288032        5.5148497177942613        3.2331389561434105     
   2.4082433293515426        4.7863986765184103        3.9805815869660104     
   1.6062486528126512        5.5114703246467318        3.9688598595674343     
   1.5758061696810528        4.7813346762711451        4.7856980221417338     
   2.3794257155135554        5.5791559448874999        4.6838117147802727     
   2.4531659825907068        4.8677777798372075        5.5636519043949324     
   1.6668416717813681        5.5656066723445541        5.5231657969558370     
   1.6723705477947575        4.8568338567382501        6.3657905206079786     
   2.3704763398135666        5.6548250902790809        6.2635398792215797     
   2.3846964387069236        4.8176157541689708        7.2780133427076850     
   1.6496479971500055        5.6335929709861938        7.1212319637057195     
   1.6524355760670897        4.7984164653336601        7.9554614429558379     
   2.3248282240345874        5.5743916356301462        8.0668523846013453     
   2.4742666640123745        4.8090688260788994        8.8018548340147635     
   1.5520821711142394        5.5597582269371264        8.7049481552743426     
   1.6664850483128788        6.3057320740535765        9.4691959178010929     
   2.3470708283407662        7.2181376887980768        3.7907191444642975E-002
   2.5419007051050708        6.3600489303927503       0.77567869355044239     
   1.5588851758146065        7.1125653367669868       0.75882211703368485     
   1.6218976797547122        6.3358127256839829        1.6178962512948347     
   2.2932786954554216        7.0473479100743424        1.5812968953918873     
   2.3394102328839841        6.2604063206734573        2.3183342121377923     
   1.6016127343664568        7.1055972975288597        2.3510972159800962     
   1.5561719581379649        6.2594827405989282        3.1561052035111836     
   2.4444353943490538        7.1749868613037222        3.1685159378551568     
   2.3764992446858306        6.3110902177514747        3.8659824254338062     
   1.5457500988740438        7.1481632361947804        3.8748463208411597     
   1.5907551146149252        6.2796724171052283        4.7039146782681422     
   2.4528416756909484        7.3163785114881241        4.7196450513421144     
   2.3598099412406532        6.4326278862440782        5.4879875911900671     
   1.5544039819650615        7.0756967490143925        5.5359230799965751     
   1.6185412445428640        6.3794122897621452        6.3577801375799456     
   2.3677065747500712        7.2154818433386021        6.3223660552410523     
   2.4283509925618323        6.4040843684290909        7.1037707187756984     
   1.6476669251831579        7.1260102891487849        7.0903657859080411     
   1.5841772248711157        6.3450150079229326        7.9322479918553626     
   2.4441356616126440        7.0707074730482873        7.8974319977122667     
   2.3147185831171870        6.3787934634775834        8.7422550656375932     
   1.5617935371117782        7.1370111604137545        8.7741575482923420     
   1.5877316535004153        7.8806521329564054        6.7572325152317939E-002
   2.4062188903315604        8.7534844303272052        9.5021138101825446     
   2.4306744336597403        7.9389575432265351       0.84231452611027102     
   1.5636102765480295        8.6970477967993016       0.70383656659811922     
   1.6125853000681061        7.8412917219424889        1.5428252663072917     
   2.3663342963250376        8.6984905061857241        1.5555038800803020     
   2.4368646355879036        7.9660612136548892        2.4275866830340997     
   1.6300432025768563        8.6075179837044509        2.2995351535591309     
   1.5889295035528659        7.9293577911088944        3.0555671050656863     
   2.3491340334571906        8.8107206169096131        3.1411678419866331     
   2.3119750212438395        8.0952091449658319        3.9302490147824387     
   1.5177376775784723        8.7784291628882443        3.9405407431249384     
   1.5688101840962361        7.9169621699331918        4.7530814120808786     
   2.2841974519499226        8.7972836587376868        4.7877110177681050     
   2.3547482121648193        7.9917181096121617        5.5741161036672047     
   1.4915054735165949        8.7400356338930667        5.5754426644171815     
   1.6400945488158136        7.9764429421906140        6.4027404059504391     
   2.3432035291133104        8.7740248275305319        6.3452716128275997     
   2.3316092637635797        7.9145672822862831        7.1969654761640482     
   1.5974452959232495        8.6214411313381270        7.2928377975058529     
   1.5463106645493516        7.9473867515354994        8.0894798527812952     
   2.3147413474154250        8.6786780098924954        8.0420031410667256     
   2.3555236841615481        7.9162204135900964        8.7377784867184527     
   1.5285920923034848        8.6730662747077201        8.8153962814210072     
   3.2039920036358307        9.4131077168294865        9.5217221406491248     
   4.0007803351439000       0.77296075063270075        9.4615769123473257     
   4.0617864112016573        4.3695097482783968E-002  0.73744799087751201     
   3.2830125651950723       0.73856525551714869       0.92857665561606384     
   3.2189312634149028        9.5183639638496071        1.7158613295023544     
   4.0033852101632785       0.76274053816866749        1.7266004045558785     
   4.0478351231965837        9.4308262079301581        2.3796569176612188     
   3.1852430609075331       0.82795230513884421        2.3542643437371513     
   3.0812167909370562        9.5094195939473263        3.1854657303358169     
   4.0436958017155913       0.67927767909266223        3.0603753591021889     
   3.9629671846579768        9.4778500922020577        3.9794035501491520     
   3.1715549966341667       0.76563031677030691        3.9308569927767327     
   3.1160929519535587        9.4710027141043156        4.7719146280382443     
   3.8836556611450699       0.74643557927301896        4.8355508500817246     
   3.8476752610001284        1.2207653616378674E-002   5.5421868718571474     
   3.0447528976643183       0.86740720924221226        5.5380538006087319     
   3.0656279269283830        8.4027273386415524E-002   6.3838957301637427     
   3.9004409310484118       0.71741099075358050        6.3247804035408413     
   3.8471442152987096        9.4079496464859300        7.1749588302922733     
   3.1467057878036298       0.84261558093464473        7.1281115930907655     
   3.0944439465242102        9.4607474652508579        7.8843687561995530     
   3.9180860837583880       0.79958154953260074        7.9554412725491988     
   3.9477106481320541        9.4724264008568611        8.7095965518293497     
   3.2088165919625982       0.78177573426160785        8.7020036230151714     
   3.3113684745181549        1.6511752489044176        9.4950954558366565     
   3.9857760544150622        2.4442884672648160        6.3779414184383834E-002
   4.0387342862525868        1.6169562815879823       0.82709730905676881     
   3.2760457218577677        2.4081271103266890       0.86166934914728310     
   3.2573612482196919        1.5101799105447484        1.5872690407629171     
   4.0249403156674246        2.3256418191778394        1.5841111520369990     
   4.0514705262918129        1.5477958223109072        2.3927413076327508     
   3.2091031782357380        2.2203046156627138        2.2950683153998575     
   3.1963404626337852        1.4963425127174006        3.1364123765270366     
   4.0184983055236181        2.3077541467225604        3.1943809326568231     
   3.9284251825525569        1.5565224965440132        3.9949401703990648     
   3.2457437338811594        2.3183180185972900        3.9458023645075886     
   3.1576812001043635        1.5538875231443039        4.7536368752666194     
   3.9276451771836518        2.4303198421022509        4.8319977344755278     
   3.8976646028798281        1.5230183825237413        5.6241223064693449     
   3.1148458584236094        2.3995679161859749        5.5693937019606947     
   3.1245279198595970        1.6074942349262700        6.3886616911977274     
   3.8276665711721600        2.3740200036536172        6.3506431034225725     
   3.9176798937827910        1.6299015055177999        7.1934383688096881     
   3.1763628425595560        2.3542403187818750        7.1965435850341963     
   3.1035014501685092        1.6227081863296358        7.9777057069948558     
   3.9079456237556882        2.4695019895832830        8.0641232893151251     
   4.0774348105957490        1.5478173977156069        8.7374800960236048     
   3.2499720300178132        2.4009492112443276        8.7933695851628819     
   3.0818303470007002        3.1471751011278530       0.20765380996916410     
   3.9398394168367332        3.8694548000859523        9.7363466578782920E-002
   4.0647559245058025        3.1575155251271281       0.85716270235740077     
   3.2145978855229198        4.0224340769920151       0.92273522899441229     
   3.2931129621234745        3.1848633986900379        1.5834587669585718     
   4.0666214286309170        3.9093033592899711        1.5301345688069514     
   4.0296593218089214        3.1000847591407226        2.4083477918296974     
   3.3030125261068810        3.9424863163391306        2.3047258980738530     
   3.1820538150978672        3.1499320087100990        3.1549954270238780     
   3.9515419321150320        3.9905981904223093        3.1953277199086050     
   3.9365331857136656        3.1144929136151749        4.0419123952483051     
   3.0912365944364328        3.9985933511023402        3.8590535428370374     
   3.0635793517313634        3.1023473586089727        4.7503219638258054     
   3.8538857236043995        3.8701032059755143        4.6736320645397429     
   3.8875715661721304        3.2286630750503069        5.5261761362596573     
   3.1073561808188170        4.0230802149163463        5.4550270095911584     
   3.1718241488726733        3.1913299075246764        6.4024780604748281     
   3.9760605572189744        4.0265132759905553        6.3671746346889568     
   4.0089631654563584        3.0950356352755675        7.1301035031686864     
   3.1527176009810263        4.0382427374675132        7.1725771641877465     
   3.0861250652413244        3.2306022487494732        7.9925173637295019     
   3.9250559628105139        3.8555490535643155        8.0182748467253635     
   4.0571691257817690        3.1408012859381489        8.9109528092892631     
   3.2222272686638846        3.8139076821204876        8.8584535396535102     
   3.1747848738275648        4.6863916066882769        8.8689243359261941E-002
   3.9832970230045386        5.5235121283210029        4.6588628750174242E-002
   4.0688209056757367        4.7098224854697524       0.83898123788781387     
   3.2289084527756429        5.5242203071686404       0.84594584488683588     
   3.1669398256712817        4.7853189530782236        1.6911576008019247     
   4.0534711960981387        5.5546473933863814        1.5508774890662407     
   4.0193775402604066        4.7257130731875057        2.4419908834615014     
   3.2575374447550707        5.5476994420174641        2.3922009566524438     
   3.2115858333939582        4.7413088901101901        3.1602907865642162     
   3.9948426277545410        5.4902151563590396        3.2073337784131004     
   3.9657556212057457        4.7691575513959341        3.9920203896933804     
   3.2341711678537730        5.5463868913618617        3.8992398061398212     
   3.2016384678606786        4.8263143536891828        4.7273853251058409     
   3.9805174922522841        5.5434788453780568        4.7546193936709873     
   3.9165090374366875        4.7622428925633402        5.5337661510559784     
   3.2115057753946328        5.6323808735764826        5.4842860121279280     
   3.1411515686418090        4.8897956664452273        6.3564067354014773     
   3.9811548732453259        5.5585370912624885        6.2239178273923832     
   3.9251254658463255        4.8707367722468442        7.0940915053071780     
   3.0850852464197978        5.6043774083506070        7.1567035691389442     
   3.2215368549703842        4.8306778969494237        7.9355105399538299     
   3.9207856466205064        5.6431514815599568        7.8996616001988693     
   3.9602020857096338        4.6863689910637687        8.8235748824317337     
   3.1943914729903953        5.5344861384611983        8.7382988643952828     
   3.1807050483608386        6.4097131613501395        9.5199510669223546     
   4.0237884826131145        7.1137171060835342        9.5203753959948383     
   3.9408810301187289        6.4182818344804531       0.79102002486161893     
   3.1680226701478600        7.1577590571913765       0.81497883444431640     
   3.2672279900191712        6.3737423431846194        1.5780201030920122     
   4.0140738118899213        7.1181162068828705        1.5822859261369029     
   3.9640190919982814        6.3554666856511508        2.4853019419300804     
   3.0394483332892723        7.1087981623546774        2.3305345483116007     
   3.0837236490728044        6.3322034086031929        3.1509951555839812     
   3.9198127523485660        7.1547278692588820        3.2346792803003757     
   3.9493467850690518        6.3311838528673849        4.0208747681617236     
   3.0990954931787060        7.0606774934238583        3.9839390951887186     
   3.0732343725845008        6.3542829421503768        4.7469275359609497     
   4.0054825339565889        7.2013831283802032        4.7243957078774690     
   3.9852130253658129        6.4171875211099518        5.5724215771811014     
   3.1125855433247667        7.3073458664775703        5.5490392310067644     
   3.2556079314537349        6.3870402425381965        6.3008826403787834     
   4.0735521696722836        7.1387014885055278        6.2852142964390678     
   3.9112024897020610        6.3953292595213931        7.1695397743393450     
   3.2094321604243436        7.1555516974840616        7.0703067300215201     
   3.1013987452401648        6.2950021398580249        8.0162590852330702     
   3.7979289702448771        7.1398196175150943        7.9141334644217247     
   4.0047967055172267        6.4589662806830850        8.6685592087398557     
   3.0720849022159880        7.1521454374342843        8.7859998730325213     
   3.1755479376723210        7.9456327470876609        5.0669385592927774E-002
   4.0334267840283147        8.6747301796202532        6.8520101348452614E-002
   3.9788639293786292        7.9295753030809744       0.82066372111797448     
   3.1306712165847275        8.7514167517425072       0.86126998368726426     
   3.1743627709200926        7.9081704905232870        1.6463316898039682     
   3.9920525058509408        8.8058403915937085        1.5284451642889205     
   4.0035112144644707        7.8514640827537781        2.3949018546831273     
   3.2720006470967165        8.6835498825581077        2.4225296046109430     
   3.2070189991382763        7.9621929227986445        3.1845647927705079     
   3.9961983030715085        8.7364060739217688        3.1635272653194662     
   3.8974940092425601        7.9905536282882021        4.0531299326267209     
   3.1645323982856564        8.7094759477108354        3.9509758939937769     
   3.1439728190749956        8.0862176698811083        4.8746534987285539     
   3.9937453345175151        8.7731042666207220        4.7398891754360148     
   4.0192256032823410        7.9642778474814078        5.5783947788028776     
   3.0763160993995462        8.8356286913687470        5.5672703500683047     
   3.2102715020275046        7.9923380659421381        6.2466005797238733     
   3.9171704949624613        8.7567202846019576        6.3424670653440680     
   3.9864669222812896        7.9150450770985978        7.0985333324989579     
   2.9967283792187667        8.6084756310561126        7.0758159024195075     
   3.1271467464773659        7.9211988373387738        7.9249975951730374     
   3.9737997599680313        8.6359973483864909        7.9027418199888073     
   3.9936392655572144        7.8325870504755413        8.6600435203721773     
   3.2087824222073205        8.6247754227490780        8.7461650200183385     
   4.7541872106949254        2.4903601615230534E-002   9.4751607563302578     
   5.6209421957769461       0.72577343376573034        9.5052691709866082     
   5.6386791200949595        9.4672332813935185       0.79364450622295812     
   4.7200157254248198       0.78546287465766051       0.82811838807304816     
   4.8203669306274799        9.4738181707003495        1.5211765639401398     
   5.6243136697998786       0.76836257377604078        1.5111475869386886     
   5.5038795892030095        9.4306257348105600        2.4346883969002286     
   4.8607717523771701       0.75430721235856135        2.3723940161738746     
   4.8174444071643947        7.5596197017253550E-003   3.2167133572504238     
   5.5948243760647767       0.83555720624237584        3.1677512027730304     
   5.5102331690967503        5.1870102624157262E-002   4.0217632911255796     
   4.6366574300576131       0.70723105728883850        3.9010013619655659     
   4.7510286565722595        2.2424779798768790E-002   4.7538731852925897     
   5.4236460033212177       0.82653890272610109        4.6870317570413897     
   5.5829146528021489        5.2397182084766000E-002   5.5619371479775630     
   4.7614523912327051       0.73599780390984670        5.6445166212019036     
   4.6813561643440966        1.3188832149871748E-002   6.4014823815859305     
   5.4566342338201963       0.83270326069401113        6.4602987730804049     
   5.5553753972639051        3.0756082543325073E-002   7.1486289482306757     
   4.6472531953022536       0.68115839337497275        7.1712396245946097     
   4.6424064425920131        9.4489516214560698        7.9573002196427574     
   5.6384293098974263       0.81126319388056389        7.8952604403829652     
   5.6185955834079850       0.10353319996099586        8.6520770655280668     
   4.8584057064160202       0.82720472039124016        8.6331547294607844     
   4.7786381756124925        1.5567086446323346        3.3966002373007148E-002
   5.5419614616172845        2.3384605797982569        2.5615957077061456E-002
   5.4863853648388146        1.5403513184921098       0.76892954241767597     
   4.8291376083398463        2.4176937162792345       0.82010369920502901     
   4.8977790307718969        1.5430024132592595        1.6013464590874666     
   5.6333997618479614        2.3292495460718481        1.6606462213315198     
   5.5975876502219233        1.5594096381099012        2.4471810518107091     
   4.8070666200270118        2.3982137042420071        2.4042933469419281     
   4.8241649830425883        1.6666252008134321        3.1552315042636905     
   5.6079155816558073        2.3905812103176225        3.1783350504975285     
   5.4520558867058551        1.6411549929837099        3.9165435578630152     
   4.7232491971316026        2.4680190372943871        4.0146951688226666     
   4.6454825118882477        1.6637062165592791        4.7857408239641224     
   5.5234598917146283        2.3286561794974343        4.7676183639648730     
   5.4561622775348892        1.7037847765934191        5.6397134811121941     
   4.7023448880665626        2.4536314366966798        5.6172939406768991     
   4.6902043007580438        1.5865130883232739        6.4943542473349503     
   5.4968624125014953        2.4843520620504278        6.3833025992282080     
   5.5260359051533641        1.6514670786114944        7.1435341585464620     
   4.7708469028813738        2.4668878835005099        7.1291234509017398     
   4.7188153485783619        1.5286970418002352        7.8435566142628117     
   5.5832735477429276        2.4232035838590522        7.9335333983017833     
   5.5813264273387793        1.5881447685097758        8.7074842694781367     
   4.7413114643802219        2.3612141075225681        8.7226550964488503     
   4.7686774868053190        3.2729806763071432       0.13043292538067303     
   5.5774322025108800        4.0345104621409318        9.5090642487827690     
   5.6331538991886063        3.1990719197069026       0.89100296084968500     
   4.8420086158590125        3.9390457618122827       0.91338409802848919     
   4.8610965951447627        3.1181853531557637        1.6452798170635217     
   5.6490922422880434        3.8961872892549256        1.7628530716266344     
   5.6247405750863324        3.0535213645170649        2.3824576667533375     
   4.7450694463037522        3.8869951687529056        2.4621600017648371     
   4.7907525899461163        3.1622951224252662        3.2382730383003535     
   5.5435831946675407        3.9237266438076244        3.2024967670090474     
   5.5680534954635785        3.1815744788348308        3.9622225431257108     
   4.6382903704720375        3.9679135110815933        4.0047079017486045     
   4.7777294322918618        3.1673252014914750        4.8431036094844924     
   5.4709047935728963        3.9524999270725090        4.6690978268584384     
   5.5346621232352655        3.3277461771624379        5.6112053767677130     
   4.7104147007492454        4.0312093390996910        5.5123731595005703     
   4.6396880287793874        3.1962754376346552        6.3353917787630722     
   5.4293698425267136        4.1305256435869353        6.3699537974335927     
   5.5034407689291944        3.3007614377569445        7.1816671246164887     
   4.7282385718881326        4.0148561811157473        7.1589613039116209     
   4.8057687511140834        3.2407870168747492        8.0071371293294806     
   5.5260298743350260        4.1213828910806232        7.9739083230018357     
   5.5640092529714273        3.2676213144556221        8.6949054548452356     
   4.7061239173408245        3.9818772758871424        8.7561763197213160     
   4.7200107485679199        4.7318586445047783        5.9154677511895355E-002
   5.4376537304600783        5.5029939403468804        4.6005003242626762E-002
   5.5191278141382734        4.7345693555407609       0.77508772914419988     
   4.7733252821243184        5.5177984061031209       0.83143938243070248     
   4.8198353675784418        4.7242872435731806        1.7118434401728526     
   5.4896146878589169        5.5511356686739797        1.6161655773806543     
   5.6792015700561018        4.6586080619251860        2.4143363656376691     
   4.8153934493986599        5.5097600568401148        2.4337884843962416     
   4.7985361173621719        4.7925142313504718        3.1566658486654129     
   5.5708431324361767        5.5259891821516050        3.1727351505074841     
   5.5344799064220522        4.7397448806878710        3.9912180280203029     
   4.7367664221360455        5.5900872165112370        3.9444822556171042     
   4.7429649716808191        4.8104719572144612        4.6925726309630296     
   5.5280356929342140        5.5582530876832248        4.7461794739951015     
   5.5891252769686446        4.7892827020668740        5.5106404169981253     
   4.7982360525267547        5.5816718456415657        5.4859642117204972     
   4.7293041102130005        4.8512497122767515        6.3638085387530934     
   5.5696547750042740        5.5288941043501012        6.2442194684621688     
   5.6037905207184027        4.8639475599375981        7.1791715374929588     
   4.7459230841694611        5.6280040637249806        7.0686220419739998     
   4.6353465119639461        4.8597402650814638        7.9440426642983102     
   5.4215356339159984        5.6078184625840422        7.9155386194883901     
   5.4628702520979848        4.8234759754862466        8.7491019107712837     
   4.7380739071224447        5.5956439419267792        8.7470769429829058     
   4.7220241710945272        6.3443826401339694        9.4929360220039225     
   5.5256368625752250        7.2006385136121338        8.0365856074101918E-002
   5.5130983021719082        6.2976002227376275       0.85187736523889646     
   4.6887706785530030        7.1016851421085017       0.82452747231086387     
   4.7231090771719391        6.4477017771146850        1.5940871705643842     
   5.6218041423623637        7.0692226820463722        1.6625092136110300     
   5.5137272044415591        6.3037537389550691        2.4394633837872850     
   4.8309712085733381        7.1379005755213205        2.4834148573486918     
   4.7981874425574542        6.3728731572757269        3.2086702385644190     
   5.5768087760451452        7.2194872215712413        3.2943951457345815     
   5.5331183062265845        6.3582486998098968        3.9362933950391521     
   4.7249301507476922        7.1193406241615298        3.9836972482415853     
   4.7545531988318874        6.3262910113746953        4.6941699428461048     
   5.5042088708790260        7.1343409312192199        4.7669435099055963     
   5.6404516778075173        6.4205162858666789        5.5627088130842868     
   4.7336038270744698        7.1160845844851162        5.5445809480015003     
   4.7013738891167520        6.2738732109418818        6.3154591239374627     
   5.5067766798371620        7.2449228617365113        6.3336623427722074     
   5.5179274521836712        6.3451365131702104        7.0318729475188659     
   4.7215093109930146        7.1535846061316191        7.1650186038790249     
   4.7553231234823716        6.3711629405711374        7.8296779772052547     
   5.5000287398362300        7.0805481206367045        7.8062087625814840     
   5.5616246155730718        6.3556153097145058        8.7570762040145489     
   4.8822115594465565        7.1472067186383343        8.6149498999309202     
   4.7093240553157729        7.9089455643503781        9.5164644458926979     
   5.4867203415349239        8.7209753642190204        2.2264747949182546E-002
   5.5302954126512125        7.9511280696695232       0.83627369505465154     
   4.8307080651560543        8.7051877795310553       0.84996709889524857     
   4.8509259983388917        7.8856082231713067        1.6099364310146702     
   5.6391482694112138        8.7735133318890384        1.7113904817110379     
   5.4978181283921694        7.9579137235564250        2.4824251578141792     
   4.7040642924520961        8.6272573464789328        2.2929105474454148     
   4.7711193046186597        8.0635265054252656        3.2486988187781223     
   5.5536158440854528        8.7098163622229379        3.2332633628562055     
   5.5845906138531616        7.9544431603056838        4.0629867810111682     
   4.7223149872620533        8.7540816893034865        4.0132155249934804     
   4.7978461264163403        8.0098071048573711        4.7630781834636595     
   5.6901106227025942        8.7115444446391379        4.8116363193170590     
   5.6205239268179357        7.8769459560167903        5.5230488227526076     
   4.7680564493249049        8.7999481690760888        5.4615633617119919     
   4.7118166259846515        7.9559312624194938        6.3254775144951960     
   5.4652742115256121        8.7561344804569501        6.3168870078985195     
   5.5289311734906015        7.8538987514714842        7.0533892492224224     
   4.8622929539360618        8.6950471763947359        7.1398742357044469     
   4.8104317430120673        7.9686058327724538        7.9328974566409931     
   5.5838677778778329        8.7268439739718211        8.0597990278391141     
   5.6817827269037471        7.8765813497399249        8.8309820133141290     
   4.7622550257387539        8.6618019673032034        8.7659480193991630     
   6.2931775419888858        9.4136648326586521        9.5241356023448631     
   7.2029674721057679       0.85888862695842760        9.5050918804511912     
   7.0230932657157314        6.1815144018043259E-003  0.83073950493581916     
   6.3887144031215666       0.83872623569228766       0.76458701748457059     
   6.3015243851884506        9.5068444590133261        1.5584581745059516     
   7.0601548832264784       0.80819272069270465        1.5655311483361003     
   7.0904580372610679        3.3672098159962804E-002   2.3646263067616919     
   6.2949669927528635       0.76636179713826413        2.4133092594535892     
   6.3051701251085026        4.8440274805005470E-002   3.1553426271906000     
   7.1650019247390446       0.78401482155348001        3.1507060818810650     
   7.0442267703332409        3.5713378977858846E-002   3.9247564258044143     
   6.3377275538806135       0.80491894121351792        3.9083546191710141     
   6.3863726767945321       0.11743953494912981        4.7426807088841203     
   7.1537881387622972       0.86588730352740606        4.7602978900192454     
   7.1148822909658405        7.9666781882541615E-002   5.5284564693502496     
   6.2842076573262879       0.87410626472444075        5.5122056249070255     
   6.3055486784432473        9.5174866280180588        6.3515678413458483     
   7.1343602722257158       0.75099254268004767        6.3197221209252383     
   7.0234456605551836        9.4912751595706677        7.1567303430334981     
   6.3350495273780139       0.82527102054862733        7.1793594307350856     
   6.4229153065433122        9.4832688269730241        8.0027756129267686     
   7.1799111179033961       0.84042269490311006        7.8011731940422138     
   7.1191922062686537        9.5052117161672491        8.7804381536543836     
   6.5097445878234170       0.82413343616827495        8.6588170282303469     
   6.3229715003762328        1.5811676202864315        9.4825319052588650     
   7.1289692532636106        2.4298333009500590        9.4933188952426253     
   7.1461957763029185        1.6397432381036259       0.81387686388656089     
   6.3458084580631864        2.3577763995180026       0.70084955167730212     
   6.3349556900599922        1.5585833588223250        1.5939060969975234     
   7.1442203488394700        2.4222793499795530        1.5121125901627153     
   7.1985007450940612        1.6168882207299060        2.3191675873148392     
   6.3940173942663119        2.3186579805822483        2.3723641977840839     
   6.3614545641609244        1.5420714017447021        3.1162199325936339     
   7.1045862903014187        2.3884396101817309        3.2316538705683913     
   7.2460868021479996        1.6793003780659490        3.8910838986604834     
   6.1978552214726763        2.3859225127182708        4.0141219660198599     
   6.2721414683466916        1.6978885914115009        4.7771698548394781     
   7.1457862347999939        2.4460124933990341        4.7989239158501240     
   7.1066919233982242        1.5858522000824475        5.5899880759620135     
   6.2571468534123182        2.4661017311392919        5.5852060477654613     
   6.3911284820522578        1.5782633716093577        6.4020197476523100     
   7.1494992238376787        2.5414418971713486        6.3255927856609686     
   7.1358574552821112        1.6328957504729480        7.1308253017336307     
   6.3758178528036344        2.3890251450610172        7.2020400183874616     
   6.3973897822537316        1.6260886136555035        7.9744548920945100     
   7.1756612785588016        2.4716088270315302        7.8306223554757377     
   7.1465635142587303        1.6291231114467613        8.8184760445640187     
   6.3262245147846503        2.4178365766532992        8.7782962719444129     
   6.3284463881574391        3.2452077545890021        9.4764757832675368     
   7.1666166695668281        4.0214432102876199        9.5090612871831350     
   7.0092297482445307        3.1986226299665006       0.67009156117012947     
   6.3018648989145811        3.9838319248851204       0.79091348513756399     
   6.4103612299954857        3.1351541359792643        1.6272186419004651     
   7.1670193482173064        3.9308285117201858        1.5884784406508754     
   7.2172369784313899        3.1566715953286151        2.3708537929193900     
   6.3623181379351434        3.9169950997447280        2.4271467596772287     
   6.3664565305058627        3.2409230653829275        3.1871669920196752     
   7.1035230823045357        4.0293439634275394        3.2636850994389817     
   7.0166467786220608        3.2685563178926200        4.0758312178368614     
   6.3115102807321630        4.0334673974088711        4.0665503371234584     
   6.2045056753004459        3.1540625334533807        4.7681906735177382     
   7.0694857409909151        4.1111776855260524        4.8150500827980034     
   7.1547089218050051        3.2211866266339846        5.4954115189505233     
   6.4064779435271326        3.9488495094501088        5.5271479216119550     
   6.3029363638389482        3.2585183054671885        6.4725827064232160     
   7.1225934703152758        3.9909042241421662        6.3627396797517788     
   7.2077935247899267        3.2527301489810228        7.1183946477374844     
   6.3539834741293069        4.0369575207377641        7.1961078325329453     
   6.3290452182386918        3.2831754243206168        8.0004036664440950     
   7.1106332478015979        4.0772851416846381        7.8813776703990532     
   7.0725009283328308        3.2404846325436010        8.7440522095946154     
   6.3095647784168305        4.0184655562002876        8.7384946294620836     
   6.2808510506441273        4.8460338366045210        9.4564069360422174     
   7.1956539023332029        5.4809791060098068        5.5380330286535426E-002
   7.1807637570925138        4.7211379658424555       0.71964807103875539     
   6.2872975593874294        5.5459329750247113       0.71623007850879095     
   6.4013746961085145        4.7476503777570569        1.5417160546447870     
   7.0946572072355485        5.6238598660907035        1.6117765163053341     
   7.1391540765316623        4.7103011248009867        2.4198947136485982     
   6.3334045825118359        5.5400846819423197        2.3911086978832001     
   6.2955461452253703        4.8287178348076241        3.2331397849083481     
   7.1782010932798084        5.5634211731192664        3.1632908410811811     
   7.1543847292350167        4.8158756818641688        3.9545441290619463     
   6.3007600033265136        5.5711207512364718        3.9656375645092203     
   6.3231276008553170        4.8146264624354300        4.7238210221199610     
   7.0826901836816161        5.6466322576141916        4.7378988762486909     
   7.2175745852672479        4.8489302077566725        5.6022209906965044     
   6.2530614317625073        5.5753995690890257        5.5205925874221453     
   6.2770664715216107        4.7322932780595908        6.3392180816388670     
   7.1674966156533104        5.5673215375019653        6.4192986901036857     
   7.1467221931602074        4.8517152327345183        7.1295106413392944     
   6.3911893898417569        5.5527906793015811        7.0475131536400664     
   6.3548484160225236        4.8254602917348244        7.9126695104933011     
   7.1392671826222385        5.5818752169158126        7.9541397776985185     
   7.0881487348052792        4.8592123073939169        8.6802453790737921     
   6.3213071766999498        5.5768681833448799        8.7652979463625051     
   6.3046796475573883        6.3104182484161351        9.8922645733588985E-002
   7.0241008810843937        7.1955378618074368        4.8676768265247819E-002
   7.1375987418721953        6.3294240801281401       0.80128856199042942     
   6.3730555204599098        7.0610286806522806       0.83745918103426675     
   6.3425550579087151        6.3734515383915733        1.6328942325772819     
   7.0860278922145188        7.0738908875307267        1.6956827839619266     
   7.1874760178004307        6.3250177566820591        2.4336497941759743     
   6.3863546892091021        7.1399491674475826        2.4945279033863836     
   6.4217309405407468        6.3845386374175375        3.2489593604130573     
   7.1830707282283477        7.2008086326549954        3.2738412979254035     
   7.2683639201669266        6.3040984446998918        3.9522019771702270     
   6.3739217245787350        7.1929704529563141        4.0540645230384023     
   6.3234577347475645        6.3781771995761138        4.6719086155715139     
   7.1727462102903337        7.1233254145179066        4.7520616875543933     
   7.2007856303186824        6.4291243060619916        5.5481298625268716     
   6.4285122158007075        7.1510023982948283        5.4512949875894439     
   6.4148301606877203        6.3149504188046519        6.2814393444991818     
   7.1893057067596553        7.0854031291111177        6.3994083626976597     
   7.1196809111585369        6.3631961251168621        7.1439200856097802     
   6.3149621973146575        7.0832677823370744        7.0682915602396559     
   6.2949021879476037        6.3559916476269338        7.9302545729362794     
   7.0684954955927575        7.2254641371321737        7.8450219161923371     
   7.1301591337437893        6.3718823350819882        8.7130925857294361     
   6.3749084104171958        7.1004448259137209        8.7228752164705234     
   6.3825208078901854        7.9994769202492000        9.5099454542422190     
   7.1436171597812823        8.7827373997913156        5.1072474699496613E-002
   7.0847216664106352        7.8659413896593353       0.90340047673085444     
   6.3647423044998801        8.6002556605615723       0.89347225393655461     
   6.2055414825815731        7.8364749602279815        1.6189218360169875     
   7.1107221543645522        8.6986108008281935        1.6605847475546824     
   7.1041266727836589        7.9670428559161994        2.4623246398375196     
   6.3466788563256893        8.7346566575003894        2.4336531415721678     
   6.3785812821086578        7.9830715534136996        3.2297224352692084     
   7.0719333635296433        8.7107625795083781        3.2548685571544631     
   7.1087495951751709        7.9366181877329751        4.0801343896984150     
   6.3139412054105213        8.7856617277867137        3.9918186353145519     
   6.4249359253109786        7.9556330616709854        4.8169733076999073     
   7.1412141504632372        8.8109661443839755        4.7964725099484182     
   7.1761463611297245        7.9796457210654443        5.5281307776269921     
   6.3753428933969865        8.7078460294676976        5.6222291429320599     
   6.3462018333088670        7.9775452629329271        6.3398657064956447     
   7.1997317882792018        8.8873587851055706        6.2944413971797992     
   7.1414273123178367        7.9176716948036372        7.0592655469511651     
   6.2193390282786201        8.7010001053041339        7.2462701173646957     
   6.2045273749031642        7.9002262503026133        7.9555273748950661     
   7.0618740470864063        8.6342103961784797        7.9509944769832561     
   7.2231178777703144        7.8776601343969945        8.6763350719034307     
   6.3162815147483320        8.7293191740143552        8.7726667530576883     
   7.9295562165854259        5.0283498724200341E-002   2.0918629723271176E-003
   8.7101494812475604       0.80862054772976288       0.10419754866814551     
   8.7666696795768946        9.4427270216008825       0.74746756639664991     
   7.9461606959639033       0.82068922337487982       0.85093262771995415     
   7.9514253523707881        9.5079818967894703        1.5103387235808801     
   8.7770520310558098       0.74820535550186562        1.6091980254861027     
   8.6647774557977879        9.5059648427433867        2.4133917234658027     
   7.8591708216923273       0.82765004134713638        2.3443389426061638     
   7.8778208151571976        3.1399390140793618E-003   3.2399150970725437     
   8.6449703306536563       0.82650899700003810        3.1243669172310091     
   8.7279986901830693        3.3805844588925688E-002   3.9276192376855694     
   7.8460468474316736       0.84620173945292332        3.9680141683710040     
   7.9769983276356617        8.5651014017594687E-002   4.7193122385622086     
   8.7063103259169310       0.86147493315077639        4.7801968307632325     
   8.7187740649838155        3.4657958423885700E-002   5.4583871761650569     
   7.9144632854494192       0.92004888980803989        5.5702837744966747     
   7.9804379887034633       0.10808184572405816        6.2348253830938170     
   8.7594443771578039       0.83949412789135558        6.4214205495912697     
   8.8100493091910863        1.6265998797292104E-002   7.1111659875583291     
   7.9957710777405024       0.77707807245783955        7.1051720329342292     
   7.8236451770797366        9.5030469117051286        7.8430428274100041     
   8.7468249480877596       0.88819921463222140        7.9414776619839227     
   8.6863905683356926        3.0645955151623720E-002   8.6573784805447627     
   7.8098648655696428       0.78447548857708738        8.6935277283180170     
   7.9534471370087489        1.6533378057633754        9.4987381505066963     
   8.7138643800335718        2.3950799709696824        9.4960386548388609     
   8.6783863044919816        1.5653498456010786       0.79361049539940121     
   7.9403385799907706        2.4515818214774767       0.81255347895486396     
   7.9366994935073869        1.5734553687689889        1.6134074357508612     
   8.6850091455061218        2.3608671736815423        1.5520437828840492     
   8.6890185101764388        1.6525803274054141        2.3714326915565871     
   7.9149595948123324        2.3957230313330768        2.2807277144879690     
   7.9052518914714911        1.6011666321739353        3.1262930422015343     
   8.7025646607103528        2.4252805286525074        3.1735835391667568     
   8.7305742659945551        1.6675219071428879        3.9663940372602684     
   7.9874602627038920        2.4904267368017527        3.9680951231650199     
   7.9407509654979931        1.6107857887663337        4.7417898368805425     
   8.6951567703045196        2.3920479125412570        4.7386473009646810     
   8.7861809864853875        1.6149908170366396        5.5610316462747988     
   7.9273246350752853        2.4545576477701752        5.5099307437228591     
   7.9132267861281926        1.6069327561070794        6.3286103971343879     
   8.8668692694635407        2.4659029240248400        6.3786523889881499     
   8.8305069425312457        1.6661565452772227        7.1428334156560833     
   7.9699775669319868        2.3793298003292445        7.0961893023089155     
   7.9153496122755325        1.6005217272010070        7.9447125547446245     
   8.7677142601477875        2.3366666311688196        7.8985836397638138     
   8.6524425774912981        1.5706130855944604        8.7442552852138178     
   7.9495638210449737        2.4539032225103754        8.7193554450453199     
   7.9216125369014527        3.1926924306782074        3.4317484204987106E-002
   8.7928579482685585        4.0891764912706243        9.5192072212295926     
   8.7753473637813268        3.1135648834581793       0.70860468385152886     
   8.0100015275118821        3.9776348535489658       0.73608462958302279     
   7.9163109456474441        3.1563315604941371        1.4987096292649498     
   8.7312494095032331        3.9035381598166201        1.4968955232687569     
   8.6755570934243877        3.1831450898183933        2.3305079517974310     
   8.0023306862741634        3.9741941025659075        2.2808599701504479     
   7.9478869390222133        3.1964701300823086        3.1760654915366984     
   8.8264075894592828        3.9150846315499277        3.0525554033346740     
   8.7139772570730862        3.2254873639152772        4.0160394914630171     
   7.9760319218123206        4.0490454042521726        3.9860307894925970     
   7.9394553994288035        3.1465440237351205        4.6863808588488665     
   8.7780737851113422        3.9768293939483570        4.8779831867315577     
   8.7625732758339101        3.1412384907204038        5.4988336813289047     
   7.9608064702432175        3.9817678523468252        5.5730980439010400     
   7.9900501776893860        3.1539155291855372        6.3155065335088887     
   8.8330006642906529        4.0137009882414461        6.3683299376653064     
   8.7954697467996468        3.2607405521806552        7.3138558248556302     
   7.9635155101040374        3.9686070300766381        7.2328707422092435     
   7.9171596293841695        3.2230837914487815        7.9861618212597101     
   8.7670459535428460        4.0813742118995071        7.9117095392914711     
   8.7431719008065407        3.2352807071550522        8.7057292899002405     
   7.8436216724814685        4.0471999650785291        8.6724697139439506     
   7.9585119703033858        4.7231972447166983        9.5058832050339550     
   8.6074820032712793        5.5535995283522297        3.8727426552510033E-002
   8.7261937734738186        4.7574151682301347       0.81257779688762022     
   7.9032272620489827        5.5421573599801661       0.83205296033105236     
   7.9301454956486266        4.7066120047539473        1.5731072247061606     
   8.7822853576787843        5.5105701134986660        1.5997325277780996     
   8.7161609349123825        4.7384446886969585        2.3544489197304990     
   7.8708329618248207        5.4836713229869671        2.3993371067751097     
   7.9396793455850556        4.7421434528364648        3.2026506696461272     
   8.6577826861675273        5.4358993878362680        3.1212597476872594     
   8.7961880677912045        4.6648286156730530        3.9285559095765668     
   7.9572476618501113        5.4476219061087656        3.9265348810788385     
   7.9111625603563382        4.7391802107549914        4.8342622385552394     
   8.7986378851576834        5.4870372618630139        4.6700373982781453     
   8.8478964197649930        4.8157831193940313        5.5765047138649386     
   7.9589524023346900        5.5864689609846305        5.7154421688442190     
   8.0270983295561802        4.7125219307818718        6.3929970874007269     
   8.8034149837105229        5.6139417811405243        6.3327463194405249     
   8.8745877987544670        4.7905667588456815        7.1243969438577341     
   7.9687213346773733        5.6026713087813791        7.0777372611803511     
   7.8910413028058564        4.8674028355559837        7.8834678937094091     
   8.7602029654467444        5.5290442466860537        7.8957727646342315     
   8.7475913644161682        4.7511911846683255        8.6314148178157986     
   7.9133747234446004        5.5395032667562329        8.7252815538279815     
   7.8845158256097729        6.3778261178751094        9.4107776316493403     
   8.7279190462466243        7.0823687468731240        9.4741426097225290     
   8.8146504002365376        6.3284986106306835       0.84409109857095532     
   7.8513151612264815        7.0962527429936308       0.76887469847165557     
   7.9360189343561629        6.2731555668421857        1.6397374207663167     
   8.7133540737131643        7.0622616821191926        1.6868332075608821     
   8.7301442421050748        6.1946110036400954        2.3030871707877987     
   7.8605590160384384        7.1235531158325385        2.4477071520748312     
   8.0235858021742317        6.2826383626550166        3.1974008346517997     
   8.8092551111461646        7.0752459286911318        3.1634903808001980     
   8.8649697487792238        6.3199088173673159        3.9319984427010755     
   8.0390588491667732        7.1424759198855980        3.9719057910712059     
   7.9680371066226368        6.2714476299706758        4.8047423279529768     
   8.6319758694187172        7.0894007977666726        4.7673708216280293     
   8.7476415895313124        6.2205356763886410        5.4456692583403763     
   7.9813203439758169        7.0978488270279181        5.6306030986568683     
   7.9118264472248265        6.3187066231363822        6.3770866689212413     
   8.7349224468258804        7.0672244908345014        6.3754231643200052     
   8.7455650030605838        6.2714532163861367        7.1220658134225063     
   7.9403370434800937        7.1393166483558703        7.1096847542161372     
   7.9249149843246940        6.3229143677983801        7.8723328330827131     
   8.7300806867707745        7.1421425094960123        8.0064747314245963     
   8.7469207740161732        6.2858230064781155        8.7246620772562551     
   7.9472555950892136        7.2231906022138599        8.7222338313892482     
   7.9078385242672269        7.8546205754971821        8.1087265533655015E-002
   8.6303299704128964        8.6919682754653564        1.9700619461223180E-002
   8.7216968664737884        7.8454943878711711       0.84059866772303016     
   7.8579196112822665        8.5895218589967044       0.80925158632495775     
   7.9240047172694128        7.8554939242721620        1.6540846227697834     
   8.7174524823898452        8.7719850847424325        1.5473104004092573     
   8.6871638693651239        7.9886109007102686        2.4692055476865713     
   7.8415470713936957        8.7962434244988277        2.4038189031271857     
   7.8820674378741540        8.0860342129064300        3.1977864673632737     
   8.7392235728511061        8.7674750678754805        3.1339834162676574     
   8.7516693126759098        7.9362432066674575        3.9225186411008020     
   7.8942468675966300        8.8012441738023259        4.0332066571635847     
   8.0145937973779606        7.8923118445905196        4.7932232825682410     
   8.7931558653328423        8.7528367933448923        4.7448148735172815     
   8.6551222864613688        7.9336753141909666        5.5565955346913523     
   7.9856028298150132        8.7618106638693938        5.5276872444974829     
   7.9767606027185218        7.9841490629705287        6.3704806868091568     
   8.6821132706028070        8.8005820922028750        6.3276190563552577     
   8.7027734506306444        7.9068888178914243        7.1445684935299205     
   7.9197558138352200        8.7595434201635420        7.0850048354144661     
   7.9624067835297847        7.9248786470924406        7.8840282886538811     
   8.6919643705415286        8.8013702239414489        7.8779442227980390     
   8.6268520925979040        7.9822073999105676        8.7465737468893483     
   7.8730008689049606        8.8126065905721696        8.7726439781131962     
