   9.5058609726016439        9.3781885306047812        9.5226958208706609     
  0.83775435816614896       0.80363298819003559        5.5978281825172845E-002
  0.85881015929614624        9.4511882287963651       0.81558368715283147     
   9.4651995410063705       0.64357531397223944       0.82132441392692856     
   9.4453386905156194        9.4045581425100462        1.5967675188136017     
  0.69666703265243546       0.63730952362087845        1.5214486921854355     
  0.74825908393357055        9.5203855560708597        2.2789260587911677     
   9.5047388745615145       0.78513370827842910        2.3732996840745693     
   1.3878835571585339E-002   6.1795433653003364E-004   3.0926345842403316     
  0.80197381711111448       0.71985132799033591        3.1216762286908097     
  0.73842140910580911        9.5186697885862159        3.9449669638786022     
   9.5063305692462983       0.89168220239750617        3.8773640315226015     
   5.9937809172131663E-003   2.9754155675055176E-002   4.6859214632336563     
  0.74360677793002783       0.82871470919401968        4.8106804293130310     
  0.79680092951616976        6.9415724299770873E-002   5.6071828106245594     
   9.5088239220131836       0.82074869757607438        5.5723212915904181     
   3.7173512855162060E-003   9.8929888357881371E-002   6.3725992490676120     
  0.82594429154047155       0.78164998248611417        6.3380825466572555     
  0.77992147565254744        9.4356880840556716        7.1847322853617950     
   5.7713014836429932E-002  0.79153552902223545        7.2340445440292029     
   4.0546022440781189E-003   9.4565305207874122        8.0510060020186547     
  0.81868865001723823       0.70088377965601123        7.9320162497358044     
  0.72387850002059617        9.4559658051011706        8.7546682075257198     
   7.6981476609149543E-002  0.74511696542759365        8.7692452117980579     
  0.13217327422198641        1.5906783661617079        5.2401135518757693E-003
  0.87685972801704382        2.2712453669721753        9.5146339275093119     
  0.80154597317043941        1.5046385749627464       0.84105055464366985     
  0.12198529560850981        2.4423330671990473       0.81066644085241513     
   9.4937497697293995        1.5984856578429705        1.5267225049846043     
  0.81758044016277587        2.2603212994571411        1.6238175996529234     
  0.79297561702980246        1.5843945654311380        2.3633049643743775     
   9.5088941624257011        2.4016051288378706        2.3204169679324709     
   4.9965342941616427E-002   1.6082959406005881        3.0942509248363179     
  0.84377093125594904        2.3721093476255852        3.1261730788335149     
  0.82430902657962335        1.6124420515878182        3.7561064445791170     
   9.5155404988647536        2.3435149344353672        3.9353249360957454     
   9.4754226812025877        1.5804549111421817        4.7625972065734539     
  0.81565759178069330        2.4063544136742112        4.7215092284861324     
  0.77005723506027346        1.6343767381084746        5.5824581092073382     
   9.5176347103263748        2.3897176495723436        5.5912799956908730     
   7.9217213310293896E-002   1.6397065305752208        6.3114075021603417     
  0.86636898460898426        2.4924189989950922        6.4157107523148653     
  0.86242590382676521        1.4922625549695547        7.1657219445787623     
  0.14769648803892008        2.3984742172357136        7.2132203499457805     
   6.2876522171586069E-002   1.6530565220152980        8.0116024292060946     
  0.87799032047620029        2.3727211803638277        8.0251921569633335     
  0.80724838789240216        1.5768753872065968        8.7131226587591808     
   4.0805989586993816E-002   2.4371085719066530        8.6962714490357129     
   9.4987614513237002        3.1672760274394154        9.5044217799261101     
  0.88004002630039291        3.9484268156201634        9.5137910522456171     
  0.79729123562262461        3.2037883905654616       0.76939699982264542     
   9.4845939410840145        3.9581001537016713       0.73527456008905412     
  0.11581000006296459        3.2139119792765478        1.5236829129637370     
  0.85485613885660594        3.9571855047510409        1.5938468733341122     
  0.77385202758886606        3.1891545995661028        2.3506586077215537     
   3.9198771491285408E-002   3.8715679135852445        2.3389369188026596     
   4.6378700236338152E-002   3.1486753202246094        3.2376146189890469     
  0.76196911484049645        3.9567127551942995        3.2021322205774565     
  0.91144372613606639        3.2758095187252421        3.9414608214440880     
   5.7608157224169544E-002   4.0084820567322437        4.0386272457093133     
  0.12596839230522427        3.1550276802053321        4.7175171451450284     
  0.94701329367924547        3.9960795245772407        4.6790896105245148     
  0.76950473819689691        3.1312534249641084        5.6270272676703978     
   9.2390095857032700E-002   3.9224730083430468        5.5530195773617921     
   9.4794537999419699        3.1890363064654341        6.4319521176176631     
  0.87697895417501448        3.9438993450500153        6.3877189655607491     
  0.92470435632263526        3.2327712343939083        7.1656927608851149     
  0.16556783063765879        4.0008138132628517        7.1887556686584739     
   5.7073175972670857E-002   3.2199012485233998        8.0213173909883846     
  0.92390370885087902        3.9986444548851932        7.8374671217713354     
  0.90529908060021447        3.1681365241920472        8.6811578537493617     
   8.2136892986796550E-002   3.9569372151935607        8.7265818440955112     
  0.10053345512987749        4.7532656581185835        9.4728977517794171     
  0.81816105622718494        5.5590479431823141        9.5057527805317257     
  0.81982252265407007        4.7787349892850317       0.64554053951716017     
   9.4955758174647489        5.4932270296562571       0.76195424798619549     
   1.0068542969809014E-003   4.7025902452977357        1.5595965820178652     
  0.76677568672631291        5.5218775959383919        1.4512304290385496     
  0.83563476974229245        4.7122241834548202        2.3791958040211543     
   9.5075797634096588        5.4916963336603546        2.3455259146425167     
   9.5155034877515821        4.6981076296278426        3.1389243143047314     
  0.88249236565653943        5.4965299916990009        3.1353402209718459     
  0.94742148330403142        4.6979506467769445        3.8931135417278488     
   8.0974568912120723E-002   5.4369281502576090        3.8495751504726474     
   5.4026070375888947E-002   4.7743017367171054        4.7800071159991271     
  0.80436540401376899        5.5297006452195969        4.6425727707235502     
  0.86156311557603527        4.8160253428466051        5.4757210846768105     
   3.2476830651963370E-002   5.5314927420216531        5.6218638378797827     
   8.0633357033579794E-002   4.6974596005492995        6.3361692313042335     
  0.82812605732995137        5.6255490167265503        6.3231701283499389     
  0.89129999957939976        4.7976249820195900        7.0579043494415403     
   4.8817106822502593E-002   5.5378120744871291        7.0906080854334146     
  0.10582734370062165        4.7017420534924561        7.9460193171086733     
  0.75209287982109485        5.5310865763001003        7.8558011040039011     
  0.88684293157648919        4.7002135037218027        8.6576821556169143     
   9.4941143990380858        5.4982964449055318        8.6612330102941524     
   1.6598261995238797E-002   6.1770854440227456        9.4900825122190540     
  0.76719353119960054        7.0659210806388248        1.5049248997092129E-003
  0.79057440392427025        6.2710737681876543       0.72034230697015533     
   8.1949830713271943E-002   7.0221135729605564       0.76264393785289775     
   9.6724439298022033E-003   6.2509517683319498        1.5786339187894753     
  0.74170828417637369        7.0603361239065379        1.5893162068055184     
  0.74226869341607826        6.1440096262586064        2.3537946057160553     
   9.5044427922160608        7.0306631751441451        2.3036312894814599     
   4.7417966541896343E-003   6.2893384497455136        3.1252943406493761     
  0.79993137254992774        6.9963203555777973        3.0371600870140059     
  0.86384004592487207        6.3594905340869783        3.8773228749319473     
   9.5060045601076606        7.1435723803707951        3.9784878312978034     
   2.9247307494458814E-002   6.2466216089630802        4.7442307018692276     
  0.82420810703375968        7.0790216568618014        4.7350903508946551     
  0.80407956280545911        6.2557865510148680        5.5624268648402966     
   5.3208536633775436E-002   7.0576191196480940        5.5961682262518631     
   9.5150021336915866        6.2879236636371143        6.3844881203327999     
  0.85232616226655522        7.1999111928510668        6.3911393891224479     
  0.75625608615181605        6.3813930768837954        7.1689123459077875     
   8.0573741616393711E-003   7.1624859326866739        7.0989588303104902     
   3.4543759188260782E-002   6.4312227659492827        7.9230703929559576     
  0.77883273949172194        7.1760269850923430        7.9146461331493319     
  0.73115235933143607        6.4076605147278682        8.7708454414225585     
   9.4986749432259909        7.2376225199682365        8.7092075352756861     
   9.4530432718847734        7.9135230740072986        9.4937088051294349     
  0.70968434595229202        8.7038463441562293       0.12983630690462486     
  0.75570133369930170        7.8729812233586678       0.71839842539119669     
   9.4571264303822673        8.6830776542565289       0.74601579889682990     
   9.4128403247116506        8.0126282977475807        1.5713664559303682     
  0.77953627544839055        8.6574324828899378        1.5551272189971912     
  0.70009259933819834        7.8846873066553771        2.3786755112966822     
   9.4263952887621052        8.7914862562426528        2.4248431165557021     
  0.10242591595907867        7.8534471583098906        3.1188692351988978     
  0.80965970331000192        8.7162512025733410        3.0814754677846077     
  0.71735560044490909        7.8888323279361412        4.0732317487015184     
   2.6445948595279711E-002   8.7391583274467681        3.8714310525524458     
   9.4435720576517603        8.0123470528019638        4.8230665833009825     
  0.83942625834978335        8.6606728824298145        4.7810415397743302     
  0.76857892383662474        7.9661011281046177        5.6126273727551803     
   9.5117583599357918        8.8069892697020808        5.5567201285904222     
   9.4075109844841585        7.9550069639053653        6.3077625228801182     
  0.69827897291236696        8.7648502076226933        6.3509042543361192     
  0.81864986690627106        7.9521720661229969        7.1558016499023953     
   1.1196688668687777E-002   8.7025736183926909        7.1903701997313227     
   9.4876062557957841        7.9069827316819632        7.9001607490391033     
  0.71495206074189488        8.6208009577241089        7.9552351159832426     
  0.70790769626160632        7.8740090619885121        8.7874762757501195     
   9.4433456828377853        8.6504870794648738        8.7602345645985906     
   1.5322409043942582        2.8619828800127724E-002   9.4924719764559082     
   2.5220195910100203       0.80184265919201292        9.4952551682358077     
   2.3169445200020369        9.4933839126042230       0.85878247704328969     
   1.5617134549630398       0.76392680025537640       0.76104148524675452     
   1.5654106718982699        9.4960740573571059        1.5930498754388347     
   2.3961109351203027       0.77532211783817062        1.5324245550222004     
   2.4642063264411260        9.4482590696590769        2.3598973270103172     
   1.5202567996716698       0.71364932446206486        2.3070079248401631     
   1.4874267544872746        9.4663861647946117        3.1103823926259446     
   2.3809657565023437       0.72245236483882025        3.1212151348165333     
   2.2634207837293379        1.0336858367836457E-002   3.9541168791987547     
   1.5569026568385818       0.68641755522429615        3.9854539881593558     
   1.4926483259690240        9.4899793078276105        4.7836198894125390     
   2.3471909191753983       0.82424419853210407        4.7614430890987531     
   2.3232068418685361        4.2426744123979079E-002   5.6009575475393607     
   1.5761660499682439       0.77951727530773895        5.6514229324043095     
   1.5519968553735839        9.4839885748211596        6.3355338743107676     
   2.3284282115277199       0.81051112357720811        6.3938275270142650     
   2.3965272738053982        3.5537718142868838E-002   7.1252859390232519     
   1.5683223032932210       0.71612438947981993        7.0932864465970891     
   1.5272914044225376        9.5206444840513527        8.0403658463334260     
   2.2880021407824640       0.74938987815544833        7.9040864020858148     
   2.4106254606813575        4.6143073044165192E-002   8.6936167740400450     
   1.5893656409188130       0.76716513553081123        8.6804477749238114     
   1.6611972992962125        1.4934906041548985        9.4619662242855540     
   2.5130935986158045        2.3212694206931546       0.11943691211895797     
   2.3891255332493739        1.4655286295994283       0.72495732149915204     
   1.6135070675921110        2.3892014805667854       0.81496593653129701     
   1.6433657221696467        1.4990287952930017        1.5092545314415113     
   2.4241359429808238        2.2394285986569127        1.5419695073309416     
   2.3685553177657050        1.5727517660031107        2.3866411374973966     
   1.5497158468209944        2.2982660591717221        2.3539594034660651     
   1.6196203469211670        1.6335019052132651        3.0559527020108708     
   2.3691494761360383        2.3367491366626529        3.0978538967786631     
   2.3950673220785967        1.5282337492205935        3.9126770095365355     
   1.6227718526830974        2.3411739611794942        3.8839931886619703     
   1.5497414698087977        1.5980155450856093        4.7130891309952645     
   2.3787889036333492        2.3120460933069351        4.7292656121743386     
   2.2520404037440951        1.6090258239923909        5.6091803179614841     
   1.5991228316177826        2.4495102903784152        5.4980142404139674     
   1.5310773636698560        1.5682216022993694        6.3708940558218847     
   2.3716206758545124        2.3728929971371371        6.3386259049551370     
   2.3115784231320413        1.6034985817103495        7.1840301671758739     
   1.5170983305577455        2.3399081934923447        7.1340427657032350     
   1.5729019506042503        1.5089719646778492        7.9265194438128619     
   2.2795483492556059        2.3831400532932530        7.9195000721753157     
   2.3827766684546665        1.5555593573683733        8.7286763118017170     
   1.6900890537500959        2.3875779098850334        8.8978254926772351     
   1.6702968779550402        3.1580417674344821        3.3728047321822510E-002
   2.4237831114131212        4.0228576305228412       0.10399784099860326     
   2.5378597885288672        3.2024817187232992       0.92505452359255547     
   1.6482869254399222        3.8992584142786577       0.79975387266954623     
   1.5483104362338227        3.2033244020593972        1.6282060131884766     
   2.3461541230770084        3.9548443683742525        1.7318513433066292     
   2.4584305937595183        3.0149552954594165        2.2169540213794616     
   1.5144599121396405        3.9990336015138941        2.3672522007211931     
   1.6830209932061664        3.1261787855225935        3.0574482846991100     
   2.4135880218621137        3.9458544294333868        2.9896334312327553     
   2.3238186954846474        3.1077952707698326        3.8192051254588222     
   1.7027265962198739        3.9780058255508366        3.7895064948330703     
   1.6782600022546916        3.1675514569916530        4.6799569497635849     
   2.3746630834283606        4.0195208119825692        4.6764906432476545     
   2.3177245484275870        3.1345512623775931        5.4943585109015576     
   1.5710555560277544        3.9321367971642913        5.5349564263203019     
   1.6477226754419880        3.2132054027378447        6.3174048573534813     
   2.4317210900672279        4.1802939581166578        6.3203263508004612     
   2.3691208591542394        3.1723699777417114        7.0976230778486364     
   1.6469421532499664        4.0377657976081531        7.0275691224768790     
   1.6767784798230745        3.3013620142048916        7.8813027245898430     
   2.4378186649421814        4.0691393177099435        7.9599636835185903     
   2.4577537741350697        3.1290792310622439        8.8535812617253491     
   1.6806194490678898        3.9030149979719031        8.8512699847130865     
   1.5946720454172980        4.8214737025690626        2.4402804791610902E-002
   2.4306879980398381        5.5012162714987056        5.5299714744894424E-002
   2.3928873727733593        4.7540001318921998       0.87276588579454717     
   1.6006639762902417        5.4866260815137160       0.80014919967630316     
   1.6279866859921714        4.6859942004711295        1.6277942364492748     
   2.4205097690838238        5.5449204718453737        1.6691909720749969     
   2.3556818843442233        4.7873536903832834        2.3278151670016478     
   1.4757638128283328        5.4724465824514983        2.3128308657014331     
   1.6149761673580050        4.7595674347193109        3.0804731873880704     
   2.3504061277467758        5.4860100306860922        3.0707571465412964     
   2.4325152240839460        4.8504108285821532        3.9389103430150767     
   1.5890773591090193        5.5031844472428597        3.9324465864227642     
   1.7206409953468691        4.7643517428045259        4.6828270264519904     
   2.3259327867602884        5.5588968938464784        4.7657842432379161     
   2.4158416075385754        4.8034228850462855        5.4370144906465594     
   1.6436520880301919        5.6722953336827926        5.5388835476431906     
   1.6304183799119822        4.8935009078810303        6.2894124791742057     
   2.4123792505902188        5.6297976191479098        6.3967353919055121     
   2.4695578310256336        4.8385330635363903        7.1402635564629726     
   1.6218878601156355        5.6130787789321515        7.0965388034576700     
   1.6597050282973482        4.7824099279617096        7.9225644077521675     
   2.4271625817311002        5.5817555891478818        7.9567909831687524     
   2.3202995912587001        4.7361752957886214        8.8473072699215738     
   1.5226813641960395        5.6113058706014316        8.6395012999942224     
   1.6123457948308308        6.2842550517114582        2.6743987104338215E-002
   2.3755863251717417        7.1169537386917883        9.5222086301160065     
   2.4186991907618878        6.2827175182597967       0.78155073026502486     
   1.4994304336134872        7.0108178405398016       0.74946131659601700     
   1.6005075829578710        6.2479096544449799        1.5592473397098134     
   2.4133085826949028        7.0984523147722660        1.5512264964579037     
   2.3801509169881028        6.2677698992090924        2.4370417442377241     
   1.6147998201967981        7.0431810224032212        2.3829503730102219     
   1.6370649213693524        6.2448626976822403        3.0850111623682399     
   2.3829635541735552        7.2171210857150037        3.1806878284262523     
   2.2812293175863116        6.2700733566516602        3.9046343130816124     
   1.5967182043532553        7.2148427142913771        3.8499014514117618     
   1.5678703684549198        6.3575622587267757        4.7210960933145163     
   2.3371704778231179        7.1834862556380195        4.7488530941335245     
   2.3885259122763753        6.4768537184328769        5.6231873589348584     
   1.5207974198385883        7.1777102642285291        5.4919383224534339     
   1.6309973172972838        6.4392485008695628        6.3211444073398981     
   2.4345646034976047        7.2060618961104996        6.3422183522376967     
   2.4693705877230454        6.3528939660517985        7.0830584373957342     
   1.5932147014525839        7.1705913278302349        7.0965716264582719     
   1.5258927567563041        6.4262887298988955        7.8387079795032282     
   2.3621936606751870        7.0734634981518045        7.9064042134783872     
   2.3413500057668521        6.4156446266017371        8.6983585467132798     
   1.5135808325841622        7.1582811799918042        8.8140948584304670     
   1.5177899744749084        7.9148754437866602        4.2745645565645210E-002
   2.4119255626767626        8.6574378804130792        1.9547807886166557E-002
   2.4203764090018844        7.9396606736305158       0.79445453773327734     
   1.6637938293012378        8.7259511502234393       0.81333366049800770     
   1.6125089846708196        7.9240508354522419        1.5968527304012721     
   2.3279012938035648        8.7048103007281323        1.5971856517743721     
   2.5039304276023948        8.0413074980418191        2.4385893550348476     
   1.5752723626282923        8.7256995105417055        2.3956893806509405     
   1.5839547711840181        7.8541030172111697        3.0623353357632150     
   2.3142086504434096        8.7547041666349639        3.1755979072983527     
   2.3696674583745949        7.9921398021502812        3.9666453684641798     
   1.4602979627993107        8.6955340906035374        3.9110325000953940     
   1.5697428840466729        7.9997368434262608        4.8248036003169066     
   2.3310221850085013        8.8175287863152398        4.6756969973005420     
   2.3029479451109087        8.0321139845316640        5.5705062824181448     
   1.5657385098256582        8.8031120968513008        5.6053273379757540     
   1.6022315185023088        7.9681790808526429        6.3354529047737600     
   2.2963837348220850        8.7736139831997662        6.3858757778647082     
   2.3639882282444344        7.8493050768532973        7.2471451680780525     
   1.6168804028024728        8.8319146181139789        7.1706347360203306     
   1.5262068940179876        7.8848454501508449        7.9890552902781362     
   2.3085291057473754        8.7359575599595338        8.0273427834416573     
   2.3623114202868023        7.8971112799825107        8.7399473957809324     
   1.5070634061087209        8.6317293876901342        8.8322051993182971     
   3.2439463851550605        5.6877921779763467E-002   9.4928552744680417     
   3.9707329827037348       0.81482676046567315        9.4593757482606016     
   4.0253508904598387        9.4457953139575821       0.78796428144157715     
   3.2612129052851317       0.62609681446484777       0.79631312042770397     
   3.1245323715611839        9.4979288457896160        1.5797117327131922     
   4.0411043486097871       0.78238547643766532        1.6347264440009979     
   4.0255020280407203        3.4250821814309808E-002   2.3268440626750841     
   3.1297950440084183       0.74535124386818796        2.3855239036707800     
   3.1714883046673963        7.9889444906448542E-003   3.2170817619792804     
   3.9910936058146982       0.80145695862725663        3.0986690631953997     
   3.8584993910698664        2.3138428818000410E-002   3.9411021046450130     
   3.0967257198926985       0.78991541830866707        3.9879130409960037     
   3.1106033090500342        5.8404218463535919E-002   4.6879690554555236     
   3.9032741555146169       0.83653077615170879        4.7936957744497573     
   3.8726751401515491        9.5238145935241771        5.5405173277917585     
   3.1050938406278146       0.76105122358861710        5.5136353210537310     
   3.1073923223390891        3.3504303905562451E-002   6.3418771180597950     
   3.8439898676730562       0.75158386874989691        6.3816507811693146     
   3.8634075677929682        9.4405035016262513        7.1670653023944659     
   3.1176268531591012       0.85020958071911068        7.2342230828265066     
   3.1292368617594692        9.4008482488796830        7.9179992855363306     
   3.9646061998149356       0.73215493718021329        7.9472323456869534     
   3.9933543002648562        9.5041673001337887        8.7484645382627964     
   3.2007899022458930       0.72568262334322398        8.6587054619541792     
   3.3212627595199176        1.6042244600262356        4.4143079860259858E-003
   4.0749579234584621        2.3980909850947394       0.11161893521432510     
   4.0931724136922156        1.6087960829296226       0.79399744418429696     
   3.1726514034479880        2.2408207467040619       0.94882188355378738     
   3.3058981739202702        1.4910990462610905        1.5703738152193436     
   4.1398935849737262        2.3296539180931095        1.6554390098589791     
   4.0867847765510055        1.5745222778124377        2.4200546758396637     
   3.2138372751840460        2.2539511690179626        2.3709698831733799     
   3.2110293644799435        1.5952978867166874        3.1958598442332353     
   3.9259010883365320        2.3338184787290150        3.1851061031731844     
   3.9292353072228199        1.4589453390597744        3.9791758260018057     
   3.2098850485008157        2.3431746790082735        3.9683043081751088     
   3.1195663318135041        1.6263691360168011        4.7104693428345890     
   3.8900430352134188        2.3784175618126602        4.8863786776352756     
   3.8834330017913632        1.5788130503446134        5.5814749851943288     
   3.1294044432979460        2.3501015805837868        5.5667629380374564     
   3.2081325814027086        1.5025095765541958        6.3748113178420835     
   3.8298087335841360        2.3686483570433081        6.3918430092339822     
   3.8818472358086651        1.7338455543198654        7.2969807265398714     
   3.0970210459958900        2.4088308952194670        7.2968779309212835     
   3.1882572131550226        1.5431554321369538        8.0465795784275915     
   3.9889339425217551        2.4580802334520451        7.9612513530468183     
   3.9778137957310036        1.5922461867921756        8.6714370107273790     
   3.1979316189985822        2.3521507129989270        8.7344774907932550     
   3.1899971449544964        3.2197076183773823       0.15108202357022479     
   4.0298763430004723        3.9591733093531460        9.5721872920296727E-002
   4.0182758625037831        3.1109443597903055       0.86585390143408592     
   3.2259354005076495        3.9538975791424957       0.94469758395509229     
   3.3168694426164222        3.0410579338188124        1.6555101183365535     
   4.0558794351248997        3.9530166918141174        1.6564038491289341     
   4.0135571164206292        3.1469951593884509        2.3875182447539327     
   3.2355253051727368        3.9320833916869340        2.3718664239181892     
   3.1814554558429151        3.1687476549148403        3.1002216005479037     
   4.0007129132840333        3.9125362477948524        3.1689060475687412     
   3.9885276857285255        3.1770376493542631        3.9091226453176859     
   3.0943333384524978        4.0023523390393132        3.8737749254863130     
   3.0349248999669958        3.0934018621836668        4.6636566808997095     
   3.8533454321332066        3.9271509284864607        4.7323590250775904     
   3.8442917649016835        3.2469095296354156        5.5786134926123037     
   3.0906273138091551        3.9672143546051633        5.4543335213033544     
   3.1447749344959184        3.2630876415384411        6.4632851077369793     
   3.9743703014948375        4.0351447197897716        6.2815411221734427     
   3.9208643898509425        3.2442853353722034        7.1982638329557123     
   3.2337691889786004        4.1044541074593113        7.1434058311491127     
   3.1171881117070841        3.1243410753685423        7.9616542522655811     
   3.9184648740764088        3.9433767689813819        8.0518594139689910     
   3.9495981849708981        3.1601995086423225        8.7765021633800000     
   3.1961811277873431        3.9180966372730879        8.8638826193637055     
   3.2468085098380661        4.6975770729546813       0.15653200155252978     
   3.8624158437885567        5.5756021317815074        4.3937536303240710E-002
   4.0516626266639912        4.7022010857276566       0.82972253856546474     
   3.2229270233171881        5.5916232713164060       0.88412985327769411     
   3.3251034739193797        4.7426420754807586        1.6739957553728588     
   4.0163256273517778        5.4798586003574190        1.6530943234048467     
   4.0262087170629242        4.6897707630114951        2.4278846666537266     
   3.2440246260981747        5.5377665302165644        2.4493631137885936     
   3.1455998936877592        4.7660488026319570        3.1070412795998568     
   4.0088057465026763        5.5651695056523858        3.1768077556237961     
   3.9751579413894929        4.8090819771999822        3.8997137767052177     
   3.1776885556334320        5.5972241506851734        3.9547624873322005     
   3.2309154380452108        4.8073376366653742        4.6951227379545113     
   4.0400615674817821        5.5801247771849587        4.7816675944912035     
   3.8803997693431547        4.7779289774545690        5.5550920370406853     
   3.0788451790825624        5.6107526040545244        5.5757528754776198     
   3.1598469639983704        4.8665782115263170        6.3026466616243644     
   3.8946142871154721        5.5860067330126570        6.4259327237409467     
   4.0109709450976592        4.7728546571776063        7.0779262337258446     
   3.2570337185459439        5.5715025298475886        7.2048494148475193     
   3.2573331585026066        4.8476052210594203        8.0242375645544008     
   4.0642016893614512        5.6260266332002544        7.8681963553686112     
   3.9448657736332802        4.7375723224641328        8.8619520399200677     
   3.1624905286140224        5.4990049759357635        8.8463828503322954     
   3.1707484638986583        6.3246726125148998        9.4172760740767494     
   3.8960486269188919        7.0907962053598723        9.4895601132085226     
   3.9218127336181383        6.3109043056287764       0.71187414449823805     
   3.1466962488747416        7.1317721751067351       0.82885744721876087     
   3.2435794695802569        6.3579378359269390        1.6457775242151149     
   3.8858631662485417        7.1710836079028484        1.6395763308769657     
   3.9905510895620844        6.3698586808420190        2.5256724469142742     
   3.1078395339934199        7.0966220923248020        2.3900511949473593     
   3.1375872753620984        6.3232816150207656        3.1530846352309374     
   3.9095811039060200        7.1652494487163567        3.2311139555633281     
   3.9926406640978351        6.3814466260090255        3.9948530807398326     
   3.1399624411532998        7.1133195349138747        3.9497076633291908     
   3.0446043603753212        6.2926764985154664        4.7368910862463407     
   3.9433955953262463        7.0944128793765460        4.7611448809206030     
   3.9972905994104004        6.2795012931716458        5.5144615083904709     
   3.1770997172584452        7.1029197296442046        5.4985651791911287     
   3.1502877426742257        6.3630909192831853        6.3317825067370253     
   3.9836553414116174        7.1347387167906131        6.3959649857691039     
   3.9202109777348197        6.3365260083732720        7.0542358364854580     
   3.1478966123334873        7.1389628758977413        7.1017952858461273     
   3.1546124813083081        6.3026595353661872        7.9247363753591653     
   3.8640841420393843        7.0735381671076762        7.9062806282400730     
   3.9142655907834136        6.3475817677070427        8.6548875468884283     
   3.1518685971162066        7.1146360659622818        8.7020382336919297     
   3.1759075418499432        7.8675363427250913        3.7448603092167673E-002
   3.9664508996215897        8.7315728623264093        7.3603482594018360E-002
   3.8700385063356970        7.9162650803216588       0.83438665366058407     
   3.1492584364494225        8.7401464962499915       0.78052208797211164     
   3.2002447462670043        7.9253981998152252        1.5842962596365591     
   3.8853183023118238        8.7677318194309990        1.5219183808865755     
   3.9865227423802305        7.9093255461483762        2.3163646841992609     
   3.2487062248069924        8.7908812859918015        2.4711710854357887     
   3.2261466978573812        7.9622483788503073        3.2098705790238240     
   4.0417995214958484        8.8952416217665178        3.1989335422534912     
   3.9876759165437492        7.9950339846688401        4.0523799887966607     
   3.1677140865044540        8.7355792869924507        3.9355426579332193     
   3.1296749560958466        8.0504296662877994        4.8241201302890300     
   3.9151075399339330        8.7478981142744487        4.8593127319375533     
   4.0164349852394698        7.8255271177290480        5.4857569132791957     
   3.1191148261154669        8.7868103622129858        5.6123108541492490     
   3.2345045058725175        7.9996773879399061        6.2742012239565570     
   3.9509459388144270        8.7634143754931824        6.3589209603857197     
   4.0297162476510682        8.0017667544816629        7.1309254402999702     
   3.1259441585096122        8.7098720668706271        7.1135347860009492     
   3.1897942149459468        7.9088257216953686        7.8916681834332145     
   4.0172614313469222        8.6879204100168810        7.9141518875207924     
   3.9734420018319705        7.9117028362122337        8.7525045915640103     
   3.2185553156439290        8.6642197249422761        8.7934379163936729     
   4.8429871398018820        4.7363326433146516E-002   9.5041937789051811     
   5.6663379805225746       0.74594723840558641        9.4937471247906355     
   5.5921667534872102        9.4793102079648470       0.81447962163366927     
   4.7391127563873594       0.75536116327664193       0.86035455703848451     
   4.8085461274768431        9.5124457533065669        1.6428313817518190     
   5.6090475883073250       0.76672617956906197        1.4620067292871008     
   5.4987788823022870        9.4643667226050141        2.3674731490274357     
   4.8466895365974132       0.75172486794384952        2.3247269534899098     
   4.7923226159912131        7.5605536888881711E-004   3.1050242654200293     
   5.4678157507789082       0.74516357927454546        3.1759350134444251     
   5.5573142377609859        7.6682205027196484E-002   4.0086477565504124     
   4.6900125009060112       0.78653376142765441        3.9923565195852571     
   4.7343686966588043        9.4781592644521044        4.7743863990627702     
   5.5328923560638330       0.92228311359079185        4.8245937394204148     
   5.5253512129787170        9.5382008519943010E-002   5.5517051003581352     
   4.6406354290662550       0.87892703042461129        5.6453716573884751     
   4.6767103637542720        9.4805592827930845        6.3797339838568101     
   5.4764467372774295       0.81231738232410411        6.4629388394561085     
   5.5137476049894083        9.5030303203549646        7.1721363141947378     
   4.6241027587410208       0.81022541211156107        7.1960054863706651     
   4.7767387672337858        9.5199753158805098        7.9106966616694363     
   5.5119753433120664       0.86284598982373473        7.8236479644552634     
   5.5574764182837111        4.0677190894737258E-002   8.6506767595874585     
   4.8563058855789816       0.83255766139504273        8.6889564122825558     
   4.7832659388258341        1.6249236739861637        9.3823264959463781     
   5.5852582618383746        2.4559596383144311        9.4878054560939020     
   5.5478348273749019        1.5881503875738878       0.66476902707139596     
   4.8965219263828086        2.3775279041718931       0.79778371440276152     
   4.8532004839897107        1.5161251270267566        1.6034066555588740     
   5.6444117565975391        2.2686101904778306        1.5276752064385573     
   5.5337460110006571        1.5501920748034250        2.3901289171372402     
   4.8263003379908138        2.3698807898334135        2.3562674638806866     
   4.8036933012815091        1.6650299734297986        3.1754618347416170     
   5.5232718101945775        2.4453137526133166        3.1704504100812385     
   5.5584185095892327        1.5610596720686125        4.0004638604573524     
   4.7745917059526350        2.3883432855466742        3.9960610102813501     
   4.6700617676949401        1.6446035388875009        4.7880574822933530     
   5.3940253886606646        2.3762988923809076        4.8362380082726757     
   5.4546625826760629        1.6339208551369993        5.6527840258552340     
   4.6320385978534411        2.3983146557780888        5.6458999284485181     
   4.6106472227264472        1.6837883057941789        6.5251610718631978     
   5.5245367842068083        2.4293603486927045        6.4035054376255545     
   5.5172467826803313        1.6914480872652002        7.1857695385931439     
   4.7552461862442366        2.5083399894208465        7.1729941146520950     
   4.7291727491827560        1.6548992831998415        7.9195565729667292     
   5.5101745532553537        2.4413823101057091        8.0180533590767311     
   5.6048949167470186        1.6302553232719945        8.7058237974249835     
   4.7723833586472821        2.3895463115473508        8.7157510594933427     
   4.8551459397770396        3.2270072249883910        9.4896220838349805     
   5.5771538357093338        3.9748889216734131        8.8459407670639492E-002
   5.6113478923690643        3.2285102196171027       0.83727591285658354     
   4.8809533015404165        3.9818934255930714       0.85744815212318604     
   4.7545413631395386        3.1789485891828830        1.6181460833705452     
   5.5125981918521703        3.9318249321152585        1.6276205472089262     
   5.5971317330201602        3.1618298540895728        2.3768518925654072     
   4.8315432562885556        3.9507096765631258        2.4642825309966412     
   4.7489765455291169        3.1502549413587744        3.1800320800699140     
   5.6067268343334833        3.9288418050600340        3.1562439053527931     
   5.5255298173607441        3.2200121245203785        3.9163737421207907     
   4.7638993666814082        4.0434555903379810        3.9123906902962302     
   4.6770165173325671        3.1571219591973088        4.8257661074682066     
   5.4287913002410804        3.9398482361208327        4.7596447282293770     
   5.5475674424108199        3.3807767344640358        5.6091384367156385     
   4.6785626622388454        3.9920860793624802        5.5362629923219187     
   4.6963512055939978        3.2240350142302514        6.3073524013074165     
   5.3861282854118606        4.0499975335056941        6.3422939688238653     
   5.5007985491597022        3.2832980449378413        7.1423259245725017     
   4.6610235855716722        4.0330885649593853        7.2144043511910931     
   4.7588900460426018        3.1494849522160351        7.9686532643196717     
   5.6173039094638320        3.9576617567220338        7.9584771625175872     
   5.5409377982630170        3.2225099160079820        8.7750265542508572     
   4.8342163090817216        3.9811865735491270        8.6683689648238342     
   4.8573885875556133        4.6148230113830584        9.5166095346733481     
   5.4954050408760482        5.5676662632190395        7.6049072201727255E-002
   5.6075193836572064        4.7603303040651266       0.86662411184672450     
   4.6885749621555926        5.5471643725304087       0.79791339400491823     
   4.8307867332045937        4.7090254251839463        1.7754085497335019     
   5.5324571694696649        5.5842948465531768        1.6300392955759508     
   5.6430991018304839        4.7688215760894268        2.4834406617889737     
   4.7247553945174365        5.6339423179858574        2.3535726899449196     
   4.8631285763457175        4.7923594251733457        3.1028979184290595     
   5.6282758090808329        5.5389682017068571        3.2269106380462724     
   5.4861010580932543        4.7192974582750074        3.9515700086689050     
   4.8453265450402352        5.5149289250952691        3.9346813163792982     
   4.7359671767818616        4.7316248673564623        4.8015283052781204     
   5.6042120443531829        5.4983453144906678        4.6871877796689354     
   5.5607812119519098        4.7109928985684846        5.4511891724865569     
   4.7898769389280993        5.6285409831787643        5.5868899929756415     
   4.7043727284936727        4.8513774653523987        6.2278130248327761     
   5.5110821362815559        5.4995081761554570        6.3843607067267465     
   5.3977562688991432        4.7822120160950989        7.2233742341553855     
   4.7615837922073823        5.5520737113906291        7.1151232489906615     
   4.7141098261562506        4.7356662954363884        7.9960839905949941     
   5.5522542737270424        5.5696123556297863        7.9716852894855288     
   5.5274583055930533        4.8537124038432644        8.7184966410033873     
   4.7174831526460537        5.5807664682108911        8.8515342478591350     
   4.7507710029840062        6.4078858249179689        9.2035004759727559E-003
   5.4779004003583944        7.2377120110831283        2.1878867348930044E-002
   5.5561445729847385        6.2764666101972120       0.81867928233424070     
   4.7192073573637563        7.1043980334539922       0.81760017362048787     
   4.6931551150323410        6.2988598816931365        1.5939525631459663     
   5.4687055896987324        7.0233662364462166        1.6664763909991196     
   5.5563829282317290        6.3040612486888339        2.5214953564109397     
   4.7872470432017256        7.0817579421988395        2.4155084983789936     
   4.7330884847603922        6.3396450699089986        3.2644086444009326     
   5.5874595685997326        7.1220191227856517        3.2496473431665569     
   5.5931538529560729        6.3437292602741859        3.9420633834217704     
   4.7623542639742773        7.2262686388239850        3.9390660683996326     
   4.8812837764395125        6.2637233384678304        4.7594396695726493     
   5.5053615463837255        7.1629017487982480        4.7421125162525053     
   5.6364799907876089        6.3858953752686487        5.5418892042160994     
   4.7977462227788035        7.1181923620017811        5.4668289092742803     
   4.7545011927196326        6.3736816003812748        6.3468708269841274     
   5.4953083033791703        7.1222011561224292        6.2952827359537880     
   5.5632794235896146        6.3639325790144152        7.0349707576611777     
   4.7373694071751231        7.1558879970303986        7.1000801019199988     
   4.7075790880993935        6.4183048850240469        7.8590715567341887     
   5.6598964164465695        7.1837084343734734        7.8281197492720977     
   5.4850850195266769        6.3750686748569247        8.8008109210158860     
   4.7830415587803357        7.1990310616180144        8.6294797432931478     
   4.6303838678689448        7.8531335751615901       0.14359116450967344     
   5.5583116422962062        8.6144832720908315       0.10105406423360824     
   5.4918581620418720        7.8441668995265124       0.85921169434910205     
   4.7474016344479688        8.6827644984901227       0.85409572842010173     
   4.7107587196514853        7.8192305160599354        1.5848524358802201     
   5.4645567092028404        8.5815328380795002        1.6207972183733470     
   5.6096020301137006        7.8850374969982102        2.4412298022333867     
   4.6862917799182524        8.7020989348901008        2.3165355791493716     
   4.6880397240413538        8.0121323297838156        3.2164179134755368     
   5.5835565844952821        8.7922257731500331        3.2074242679028098     
   5.6221677409272450        7.9264615848099975        4.0526504775847405     
   4.8621403271070474        8.8241301125096285        3.9586397988163773     
   4.7814772713000293        7.9545710673988017        4.8073092531585253     
   5.5731242697554242        8.7057115901158522        4.8078163463643531     
   5.5989738273466969        7.9333648212055667        5.5439753590690257     
   4.8111196597513706        8.7248650409800810        5.5985230165092590     
   4.7729264207734969        7.9489009753195257        6.3186568091790516     
   5.5694838035466763        8.7088225165477073        6.2815088844781064     
   5.5583181439596014        7.9946632858850251        7.1213227892938828     
   4.8191562702051618        8.7150855417162010        7.1407339468915243     
   4.8267276425412575        7.9822012999046041        7.9460526152706832     
   5.5322226470119453        8.7521826935304041        8.0030277435855055     
   5.5730735353539105        7.9264030876383602        8.7354735198776332     
   4.7771190761136566        8.7075064013553138        8.7655235077203422     
   6.3448251157924300        9.4717996135548450        5.0268206938681601E-002
   7.1841394854132368       0.81601945166063838        3.1166606743450169E-002
   7.1389018510893756        4.4518630034615238E-002  0.88240234188927680     
   6.4384512404706022       0.92468105525236899       0.70526891843170880     
   6.3253819247451863        9.4189416421023360        1.7299416503842167     
   7.0905711940590272       0.79589204612675424        1.6272047791795567     
   7.0965025378112996        9.5112131445780985        2.3956124883021257     
   6.2864936218951613       0.74890006055869207        2.3002265337925181     
   6.2544305614468598        3.0419906477087044E-002   3.1626072210825242     
   7.1276714366163034       0.75868979928916114        3.1690598139772370     
   7.0564251640816700        9.4772878365459671E-003   3.9738632286543698     
   6.3223208559832056       0.85023776293065723        3.9400128204925622     
   6.2814158295848577        4.5965321282599794E-002   4.8121276685463954     
   7.0667909754950049       0.86030176033379435        4.7541060347414490     
   7.1502210246870286        8.1948257911497679E-002   5.4902847432642332     
   6.3071191838582239       0.92075533366617390        5.5382748221462590     
   6.2906622863608099        7.7861962689520600E-002   6.3222784845744417     
   7.1191415361779100       0.73475743202179866        6.3645076851318834     
   7.0559928283788302        9.4325652915703806        7.1449066804288321     
   6.3467370181216003       0.78550264837127215        7.0938157440675464     
   6.3488433812602443        2.8330356314777917E-002   7.9275342105116051     
   7.1357206759603402       0.82251234257767059        7.8498208098059488     
   7.1161013754912483        9.4545780865035827        8.7422207136648549     
   6.4640475337847256       0.78245964726947481        8.6393426166344778     
   6.3091777622538636        1.6281992006727533        9.5112354442563358     
   7.1482508663598292        2.4341527992448673        9.4583574937537289     
   7.2503100138176020        1.6219474756046435       0.76058014736290147     
   6.3335298582199515        2.3421026225087278       0.78879369592531590     
   6.3400527362122325        1.5241505229624788        1.5665253198345543     
   7.1946347221827596        2.4065684121908615        1.5135194834790624     
   7.0495775322396064        1.6070205979063101        2.3568883739372621     
   6.3523778904228401        2.4034873964842074        2.4029747894131614     
   6.4217634175615803        1.4962047065869688        3.1319272315337114     
   7.1137438365263250        2.4005712676766566        3.1031646108969215     
   7.0982584123715133        1.6385772343252569        3.9834096225875637     
   6.3405785288790648        2.3957204851856839        3.9294366000140366     
   6.3140982077920080        1.6756726835314981        4.8113718394356892     
   7.1411049110938629        2.4054745045825303        4.7459112781100004     
   7.1129396434396472        1.5812884505670710        5.6599455107435954     
   6.3339671612115591        2.4799444365217242        5.6229303960758017     
   6.2971408342062594        1.5710782742037548        6.3991181771109460     
   7.0913174710143032        2.3990292556759965        6.3945660527519905     
   7.2139031600952226        1.5696613558025811        7.0502337947897304     
   6.2658693114367043        2.4688781972562359        7.2093316297722332     
   6.3828222353816537        1.6400491770672809        7.9367994621330773     
   7.2093409868964233        2.4346106208911640        7.8176598471999377     
   7.1625196280223280        1.6865179699652029        8.7720666970373031     
   6.3480110089338551        2.5145735480468323        8.7695401836866136     
   6.2159270006400327        3.2356200440674567        4.6337997311064201E-002
   7.2187213116124109        4.0095129117207255        9.5195618226703669     
   7.0969920152638091        3.1555310781990977       0.73361998079070578     
   6.3874709285745670        4.0071061649820097       0.80933817920487783     
   6.4220366944170415        3.1366159284386050        1.5499579762939579     
   7.0750512728825541        3.9440574172903213        1.5429922120736630     
   7.1757249534817547        3.1951049873688877        2.3852157226380877     
   6.4322641911587706        3.9233868290899818        2.3559364498018462     
   6.3738056472622100        3.1032791076588380        3.2228483934840249     
   7.1085983879272767        3.9518793297900792        3.2640966472013124     
   7.0637511971506433        3.2123912510733272        4.1548094125470261     
   6.2890020319938422        3.9544829077684782        3.9594496567966120     
   6.1719210243555747        3.2093235791220156        4.8022829289350337     
   7.0512507118638208        3.9823254223604949        4.8173007172890951     
   7.2012916763459893        3.1850307795239812        5.5385725061191371     
   6.3398152919756301        4.0507837505112168        5.6632486264831350     
   6.3086305901047881        3.3445231433968798        6.4381936816111747     
   7.1636988098243650        4.0515860950052138        6.4334568898752309     
   7.1372930020889127        3.2901337475749153        7.1560901665498395     
   6.1920619067304061        4.1344072572099186        7.1412979014741413     
   6.4072544246420238        3.1864049830200232        7.9653117498866832     
   7.0142053601855539        4.0384017893713464        7.8931519442324873     
   7.0888785878152731        3.3226486155767350        8.8202084476326306     
   6.2969264711260111        4.0226364290866350        8.7624420917165988     
   6.3027239158281807        4.7198398722321704        9.5016895346233294     
   7.1103224278565351        5.5496028534343429        9.4703201731514675     
   7.1204629476427019        4.7704504087109632       0.78491711994780133     
   6.3040981217698429        5.4933246190183400       0.82055454391442717     
   6.3543400467564304        4.7583548973555381        1.5524636108583547     
   7.0506500850979652        5.6199082709712966        1.5694535250655250     
   7.1003701387716163        4.7610165039595351        2.3723215109811138     
   6.3346838070800962        5.6038306962285063        2.3790610367371992     
   6.4163096349951765        4.7232279050179011        3.2934214406144497     
   7.1031950707300959        5.5260270447205118        3.2213720693130883     
   7.1172121636954557        4.7979771223577812        4.0253457679691174     
   6.3900147924708355        5.6234457556982740        3.9927484637460355     
   6.3762308951570947        4.8167460197515206        4.7269955216047217     
   7.2259414841428562        5.5548870890288118        4.7815118268803767     
   7.1253315705751907        4.8279929289859664        5.6834636513898964     
   6.3706762778803894        5.5369804673976830        5.5706844343186548     
   6.2844946254525764        4.7826627934682975        6.3841018611921783     
   7.2366753782678472        5.5787111608023663        6.3741567058507060     
   7.0777721535591382        4.7715784367431882        7.1223699192779861     
   6.2704575944722603        5.5960940949196898        7.1230433049966102     
   6.3096139929078188        4.8947243540331851        7.9663163597927129     
   7.0702212304251972        5.5802692556771980        7.8279308204933926     
   7.1227141476048939        4.7217645816591478        8.6925631677308601     
   6.2914753384522362        5.6455794185089685        8.8253693023456368     
   6.3471205515394171        6.3663977290113749        1.5760359145979209E-002
   7.0738686055490279        7.1216325460563521        8.4775998942009101E-002
   7.1256035567157348        6.2974333169703334       0.76102467755405734     
   6.2890847844834976        7.1320918385777352       0.87370902011476237     
   6.3264392048782705        6.3791727918924988        1.6955095987204751     
   7.1709960548997502        7.0999573407563172        1.6403770131297013     
   7.1958686515287082        6.3519455971911869        2.4631534860134252     
   6.3758289516613349        7.1631383358190188        2.5780378961042048     
   6.4594637186392081        6.3605204979964922        3.2524316506268289     
   7.1822375154689508        7.1893377011274211        3.3072411649863023     
   7.2471693745920396        6.2971707360508846        3.9766141535001704     
   6.3705958251177837        7.1332221129774016        3.9528790158869551     
   6.3869623315743311        6.3651557657464908        4.7412631753339927     
   7.2156781976370379        7.1059582104620169        4.7091582277620452     
   7.2338350719993176        6.3544350318654752        5.6273269982309229     
   6.4215001556095519        7.1690493647370133        5.5397074073557162     
   6.4099012221211575        6.3058605754589356        6.3083428603733278     
   7.1648332401706503        7.1529160910779428        6.3460510961479191     
   7.1319285719678218        6.3574220886637809        7.1225542061883438     
   6.3805740128283590        7.1315857467992485        7.0737696288967147     
   6.2492327156028988        6.2683908677676063        7.9605420472469364     
   7.1259474976363615        7.1375957239316588        7.8467380349077223     
   7.1438925173507499        6.3493775436016398        8.6910305216383161     
   6.3994154808631656        7.1277944603525549        8.7627987335177533     
   6.4265654260487448        7.9752695338944370        2.5179362498551711E-002
   7.1067118193136745        8.7249662115306350       0.12129148668733009     
   7.1679574361678116        7.8943520720338318       0.88441758472205856     
   6.3320355789580534        8.6777787558702073       0.89795726863791137     
   6.3618192116692915        7.8665457462764969        1.6559077827032445     
   7.1251828581381877        8.6901634262513436        1.6449963905990705     
   7.1035080509808983        7.9184753119726468        2.3403565621523064     
   6.3041351243659918        8.7419963958013120        2.4642082030451258     
   6.2595018526849877        7.9626046233242569        3.2749059079708460     
   7.0802659831733523        8.8044611041094409        3.1805072670648036     
   7.1500369590708504        8.0174888262346613        4.0698218001164115     
   6.3676631110425861        8.7155321427607113        4.0165218441872774     
   6.4037365307554612        7.9811596439146788        4.8035120075381945     
   7.1121039476515984        8.8241296676293395        4.7923001168856434     
   7.2995904014253838        7.9011612669342615        5.4878937624199331     
   6.4225868592927782        8.7809396660782166        5.5382879613671525     
   6.3828514454229079        7.9634062906554366        6.3594290920401217     
   7.2247162494897301        8.7526561024840195        6.2474851747847584     
   7.1612758226991469        7.9866863230977847        7.0778762760856804     
   6.2862604091100378        8.6903094535373953        7.1424062142520919     
   6.3346006249037918        7.9389180371052825        7.9313851888381954     
   7.0570538311035511        8.7711385220903644        7.9696339889402612     
   7.0883426354032002        8.0011930896047332        8.6531379184659425     
   6.2616577572606360        8.7600732368228105        8.7802085629130460     
   7.8830380830705105        2.7496048387534496E-003   9.4501336216873025E-002
   8.7565452064805811       0.74587340259743695        1.7792969577842779E-002
   8.6496167744974475        9.4618143023874595       0.75216334943746832     
   7.9951340201745493       0.76468213863946677       0.87062232903587977     
   7.8571957765450469        9.5118986143383832        1.5674140768858127     
   8.7463086986191279       0.82124409222356132        1.6386551139331191     
   8.6434526755349790        5.3295319229433348E-002   2.3739989693173764     
   7.8713209893559597       0.76189556726817165        2.4079985743376588     
   7.9435158890497339        1.0739016059679323E-002   3.2016147657340679     
   8.7009842675660227       0.85056819537247186        3.1233657672840991     
   8.8073943020929857        9.1700220746940952E-002   3.9829832904758158     
   7.9312839719657813       0.81529620589651852        3.9306669192181354     
   7.8865937716493644        3.8106359044015381E-002   4.6234731370112643     
   8.7272540909256460       0.83762448267096956        4.7605784735436441     
   8.7972888562213249        1.6004885628449234E-002   5.5480893567521532     
   7.9492036518033071       0.78321994592908406        5.4967144870162725     
   7.9647441561598438        8.2578167341280068E-002   6.2907959631789980     
   8.8353479012535523       0.87901338205099033        6.3717861972385705     
   8.7478654812757739        1.1793220233339381E-002   7.0749119027396654     
   7.9527003078889988       0.82273202910501952        7.1530561286251721     
   7.8655500676444161        9.5077539230214594        7.8787343647869417     
   8.7414905709369606       0.83089379939977304        7.9245444029544094     
   8.6380621587508131        7.2930687051035559E-002   8.7195164070611781     
   7.8619219486406555       0.80536646911674870        8.6048109126584258     
   7.9221483413044487        1.6210074242348285        4.2982722462214906E-002
   8.7247126401579944        2.3454626197697794        9.3691073828651081     
   8.7361216270286803        1.6369879521792938       0.74394051274856443     
   7.9170697231382983        2.4084887705499560       0.72327690814939782     
   7.9971382362071228        1.5883507406237836        1.5945679015966958     
   8.7211760817564095        2.3757399655180884        1.5219280020296377     
   8.7426885240170176        1.5683188528946475        2.3634082355355721     
   7.9255628548424157        2.3627233647306629        2.3884501508264426     
   7.9112472876689175        1.6207378068116660        3.1393108177355935     
   8.7299390649859863        2.4720761716887893        3.1515276660287501     
   8.5899261074689743        1.6465288508882356        3.9514605745434750     
   7.9231704360799595        2.4351744167088181        3.9134487704609500     
   7.8478212390242188        1.6244845756603070        4.8426144641423914     
   8.7940036535540553        2.4016665820864556        4.7527886526648206     
   8.6936160838298555        1.5789677275837539        5.6147426547007466     
   8.0086821019615773        2.4335485324796919        5.4622784283824233     
   7.9506701653787983        1.6708799306600526        6.3424411712426378     
   8.7124227641172514        2.3963016426383286        6.3535023556530197     
   8.8548457595742214        1.7304254309136509        7.1520419694780308     
   8.0215824961570004        2.4994605837467221        7.1248763982215522     
   7.9926677085633377        1.6020595069595525        7.8884312078899868     
   8.7732542624161827        2.4717160714618687        8.0069076264641605     
   8.7831030725121284        1.5034476829925407        8.7600225651982075     
   7.9400955941221296        2.3910416511706560        8.6195747150971425     
   7.9371747673375372        3.1573668500504803        9.4884450905356079     
   8.8104926321554373        3.9442581191649237        9.4366026094895634     
   8.7622061091233832        3.0992890754682518       0.79287784220508450     
   8.0332714019274487        3.9685413289012144       0.70612579648386309     
   7.8975570703587055        3.2793883661039991        1.4964339923523216     
   8.7371197711947790        3.9251418099935176        1.6025010290767587     
   8.7078931796415588        3.1535212640663270        2.2950320842687404     
   7.9154226020189720        3.9534964027716066        2.3486144447205266     
   7.9379487243373079        3.2260015513504952        3.1106191999168931     
   8.6748195602480038        3.9453032573405751        3.1703114510271364     
   8.8485197763035135        3.3068348502284466        3.9061135582351558     
   7.8528769014565745        4.0261337343671615        3.9879397774554088     
   8.0122590016751349        3.3138820735231023        4.7264732552186999     
   8.8054133432865669        3.9890724731841698        4.7585111585479511     
   8.8439093888297684        3.1545888559396515        5.5828674265190426     
   7.9629202294759160        3.9858936145825434        5.6293434148570718     
   7.9236850102299465        3.2263222803885694        6.3839608817798439     
   8.8042761031787986        3.9762671254325830        6.2812713067965431     
   8.8713391870265248        3.3299012351392610        7.1563836609013691     
   8.0682032382511082        4.0662760956444997        7.1447138873449445     
   7.8632911599988367        3.2581077423291771        7.9575016030264347     
   8.7889817576664324        4.0578540515024182        7.9569313056243480     
   8.6257966751919977        3.2419822086528738        8.6881348355039112     
   7.9242898616490001        4.0455796348471340        8.5909443122840710     
   7.9631239186257243        4.7439660547868900        9.4083760788959641     
   8.6982355627397769        5.5210014394626059        3.8052775524889650E-002
   8.7376173046205086        4.7229732710498027       0.81385017299574625     
   7.8987695669755240        5.4969334018458458       0.79438634919864159     
   7.9169974122206277        4.7659352864005609        1.5588397987717109     
   8.7748124027880863        5.5144243429191295        1.5037391543886394     
   8.7007192297660172        4.7627381531212718        2.2857316746307728     
   7.8801609903450531        5.5151518824707697        2.4520534327861747     
   7.9298558501787362        4.6642215663457467        3.1048967481218632     
   8.8054447859214307        5.5218803605432383        3.1650336956474661     
   8.7467401995818417        4.7599276209257004        3.9104603457787275     
   8.0194642391983972        5.5412504833206810        3.9158933244275564     
   7.9079684043325402        4.7658350099402433        4.7653844823013065     
   8.6870674028779913        5.4539881465978892        4.6879751979584015     
   8.8073155881435596        4.7874602396910246        5.4653967712285683     
   8.0359861902523697        5.5792846623111139        5.5576446085650231     
   8.0382396547505497        4.8819358713922805        6.3820053739267220     
   8.7695715811855948        5.5260444520939513        6.3435374290178572     
   8.7420880450740590        4.7835457660022236        7.1493598079903089     
   7.9534878634988315        5.5574148426080452        7.1583759845953017     
   7.8853566720300909        4.8028833507227571        7.8811925320818554     
   8.7843934601716427        5.5400192448401056        7.9009889011748919     
   8.6701810648855790        4.8228132946703708        8.7161352962293339     
   7.9020550680691457        5.5886445729647170        8.7718433461791214     
   7.9424474463428671        6.4146472480485253        3.7113613633468732E-003
   8.7432947119097619        7.1010733127025780        9.4878644113826685     
   8.7020152329492184        6.3217882606113349       0.86290301872521324     
   7.9427180680842095        7.0645610375758743       0.85633576383611310     
   7.8892516599664662        6.3197423903134586        1.5326496854986085     
   8.6082591061513263        7.0720495079454020        1.6351826298998682     
   8.6522085464047152        6.1995313932051719        2.4075806577996302     
   7.9975865458104698        7.1733443642472388        2.4971648266440192     
   7.9974330214280034        6.3303227862536975        3.2284310410381987     
   8.7443060568711779        7.0146847077665937        3.1786380625402346     
   8.8451110521538485        6.1934225426729057        3.9158958831274342     
   8.0166885100308960        7.1136526104809645        4.0331183549700000     
   7.9671900379641860        6.3848615164305444        4.7849626481425886     
   8.8199408073731291        7.1594001652927775        4.8853471815051179     
   8.8497889368794578        6.3419950309883086        5.5098633875889247     
   7.9858950461858766        7.1981739404103369        5.5849548779289888     
   8.0358514907922487        6.4204095267972106        6.3651337698138315     
   8.7703883150050661        7.0992007137953843        6.3534295543612398     
   8.7570666575314586        6.3416029251237473        7.1538953153853448     
   8.0034543575894848        7.1603643282324452        7.1690637314892358     
   7.8889702519417577        6.2447322619051464        7.9348102750427030     
   8.7281702629370521        7.1105912536057518        7.8439172087549940     
   8.7967583814767423        6.3157647010622870        8.7128494379129293     
   7.8648165480738674        7.1338599354492445        8.6593918711474878     
   7.8710960498057210        7.9159771103462608       0.13090888220269228     
   8.6345281588527634        8.7228513545782640        9.4920978074277276     
   8.8028841436506422        7.7669232718001631       0.77941706626780516     
   7.9457519051078922        8.7372216914790553       0.86801203419022510     
   7.9818358759664667        7.8671904930190992        1.5870641279973818     
   8.6338825272113162        8.7101475850160703        1.6002924876932554     
   8.7808088422837152        7.8661470465128804        2.4656857261785148     
   7.9375424404153385        8.8081311390921080        2.3482486664100626     
   7.8013443073150830        7.9579571451514441        3.2527719716671606     
   8.6252359792495508        8.7242736504483531        3.1846438613406556     
   8.7878549250313895        7.9392261288408292        3.8950914930830804     
   7.8455579164807183        8.7230713083576727        3.9793634563757250     
   7.9529406735041031        7.9833766221394811        4.6596866537237274     
   8.7095573451038213        8.7278869213353438        4.6429738249162886     
   8.6896663904092222        8.0209441847980631        5.5161813471702947     
   7.9042106280186317        8.7925307234610663        5.4252403903164454     
   7.9458596183094476        7.8871872490210162        6.3170851466409310     
   8.6025358767820865        8.7208930703025889        6.2626707604551584     
   8.6798036203052984        7.9809555069162981        7.1533162576646712     
   7.8970880423715526        8.7700506995831056        7.0959640855809409     
   7.8476070188387625        7.9909830283630283        7.8816536904795900     
   8.6804180482319495        8.7960737380775544        7.9126694508707800     
   8.5414178888375432        7.9836745038341297        8.7069143490831173     
   7.9240588357780952        8.8053254511859400        8.7473598091215532     
