   9.4723143942200831        9.5223105930066172        9.4947003963314813     
  0.83141470836162412       0.73092329035908210        2.2350728939071231E-002
  0.64266252272607804        4.0491611397186489E-005  0.81822150362894652     
   9.5081366085291492       0.85432381781961131       0.73186255991695570     
   9.7646295704524582E-003   4.6270650674948961E-002   1.6175054782994549     
  0.74116393417905491       0.80769654449524853        1.5915405282017003     
  0.64595643286573345        9.4688364640115381        2.3986421528607615     
   9.5028272199174797       0.80685688628996288        2.3686524234978719     
   9.5196746106343895        1.6576472946938727E-002   3.2216513635738990     
  0.69708618603381423       0.76248994145122595        3.1565052782054286     
  0.83095449975570423        9.4986022885183168        3.8964125792234379     
   2.0281724044413963E-002  0.75565674813637440        4.0284422782130864     
   4.5074178432285734E-003   4.4066032098485496E-002   4.7436757347025820     
  0.78392008605137542       0.76754041227363745        4.7702056671489013     
  0.74503531243018628        1.2947610253661855E-002   5.5968786810716713     
   2.7288421071189643E-003  0.77475758479022550        5.5363305601692989     
   9.4515753600907626        9.4640645746932002        6.3969063046268353     
  0.66875549930565059       0.88374489911206133        6.3376180261581538     
  0.67674355655619500        9.4887760918290862        7.2143498962228980     
   9.4985417926793687       0.83681458181175372        7.1656403141424434     
   9.4991403781517789        9.5115373466854098        7.9469011059676751     
  0.74877132898359289       0.77281357188679856        8.0332803311088039     
  0.85617848564626353        9.4963039945026875        8.8018043146352181     
   4.7301966062426440E-002  0.75192445636741234        8.7463454863471650     
   9.5068601178711347        1.6179976572735373        9.4617255156897624     
  0.92530282498826844        2.4483863401062962        1.1125832562994223E-002
  0.75831938864075643        1.6091056055220123       0.78951986780887473     
   2.1928042428581311E-002   2.4092818536074430       0.75420575472273998     
   9.4589614355414291        1.5793492076194688        1.6238737284920328     
  0.79810551040301514        2.4746044258943329        1.5679688563996950     
  0.75515977707412973        1.6235943834910047        2.3235301955017276     
   8.9189872978685567E-002   2.3579886882554910        2.4075537031842034     
   9.5152767589544123        1.6171364805441641        3.2344059148878364     
  0.86195425237542089        2.3506310136477091        3.1428807698340697     
  0.73779712844274115        1.6065338708515222        4.0861974084279735     
   5.3961318613254448E-002   2.4171544313235822        3.9388145283609979     
   2.4312606373068011E-002   1.6104149969710653        4.7863467248516107     
  0.74798164048652127        2.3846730068732356        4.7660284631254406     
  0.76236697021685362        1.5809781661268705        5.5851890728415254     
   9.5217839969977973        2.4326896418278317        5.5079204739094907     
   9.4766590758565385        1.6543081096491845        6.4116541753063805     
  0.79197011425855446        2.3101202797285376        6.3134806586230168     
  0.79941563472643984        1.6444730739833460        7.1713875874514379     
   9.4753256508564441        2.4652295829645743        7.1951395227391117     
   2.7679226792533589E-002   1.5364845517440988        7.9208913694829350     
  0.98199671196210303        2.4197671920212271        7.9783376721230965     
  0.93452911312175746        1.5864947212023581        8.8561637283168402     
  0.14392115676802220        2.2599266226178929        8.7123331673291684     
   8.5901139272417576E-002   3.1748669558704030        9.4736004718442981     
  0.82286758389658166        3.9509908021218538        9.4925542562071499     
  0.84361451636679963        3.1335092887202398       0.80436524004231824     
   4.2713651935685076E-002   3.9846167551293967       0.70901152304637205     
   9.4627801469533175        3.1439192025342169        1.6421939140778077     
  0.78048602402966094        3.9218998168507460        1.6152600894432367     
  0.87279389447212075        3.1709708251396744        2.3042051951695921     
   9.4589904827066249        4.0569184063982613        2.3215076067771978     
   2.9898481989098186E-002   3.3335822970968532        3.0260284375336037     
  0.93621510800239838        3.9337245517679817        3.0791694661068720     
  0.82097686918278601        3.1380692031071438        3.9396799249429493     
  0.11672565105417364        3.9411436074891859        3.8603908991076921     
   1.8589815790959481E-002   3.2578244395319200        4.7710912684205313     
  0.79347288675978633        3.9156866926911529        4.6852392624773342     
  0.83754969466898510        3.2261934175100118        5.4152246632238841     
   8.5408222530898442E-003   4.1128048898787046        5.4815375019758887     
   8.5796448178277807E-002   3.2126288059389680        6.3284417147603556     
  0.83495145247063274        3.9731802190357675        6.3191232089287874     
  0.83513937996008314        3.2307244693132984        7.1869290038147637     
   9.4885422714255370        3.9124431812141411        7.1500288117303734     
   9.1977376135470426E-002   3.1659260147846058        7.9252023335689916     
  0.92762516338253220        4.0549809682309794        8.0069525884140837     
  0.95089985954614742        3.1424833639129974        8.7564555651327378     
   8.1085451640545883E-002   3.9296668477007692        8.6700887055116169     
   9.5059133853467479        4.7328724419877410        9.5125007362677696     
  0.80734093676003948        5.4925974237707544        7.3208008760617818E-003
  0.82587416257287449        4.6694074820129581       0.73148195710640851     
   3.3821285076371450E-002   5.4747012058752027       0.73256018679311652     
   9.4256988001592514        4.7754514575900515        1.5009848630805225     
  0.81806586629821576        5.5393987395599948        1.6776816036443214     
  0.86678515735697192        4.7492655320081276        2.3370891092651691     
   9.4419389636852653        5.4879270725607157        2.3165465894506050     
   1.7751432550121935E-002   4.8089377272552687        3.2471097581359025     
  0.73305166182447634        5.5795531301998604        3.0681906319331222     
  0.81574797968956403        4.8056798013194930        3.9346598569459257     
   5.0778052083569912E-002   5.6281613472535668        4.0245134562597800     
   9.1062279606044100E-002   4.8343352738202476        4.6925405465554562     
  0.86399245359981314        5.5672268970610510        4.7397422385560404     
  0.81623077337120786        4.7816276703661567        5.4689181986573301     
   5.7130623024045681E-002   5.5035687905323787        5.5451790136747876     
   1.9721817564709518E-002   4.7441764811090898        6.3452368596992379     
  0.81046934169987461        5.4619866441793405        6.3317954212142560     
  0.82954745168836208        4.6940463190027613        7.1907156014116902     
   5.4780262889734706E-002   5.5367544913909725        7.1649512535434434     
   4.5873190664813865E-002   4.7509465161153557        7.9023011062195101     
  0.84597330708567020        5.5840208422131745        7.9557164593781335     
  0.91356835181937823        4.7908477358434105        8.7368443870136847     
   9.7341614918365571E-002   5.6751469115460607        8.7659998619249873     
   9.5097797235380810        6.4047963615863859        9.4531244160885244     
  0.71850201005007130        7.1756260537638674        9.5162614709078142     
  0.75784881768543144        6.2666569060347062       0.77031953327765246     
   9.4060766691236619        7.1436953866819328       0.78756988615216783     
   9.4171841828598382        6.2365499640937294        1.5879687587954967     
  0.77396057755739278        7.0436901562702170        1.5481685776022109     
  0.77308738612269556        6.3478086763964967        2.3433048338166884     
   2.9920558533924998E-002   7.0692228526539047        2.3598263200190015     
   9.4933298105861841        6.2662657974838920        3.1254319333716580     
  0.83715155102909800        7.2046390639156002        3.0876732167861132     
  0.81004144069937289        6.3001489882271615        3.9473324674091090     
   7.3708222028450662E-002   7.0240888988314536        3.9032686108565402     
   4.8113135047079730E-002   6.3350845156819169        4.7937881267273657     
  0.74474785965335200        7.2151768335847519        4.7182819194581418     
  0.82343343297909088        6.3764814602528084        5.5754246663790603     
   8.7122163470545258E-003   7.1941890804315820        5.5381494423580779     
   3.6227247963651218E-002   6.3928061703374528        6.3307170289598131     
  0.73840961376030156        7.1924166384905357        6.3762719453332277     
  0.79737720989604921        6.3302771308698258        7.1270675512076682     
   9.5053616680148707        7.1999567618943319        7.1510768293617515     
   1.2142630892845656E-003   6.2837507901394734        7.8712552000174707     
  0.77763724452907268        7.1334630598932973        7.9276994689840663     
  0.78596159440019631        6.3685994696656136        8.7076787796896760     
   9.5172530540514941        7.0659896958086961        8.7050886761103641     
   9.5021500738039801        7.9438768219131122        1.4730271125783954E-002
  0.89109761783043728        8.6377018290748726        9.4766437579264249     
  0.71782629302275502        7.8527737603183576       0.91550761769924183     
   9.4065650728295882        8.6922119154918231       0.87710152012134823     
   8.9559877240929908E-003   7.7969818539180311        1.6402227226941370     
  0.68456374782690488        8.7154014692391968        1.5864907310003185     
  0.80261366446318760        7.8576182568732866        2.2681251123208290     
   9.4811004019874705        8.6074711255340635        2.4181726696405765     
   9.4897975079067134        7.8958440772186460        3.2093088154448122     
  0.65360808741322562        8.6750831873896210        3.1721047818091086     
  0.77187122830366617        7.8751237958933444        3.8890787593362117     
   9.5239617809831731        8.8018587892044184        3.9220471765122031     
   8.1113571420686301E-002   7.9942644003315140        4.7001067929138971     
  0.82879364474416051        8.8321871610951010        4.6588362342855776     
  0.77153898940495702        8.0883576052296764        5.4752750500535505     
   9.4312161008146482        8.7765365003722877        5.5506748661862924     
   3.5320185589321561E-002   8.0279870478695567        6.3111956418538409     
  0.80913992359068287        8.7574726792726576        6.3557240894089144     
  0.71833058425571117        7.9978527422075407        7.1356146317567193     
   9.4291027648800476        8.7797829380244838        7.2316945998906332     
   9.4433888886907535        7.9489029768345176        7.9686893474669773     
  0.77661186405009841        8.7370719391854017        7.9230679924286571     
  0.84648022282687108        7.8921048526136204        8.7068580069110819     
   9.5154273133448690        8.7340669880423754        8.7111028210027932     
   1.5718578219800379        9.4571907509971727        9.6922478137580731E-002
   2.3215970547620790       0.71491506920268844        1.9757847726426758E-002
   2.4454461007133279        9.5004119069398545       0.70967004109889709     
   1.6788367599207397       0.81957467270111961       0.87156243940542288     
   1.5658844501086613        1.8673730556162286E-002   1.4795915896685738     
   2.3857751956018971       0.67868880393495490        1.6192694518577504     
   2.3119302735966913        2.6991500265382117E-002   2.4205623667095311     
   1.5748084835343090       0.69555190400604505        2.3507558932962445     
   1.5513117682081365        9.4524606908677562        3.1993802824521200     
   2.4441744981173765       0.82744104827014076        3.1457390073723266     
   2.3909227691404200        9.5229472027441187        3.9607945930129316     
   1.5303641258716847       0.84144671850889119        3.9920660548695328     
   1.5819771640595741        9.8599321496644396E-002   4.6255600543222180     
   2.3274902439234242       0.81347450487270978        4.7137517792936174     
   2.3202085355967021        9.5181736254270870        5.4788474969435406     
   1.4643761757931479       0.77188619233330602        5.4988196349481751     
   1.4707706671830614        3.6138832410879750E-002   6.3607573627186191     
   2.3520960338292771       0.67153028267955150        6.4075804479259340     
   2.4588645631137149        9.3893487068841477        7.1896118070745736     
   1.4324161359388474       0.78458333834767868        7.2437105130205257     
   1.5888269456569475        9.4668273389239523        7.9144583208385528     
   2.2687463522470370       0.69350445664232852        7.9515041038136429     
   2.2827633869579982        9.4174045958708330        8.7772379469714377     
   1.6135984475433554       0.68445341942119986        8.8085858000654991     
   1.6993998464293290        1.6126358087065673        4.9472334624929615E-002
   2.4659544498148676        2.3666620907758582        8.6820021744872262E-003
   2.4824994006976886        1.6077789327901115       0.83951119607278224     
   1.5752360111245580        2.2382947938798776       0.81436247162538766     
   1.5464516790790546        1.5888591997788180        1.6566020542234496     
   2.4201384693218846        2.3236864915651427        1.5817403363774820     
   2.4017490316242807        1.4835027731374777        2.3194161970308369     
   1.5871362068119867        2.3338309043292780        2.3618030626631028     
   1.5680074110745599        1.5712388622113493        3.0865674318343586     
   2.3373003183713088        2.3159788228456737        3.1721726088542970     
   2.3100225449126688        1.5764102959576001        3.9531581377853446     
   1.5844231810561242        2.3767951429842884        3.9591411331027575     
   1.5568906747977012        1.5524074799945777        4.7665696059644818     
   2.3373763340442610        2.3798457868545522        4.7591566908034544     
   2.3891460881680611        1.5181856482225347        5.5964876982103773     
   1.5404308512048217        2.3751560508699172        5.5761508988560431     
   1.5559087358056254        1.6034975413968784        6.4164778281641670     
   2.3038051065406195        2.3832371371834626        6.3522856640457883     
   2.3148191288324456        1.5011656385477909        7.1848479459119670     
   1.7396921253202648        2.4418704679084717        7.1860508029953216     
   1.6759425704391948        1.6148032432659607        7.9909483856782622     
   2.4908942229631079        2.4271760400808993        7.9457976168680595     
   2.3773328359767461        1.4398880287965317        8.7098999009773994     
   1.6961544353603524        2.3271086227529190        8.7836465461068283     
   1.6631262319646625        3.1907457503667507        8.8642462851788117E-002
   2.5390681378387883        3.8877014458766386       0.15502364311900943     
   2.4640068155335721        3.0450896500391562       0.78929511284669562     
   1.6602951033449957        3.9551793677625202       0.86660442376927960     
   1.6563795869958633        3.0635335115269267        1.4668194864096515     
   2.4745017039317432        3.7945520532926675        1.4869518678774150     
   2.4315727676008629        3.1617371155888216        2.4599825042421735     
   1.7136422769209121        3.9165247601013129        2.2176739567740973     
   1.6551181453961912        3.1161554426874920        3.2629114505158010     
   2.4501764319884365        3.9073279221282315        3.2078457132590681     
   2.4094655269450547        3.1752869709577118        3.9653086175523917     
   1.5641642735791497        3.9539056275488993        3.9798427068145061     
   1.5875839861511343        3.1678736164960899        4.6999899152495228     
   2.4239800496221684        3.9340321008208385        4.6869896429729270     
   2.4310267138522565        3.2211017456496327        5.4800323801259312     
   1.6187485318000323        3.9121972541482224        5.5009044589239675     
   1.5952523274916588        3.1461203371119368        6.3386366042940567     
   2.3392835461565942        3.8932234205107448        6.2947189368190619     
   2.4513051520141564        3.2583324245234633        7.1565420428349231     
   1.6410903308342073        3.9584048127573706        7.1832196482862400     
   1.6846103508990589        3.2183143800643697        7.9996882416621897     
   2.4320438310769030        4.0324143037656830        7.9274053534173179     
   2.4884304548914189        3.2597013691278569        8.8111661193981021     
   1.6660328468117607        3.9903334255870200        8.7093868520095405     
   1.6855975853045475        4.5898624117159557        4.1870084299032793E-002
   2.3584350015368472        5.4409695323715201        9.5208162459364942     
   2.3840444741003468        4.6774455457986761       0.90341839756311970     
   1.5655671670029674        5.4509278176743576       0.84221545718874458     
   1.6023537593062278        4.7394136946886647        1.6146549826820999     
   2.4076301253664520        5.5207135814233546        1.5611296750676205     
   2.4071028151386842        4.6726234992283002        2.3534080410848026     
   1.6566963728089279        5.5245626696191668        2.3670044086880488     
   1.6240119432364877        4.6957016911095373        3.0739152095303806     
   2.4232917355568353        5.6451975981404612        3.1075387211405059     
   2.3661681716434870        4.7275012326358761        3.8649686375334653     
   1.6194360534563117        5.6130453565644896        3.8335123960268862     
   1.5520941558593988        4.8115022746965614        4.6444562638139937     
   2.3327946032727569        5.5990778401812378        4.6971467168175689     
   2.3569436735553451        4.7194631807665894        5.4860483811497680     
   1.6115687144786914        5.4894967845247651        5.5471692645731698     
   1.6485677020098088        4.6593823678247617        6.3588670280449398     
   2.3534682065718493        5.6074636272373493        6.3070520732812154     
   2.3212578512311826        4.7706499722108564        7.1070548985752273     
   1.5538898693434355        5.5793679625817250        7.1542535429488696     
   1.6120650672362888        4.8113988275567232        7.9249414864132399     
   2.4016112234413796        5.5389123666012336        7.8679867577364009     
   2.3128836247217608        4.8605798827635800        8.6275218604793338     
   1.6355635619738937        5.5444979590219265        8.7286128856603433     
   1.5396676433853980        6.3482886000624204        9.4678220109463904     
   2.2937715699856853        7.0738843001961946        1.0104309915524233E-002
   2.3851781501093576        6.3359975260232000       0.88001109496272301     
   1.6043409238295050        7.1392391407927249       0.90760327197549018     
   1.6271613194847039        6.3030824077654488        1.5916184451724278     
   2.4967835668097851        7.1288843525849970        1.6458208029365873     
   2.5061592491066320        6.4378487398000441        2.3762627517525119     
   1.6248305291048255        7.0930573943598327        2.2294439290263948     
   1.5615774461055207        6.4017852447821353        3.0688047372316221     
   2.3497525212564283        7.0992401433772327        3.1681732340797284     
   2.4174418444333434        6.4693259737258364        3.9381233055099916     
   1.5151933469543406        7.1000817480787104        4.0042611201931200     
   1.5566067666796715        6.3835377572121574        4.7915271821086778     
   2.4194867948419443        7.1503457314762109        4.8226480145713877     
   2.3421434703784159        6.3523205777262852        5.4974109229660506     
   1.5731870148019558        7.2065767028219936        5.6034840215929691     
   1.6196534322561136        6.3786703520173083        6.3250450823357767     
   2.2837881400530455        7.1738750980424317        6.3454235404579142     
   2.2891760280655773        6.4306024402878030        7.1971736167270537     
   1.5595125499126912        7.2008820441249917        7.1113309388697035     
   1.5560176111430657        6.3613434268925593        7.9617580633616534     
   2.3908764163591645        7.1887018583835625        7.9464640221133553     
   2.4270338928528226        6.2839768260916422        8.6674801934220813     
   1.6105166411193552        7.1186115390271256        8.6967978780266790     
   1.5861408432575363        7.8012521938034078        9.5184346510605948     
   2.2800963139441119        8.6852291540858637        9.5179023546489905     
   2.3935168672670870        7.8748414902043065       0.76399799870201768     
   1.5028898045238668        8.6040786850331834       0.85419100819185212     
   1.7101168225109560        7.9072730066212955        1.5760216436610881     
   2.3699132483811338        8.8448527397068784        1.5587556950511239     
   2.3024847573399843        7.8611944604536310        2.4864511757611734     
   1.5787132721689010        8.6793766228671867        2.3035793672427998     
   1.5496181561377183        7.9449657799129545        3.1635948411416708     
   2.4033577685621208        8.6613599278349209        3.2458281482523748     
   2.3287222913645222        7.8235233876290495        3.9395834554059501     
   1.6441531620153240        8.7422008827163875        4.0001139451115995     
   1.5460418052901150        7.8934157724871454        4.6984417092382671     
   2.3881312608202210        8.6236543272540889        4.7227461775836090     
   2.4557805873798828        7.8606031679460466        5.5261326132712041     
   1.6140077464422549        8.6782921842738325        5.5335384662402891     
   1.5573395308980069        8.0136653926035137        6.3648806044687385     
   2.4460389039700616        8.7460774645657224        6.2783229497089934     
   2.3869465311069873        8.0217909807186984        7.1482771246735286     
   1.5225271193345644        8.6697010758241024        7.1205545062550355     
   1.5706997254549575        8.0243737477724366        7.8984049392367144     
   2.4247426195843769        8.7071088689260847        7.9393682917272299     
   2.3716183063044687        7.9021243216247035        8.7248360651195149     
   1.5950525069845254        8.6907371629210832        8.6842660811682730     
   3.1841456295143891        9.4893849796544352        9.4788421411331765     
   4.0508423023401514       0.71964046462338394        1.7544843686247168E-002
   3.9399193273443678        9.5065168796100519       0.69040699947225359     
   3.2186485131905456       0.80599071332190064       0.78363393884773913     
   3.2810407287905559        9.5040372383993414        1.5475744957780577     
   4.0236352435342964       0.77425421687229301        1.4638310659770841     
   4.0132150164007410        1.6965989931883030E-004   2.3541018429760805     
   3.1518795758217828       0.79522455966016881        2.3585422615801002     
   3.1577823243239513        2.4014100872345852E-002   3.1793068963179274     
   3.9354701941405548       0.78795910158474425        3.2054830949739013     
   4.0783634817092578        8.3714006680027250E-002   3.9718452834204778     
   3.1674240431767333       0.86005408627483837        3.9475046325518619     
   3.2446659030959029        6.7008942009074909E-003   4.8492656092977384     
   3.9063252174010072       0.85401134245896948        4.8673156501720927     
   4.0112207367413157        2.2498307176810076E-002   5.6851824679380796     
   3.1631667765532887       0.77875077744248988        5.6781221902473185     
   3.2751864126521233        9.4666750562699420        6.3753474637905239     
   3.9186383969291412       0.86960495610444732        6.3412200628319590     
   4.0720360918911567        9.5949238574498927E-002   7.1935260722358594     
   3.2130465950272962       0.66896245806431087        7.1577748320841055     
   3.2089205987350926        2.4393424013170358E-002   8.0036770175764804     
   3.9926406533457963       0.87705726281191965        7.9912921956707583     
   4.0395823340394621        3.4534002784337707E-002   8.8000247866020391     
   3.2145728555821651       0.78222348751458570        8.7426679660435358     
   3.1516552931893491        1.5342396169173333        9.4188369026997378     
   3.9554270562327694        2.3216575902028866        9.3831223883928025     
   4.0450645816391537        1.5154078781108418       0.68734720378650849     
   3.3759109976755992        2.3793132190852786       0.68257278274284749     
   3.2042077525807287        1.5810913088830558        1.6079017159431066     
   3.9603603043617071        2.3344769339347833        1.5539036437877296     
   3.9627869381705083        1.5852617585696442        2.3575528184406385     
   3.2150018034207366        2.3103139802758976        2.3734187584157591     
   3.1206984546456393        1.5465363894030850        3.0939932206405656     
   4.0771183226005832        2.3529677808172274        3.1750785842585221     
   3.8510949940461496        1.6577960753836356        3.9855411812396881     
   3.1381747873896293        2.3465691740924606        3.9115435582724674     
   3.1157648664561202        1.5224714409029791        4.7785332286718152     
   3.8576070248301786        2.4102319728591959        4.6430880047691137     
   3.8210299416980118        1.6473617037145305        5.6475850589286818     
   3.0402709652648672        2.3545620527056679        5.5827518810540466     
   3.0402899694381751        1.5439813346628284        6.3832228812737757     
   3.9082006428564315        2.5159946021776389        6.4861882353335716     
   3.9156840504556998        1.5315779018696649        7.0916104230956654     
   3.1206370510685546        2.3899800395469128        7.1057056108987844     
   3.1031252245365732        1.6389862897067189        7.8466209025290459     
   3.8431767839617565        2.3875903845633419        7.9291268841343507     
   3.9504496050506761        1.6133878024258488        8.7381517816691954     
   3.0948953178920249        2.3502554123430484        8.7851305513695372     
   3.2822447270516140        3.1444139273054987        9.4909050796342509     
   3.9492387423267674        4.0250904902369751        9.4779508746350647     
   4.0320252322326828        3.1745961243215031       0.86826037728276673     
   3.3388223473952969        3.8802752112344221       0.85931930749366814     
   3.1737086714552176        3.0858075324717653        1.5607305800964939     
   4.0061306437177233        4.0200653218486462        1.6838240817854586     
   4.0139172765801332        3.1096259633223724        2.3318765749084962     
   3.1734711426297681        3.8754351173602264        2.3414663265553957     
   3.1795156626052856        3.1449002759408402        3.1839990897031294     
   3.9344649195526906        3.9833065273936357        3.0523977867824756     
   3.9154944367433511        3.1557947193540965        3.8972307361320890     
   3.2364130754845872        3.9612366592242760        3.8596581363309523     
   3.3144753596634668        3.2622951232377613        4.7968721944921340     
   3.9422345013214413        4.0828090330200615        4.6737192612102865     
   3.9081568365448964        3.0154640595647604        5.5363875806743694     
   3.2066704333517202        4.0359556433877248        5.5170315823320344     
   3.0877614505353645        3.1540209736901530        6.3140635604381901     
   3.9145307841457226        3.9185703846627722        6.4043075487264449     
   3.8443887522342211        3.2207719561795902        7.2177286034836730     
   3.1190757675620850        4.0611075702548103        7.1438795848468635     
   3.1554433260255390        3.3055669756735817        7.9342223575120938     
   3.9953582666302605        4.0243311656847665        7.9819043136029002     
   3.9606462287683568        3.2645553348347627        8.6643821705812663     
   3.1603884669941387        4.1446352739089267        8.7706988136554553     
   3.1921263931900619        4.7577164542174639       0.10014011036587671     
   3.9674322344214277        5.5188862157333478       0.11161846850133171     
   3.9651384028437913        4.7842636163692926       0.90960368040182271     
   3.1498772712107237        5.5227737231580276       0.81981130058501916     
   3.1803215518515993        4.6744325970962475        1.6796121401436999     
   3.9479435288901277        5.5465232760946224        1.6248578245147913     
   3.9706417619844165        4.8603489303890228        2.4107908401159421     
   3.1607720335898666        5.5006491064976828        2.4216909077533382     
   3.1796315208804042        4.7179973684100043        3.1566814223951032     
   3.9095052574116926        5.5624459280176159        3.2241715717765373     
   3.9230964046318704        4.7232454410788964        3.9096098923090952     
   3.1118011762359590        5.5440466348485025        3.8969445472970876     
   3.0622390134319071        4.7900953522154843        4.6597648852271263     
   3.8746768634541016        5.5737752522734141        4.6296209902223513     
   3.8752101450971308        4.8608906152379463        5.4691447546267975     
   3.1231520077423567        5.5641145622805910        5.4388654534702034     
   3.1587785852644390        4.7518202664029801        6.3363024340136000     
   4.0982261675190168        5.5457689832606309        6.2741690949091735     
   4.1282081860430413        4.7799445294127265        7.2300514483328131     
   3.2780384593582008        5.5232199208017798        7.1448302969990722     
   3.1580258183952550        4.7928542932691975        7.8841297359190543     
   3.9276806422574349        5.4857574779278542        8.0744300644885563     
   4.0064225460366618        4.7500364656890204        8.7939633291455124     
   3.1359700218934532        5.5402915255283887        8.7219934710012321     
   3.0646078383999349        6.1827984267366141        7.2296353922857715E-002
   3.8786725668982163        7.0593133887960668        3.3299755629731906E-002
   3.9194306569179616        6.2480558016780678       0.84758786117402396     
   3.0993617168907215        7.0423579911508165       0.74592380605325281     
   3.1428764733404755        6.3152427211220585        1.5147012165213714     
   3.8433398868126836        7.0967220686553345        1.5658808846959309     
   3.8861133499651750        6.2683653093861178        2.3665335715402263     
   3.2174769901415319        7.2439201472553547        2.4767822219469329     
   3.2034001154326064        6.4254785264185248        3.2251310903544033     
   4.0438571662699818        7.1302034813145472        3.2859106432736813     
   4.0289627249043569        6.3165658739768622        3.9354547483075222     
   3.2345720716520723        7.1258144034489534        3.9335437205222306     
   3.2079168466747863        6.3822989977882427        4.7177872987210021     
   4.0710252996263314        7.1571694190877979        4.7190787154311868     
   3.9931201628871551        6.3156686017459309        5.4755787812575774     
   3.0966610678311355        7.1380123463765051        5.5576207162048652     
   3.1607948051185475        6.3551878732460851        6.4871809957218627     
   3.9824427261960280        7.1346285277881565        6.3137348463088632     
   4.0760929727631394        6.4779586941962481        7.2138179312240878     
   3.1656198987524773        7.1965502786471802        7.3075769993952644     
   3.3107314622397634        6.3476712380685640        7.8924810462214285     
   4.0316874845216235        7.1942908769935592        7.9119736038380442     
   3.9253806425768465        6.2549994590301248        8.8137174290835425     
   3.2593369545242910        7.1363261102512263        8.5730962737344676     
   3.0823680555182498        7.9328847566605987        9.4863467224759912     
   3.9811348035079503        8.7170068877577815        9.5031039151530425     
   3.8516180007151539        7.8513063622182182       0.75236114193064041     
   3.1295709160330225        8.6732140151047066       0.70030549649544294     
   3.1306785468269891        7.9685136114413542        1.5293840053722929     
   3.9978951666894442        8.7177362218350911        1.6472068915958715     
   3.9036268313882787        8.0041199723230427        2.4989954544985222     
   3.0757150496263357        8.8023127628343758        2.4007567644163363     
   3.1106071731142837        7.9728784092251184        3.3181165416732030     
   3.9319637697382244        8.7158517136671421        3.2561895480395728     
   3.9686176947755474        7.9660752989542996        3.9878707752597955     
   3.2177916356670528        8.7996550519854537        4.0304933076691603     
   3.1924781779640963        7.8236501814691719        4.7533372076514535     
   3.9400487145567737        8.7441242729875217        4.8044730355437686     
   3.8714759527552931        7.9046650334414208        5.5306881705321294     
   3.1469355807807031        8.7096490741462098        5.4854922546694045     
   3.1312891487085674        7.9203164627233411        6.4092986805492203     
   3.9219988362683256        8.6308917263731058        6.2784957733792019     
   3.9345630495821453        7.8867900779597626        7.0959535479891382     
   3.3530375791122995        8.7503288319771997        7.2190005114590887     
   3.2325102722332457        8.0558217023177860        7.9797880746860628     
   4.0563578154210402        8.7797915389713470        8.0358306823563890     
   3.9826795243239395        7.9830860127879069        8.6984893277132347     
   3.0660479715164066        8.7194266968470178        8.7171529402391670     
   4.7737925377082719        9.4171040476296586        5.3286345496206693E-002
   5.5221735628273372       0.85061847186850459        9.4492282109003671     
   5.5330748183959608        9.3699865056239169       0.82314980344995337     
   4.9053343839532948       0.79993905945352761       0.72650122464986366     
   4.7294899864267075        9.4339417008303119        1.5679985137195225     
   5.5410163344214087       0.79388304690268785        1.6204861003757234     
   5.5661930408362030        9.5072299422920690        2.3816523103882123     
   4.7531513316670031       0.84938596089553975        2.3565688017687112     
   4.7018694317706418        9.9840678256272353E-002   3.2016574527833734     
   5.6351042891703464       0.85651125663184080        3.1769316447012379     
   5.4778587808916566        9.5062594547560728        3.9334954344271309     
   4.9040641441370258       0.80193031535121040        4.0828183868087855     
   4.6902576001788718       0.10138068704608097        4.8397078092984476     
   5.5611147581312004       0.80831476390437607        4.9000859371193153     
   5.4583613486259210        5.6485452254442473E-002   5.6015030571457585     
   4.7321392420636865       0.86939970742599837        5.6113812455952985     
   4.7066770253755719        6.5665998793057803E-002   6.4200911308498805     
   5.5266551397541832       0.88745697928032929        6.3658037485036321     
   5.5675079169464974        5.4695828960169626E-002   7.0053126954919351     
   4.8061908995524272       0.93535897917145683        7.2090290996822164     
   4.8082029309819321        2.6147833087944612E-002   7.9364858381093786     
   5.5397151593592051       0.86439047100496424        7.9675679667592165     
   5.5670096088548719        9.5127613213956028        8.8080843295150988     
   4.7931051420006261       0.82079868117768662        8.7186533680309761     
   4.8202247584253444        1.6064425717944837        9.5143616044602020     
   5.6156078360546893        2.3095631294243137        1.1461507278885641E-002
   5.6149920329516592        1.6345286800622558       0.81825888187432883     
   4.6685547174026558        2.3201767161711402       0.72667882147648077     
   4.8541441019174885        1.5686525988145252        1.5083724619727816     
   5.5133816209201134        2.4201485971966528        1.5663133038882020     
   5.6142948354590985        1.5740931228979349        2.3022137299052963     
   4.8122499387476809        2.3564320262162028        2.3963689831241752     
   4.7165366635690384        1.5011524543917412        3.2087540992985497     
   5.5451624558887946        2.3744847621369516        3.2334665343771243     
   5.5658318333056682        1.7102472172859706        4.0741601929749738     
   4.7242290881526481        2.3387238271706003        4.0132781648829949     
   4.7583435095989115        1.6608497643094564        4.8175827043905359     
   5.5389127030992169        2.4356414437977292        4.8264105033295337     
   5.4813250141960195        1.6760447071176174        5.6171717872929259     
   4.6883253626966477        2.4274519773355281        5.5469586338024870     
   4.6632060230486152        1.6575841680348964        6.3336820545580652     
   5.4091813223580836        2.4018023366575090        6.3719814550972522     
   5.4659057498621282        1.6861788026904447        7.1070446141020378     
   4.7086979120714663        2.3919631363746214        7.1456047913445042     
   4.7835066373825503        1.6865354589288035        8.0311287019155948     
   5.5816377048654804        2.4646561025147422        7.8545208676170093     
   5.6368512174617926        1.6518396086585923        8.6827614700135634     
   4.7641787118404739        2.5392424899917660        8.7090059328845335     
   4.6569447102789399        3.2009763993236087       0.10400270169384553     
   5.6015430181873516        3.9096307622708815        2.0104510646110674E-002
   5.5181363235778456        3.1451272447904377       0.72433739588814527     
   4.7142365365316827        3.9550806064047239       0.88038356372250748     
   4.7869333418963729        3.1957650056928442        1.6176136031705359     
   5.6187894459523218        4.0334451107075129        1.5571057486123940     
   5.5723256889561492        3.1972312118747395        2.3348192304766799     
   4.7969966085798399        4.0680167135690848        2.3845341638980968     
   4.8974651311608781        3.1600730982107339        3.1324778432038962     
   5.5617806297952495        4.0113096274477318        3.1612641315702485     
   5.4573242079810278        3.0706084303237731        4.0550072632342316     
   4.7412900184077325        3.9280265156449108        3.8687850847836827     
   4.5942894135044332        3.2026715332030116        4.7131333479945567     
   5.4956311091727876        3.9673698152650405        4.7173102263283235     
   5.4229247391575335        3.2460279998548169        5.6522190672799910     
   4.6153171827251320        3.8544747195955549        5.5532353512180839     
   4.6369418664700710        3.1841573562266774        6.4108044918845808     
   5.5493179899366494        3.9876371759638305        6.3460759310224280     
   5.5139381254321620        3.1691156645155290        7.1254026973069404     
   4.7090336596192683        3.9440554017519958        7.1502741351078170     
   4.7483162373071224        3.2557256348639996        8.0180858097174657     
   5.5247228274120710        3.9744564486358893        7.8988977050137112     
   5.6896751734590252        3.1412315764187162        8.7623562804743429     
   4.7863755335159350        3.9261888080353677        8.9032833705192331     
   4.7544725227738436        4.8351528368619272        9.5856568214150437E-002
   5.6253339082401981        5.6003563940797774        2.0594957172206146E-002
   5.5350333815069419        4.8379936622547035       0.75769924533799005     
   4.8330151003240278        5.6135435514349368       0.78674593627239153     
   4.7576630036965621        4.9148162075390847        1.6322120735890211     
   5.6052896060346447        5.6526443759955054        1.6415451044653637     
   5.4959433598677458        4.8283277098648805        2.4660779973282496     
   4.8767602559648928        5.5831926216651730        2.5333345162154646     
   4.8235903351701168        4.7689818280598377        3.2389611788368824     
   5.6397881712972442        5.5508764772358630        3.2444197681799927     
   5.7351255817971243        4.7603777179603970        3.9879222689736618     
   4.7871925679784360        5.5311329263936519        3.9881632208193025     
   4.7519315017393362        4.8151542443602358        4.7285501387199327     
   5.6242718167721577        5.4931668617015497        4.8299121434240986     
   5.5091529117133664        4.8300789190381535        5.6725299874312878     
   4.7532421679366426        5.5771975271376517        5.4671506871037501     
   4.6251874342192139        4.6818515661757960        6.3435761124343228     
   5.4677470186751957        5.6312204764895712        6.3935353416653538     
   5.4069488949351587        4.7803491354084455        7.1807468151918226     
   4.7076097351218618        5.6977032421392044        7.1541678964668050     
   4.8336353211263647        4.6791490899005970        8.0859484375951372     
   5.4184934792535939        5.5275534437463776        7.9607611640991189     
   5.5564962915746392        4.6761500343238147        8.8795544816305281     
   4.8778132592559409        5.5857433714043951        8.8073666000871835     
   4.7110172448738989        6.2725320480917972        3.8332875849287499E-003
   5.4941231442015335        7.1558581361711084        9.4707632402879014     
   5.5140477718517582        6.3796903180947888       0.79830480697479522     
   4.6144282924324891        7.1297504777969305       0.86650478928146413     
   4.7584574046701356        6.2939087187891083        1.6171193278720855     
   5.4787212557317337        7.0945902868080148        1.6616377341413655     
   5.5738752179133941        6.3426160807347420        2.3826634598520120     
   4.6405914628588434        7.1099460978968771        2.3484771142836869     
   4.8604857541052446        6.3561527054868066        3.2448670690020243     
   5.5306782651172002        7.2086285506802401        3.2418436325589437     
   5.6823321217452065        6.2926305494677885        4.0351903458007286     
   4.8063497878306016        7.0996332641278368        4.0298492802441102     
   4.7421275929732394        6.3506068032988434        4.6854594644283827     
   5.6343476783477602        7.0766043216534964        4.8506204130438455     
   5.6407091285871429        6.2622425235307606        5.5773915748916281     
   4.7392915558625921        7.1290653912950788        5.5310081847191341     
   4.7331980369189184        6.3815290020340427        6.3333881946607367     
   5.6508712018056526        7.1947576411921581        6.3616124156862623     
   5.5526005591875656        6.4539203582960116        7.2604277673508548     
   4.8849614199001126        7.1718111458413452        7.1047062550063158     
   4.7576681166114350        6.4720396317926685        8.0067707869733766     
   5.5244138223233641        7.2181330715044769        7.9963749219784077     
   5.5792395425921981        6.3660245047955364        8.7338917257566777     
   4.6647070200840144        7.1071048476091150        8.8433801313451923     
   4.7271429408532208        7.8795418837911004        9.5110819491580347     
   5.5233318796893265        8.6095862134778098        3.7252992170658077E-002
   5.4290018598657346        7.7956193887996594       0.79345751486847516     
   4.6353011359647329        8.6375935989042194       0.79331897160779075     
   4.6049801171597098        7.8829136576321677        1.6799858958277243     
   5.5037263830093819        8.6681812599207415        1.6431167389687282     
   5.4679889438134497        7.8396232622896305        2.3475702908178500     
   4.7672280845839454        8.7676875262185927        2.4209341358161129     
   4.7876007850394728        7.9662475706761038        3.1155678882048217     
   5.5233903937808329        8.6843732269068639        3.1220402901560282     
   5.5052293905106087        8.0159537691315350        3.9368256350693871     
   4.6318329698012111        8.7696014973398100        3.9889104129869404     
   4.7698946045236355        7.9518880943578019        4.8153438464800624     
   5.4737228771229356        8.8231866435782660        4.8477892160819076     
   5.5518062279978659        7.9308132881060711        5.5128578044103937     
   4.7281180595662633        8.7528988047700444        5.5650755784386972     
   4.7763492930794662        7.8901827776550020        6.3398528934168477     
   5.4987742394663490        8.7004500739474668        6.3455625989602975     
   5.6655925771275086        7.9365804515053249        7.0668768188302495     
   4.6106875507297769        8.7463914688987696        7.0800368869268571     
   4.7556814969947183        8.0526234841238384        7.8657990889494585     
   5.5687079035795151        8.7473568781959230        7.7901778448086993     
   5.5156073546580373        7.9873803282089098        8.6626709200066649     
   4.8094502455245376        8.7122036329399180        8.7925791647622660     
   6.3145059288534586        1.9731607183258254E-002   2.7997833376719686E-002
   7.1583689817035641       0.89570626841988699        9.4478245310511539     
   7.1947967665062480        9.5175170622186371       0.85947172847995024     
   6.3276250286475300       0.73941586682417315       0.88677764237429446     
   6.3519162880268416        9.5195095734579311        1.5467904058928896     
   7.2015952564568559       0.79210907096612904        1.5658321929899182     
   7.1019417861681235        2.8539181907667140E-002   2.3770619371724973     
   6.3916287057051315       0.81244039190819672        2.4303153468809735     
   6.3427588603000187        2.4105007096643819E-002   3.1825419014956116     
   7.0600879687175180       0.85944320923686202        3.1587622589805422     
   7.0657062250573608        5.4886124613818241E-002   3.9865376872027745     
   6.2623925106484117       0.79754240221885686        4.0649388504597166     
   6.3159870802521185        6.8110535181303264E-002   4.8584330845777943     
   7.1306268608931083       0.74190659274941162        4.9164804627770033     
   7.0937076636205481        9.4781106895482470        5.6327010058550080     
   6.3469699090777292       0.86215814832901150        5.6711642565248148     
   6.3503120281278207        1.1102968438218319E-002   6.3250747453450957     
   7.2064878159083792       0.93588129601910031        6.2847407261432222     
   7.1705073812366198       0.12643184117618594        7.0082716899650785     
   6.2685520758899429       0.86059830386541702        7.0795340888107647     
   6.2137867641929532        6.0260564304401437E-002   7.9284201702443227     
   7.0969445582430328       0.65692288618745120        7.8864460781620620     
   7.0781468653451718        6.8955300347900123E-002   8.7280544797856976     
   6.3000173318582764       0.79929700485227795        8.7195785487321711     
   6.4736244778565117        1.6276346039215375        9.4463114911798129     
   7.3269832103681765        2.3495474499618298        2.5502580132470507E-002
   7.1052644780193299        1.5411599965700635       0.76882993492422025     
   6.4735068683659804        2.4077478805430963       0.76027324097660121     
   6.3556352013908546        1.6549174559819244        1.5583056032360254     
   7.1587314772760280        2.3456152677345670        1.6237993019912136     
   7.1460410923472582        1.5445262487743887        2.4072930382226327     
   6.2873037930746918        2.3982568943534521        2.3134541932904962     
   6.3080720274120603        1.6053760302805016        3.1869927250584129     
   7.0762008291179814        2.3681775618326344        3.1160801436454020     
   7.1458806833504855        1.4945449708059955        3.9290545490365427     
   6.3969719130143510        2.4117900378745545        4.0071670941998994     
   6.2559609903120208        1.6083721167415523        4.9358913507476823     
   7.1713763800763228        2.4398420295503849        4.8880318599457455     
   7.1804699926187308        1.6663371256997315        5.6168739463831292     
   6.3317776125463405        2.3915503217501723        5.6300426480164978     
   6.3144122787315764        1.6518470459356829        6.4060282896217684     
   7.1640772025135524        2.4317389539966987        6.4521559679069753     
   7.1019362147103005        1.5490724457877365        7.2213803179981282     
   6.2947743868382346        2.4358667757759500        7.0631287083080085     
   6.2458749192244776        1.6240642156370881        7.7892650612199565     
   7.1109431562344678        2.4356088579900512        7.8272904935285936     
   7.1130154931513054        1.4461450072758995        8.5219239262577879     
   6.4680095568164218        2.3564633438645664        8.6436598891457930     
   6.5832757387847289        3.1081407120795901        9.5004411544184162     
   7.1119184739209853        3.9735999025465873        2.2742088931864496E-002
   7.2583657380651774        3.1575350865101450       0.87135139545465146     
   6.3146244422269060        3.9259514026343587       0.82374500601047107     
   6.3113993477797248        3.1924158221004957        1.5335311732872940     
   7.1099899268365299        4.0125448158472725        1.5579304790034281     
   7.0552506205548955        3.1535402586306036        2.2371418574764141     
   6.3521312272992780        3.9931785561704780        2.3158263947640259     
   6.2557697183569045        3.1626039459702633        3.1330975548134550     
   7.1090514630546178        3.9288811836292026        3.1117734781580992     
   7.1317192178514421        3.1990299427689264        3.8980114759170990     
   6.4007429818480626        3.8388083730059135        4.0660168591362540     
   6.4547016274408548        3.1626720590356316        4.8549079526783210     
   7.1696574504277137        3.9066869196449456        4.7991081384883891     
   7.1189343960863329        3.1739900975910800        5.6815627889800160     
   6.2797061820000382        3.9817069147288513        5.6091479246790472     
   6.2836315362450978        3.1892629147669163        6.3100134389033906     
   7.0470970172854237        3.9808663797184822        6.3152195451431199     
   7.0708055358719077        3.2420206732117500        7.0614381680335878     
   6.3869882796064514        3.9958902446500200        7.1089479997327301     
   6.3662717515628806        3.2398830126807918        7.8855957666287573     
   7.0922838085068545        4.0451063230255579        7.9667340351330003     
   7.1968511234751071        3.1546897197023172        8.6102439265207078     
   6.3877313811398011        3.9248973780286600        8.8134498654681064     
   6.3347844756169183        4.8272199175489687        9.2412906968210473E-002
   7.0991476692765385        5.5874869558855389        3.7471630262123856E-002
   7.1498634776876049        4.8236722581290987       0.81133911503907918     
   6.2930157940497313        5.6571286481822316       0.83608992560870177     
   6.3608816520420906        4.8116666309529927        1.5522512838444735     
   7.1356749807615190        5.5257623035219838        1.6575863560102968     
   7.1974268322561228        4.7459430776632923        2.4185269098784339     
   6.4412687297270015        5.5984753866192110        2.4347601144379829     
   6.4431827296935138        4.7365313064251184        3.1191892394870400     
   7.1607270295504266        5.6050002789173359        3.1773369235983915     
   7.1561391162364538        4.6474728829702627        3.9886057949055265     
   6.4475113804641326        5.4753520154050692        4.1339312806134991     
   6.3377508210946312        4.6546118305541251        4.8488628336352786     
   7.2066516985175006        5.5294949272027871        4.7761819281621039     
   7.2000712095445127        4.8024928638925370        5.4350724304639630     
   6.3969123585899279        5.5598610651657250        5.5508235997308315     
   6.3414872084217633        4.9574647765370505        6.3814571500771118     
   7.1687698624176974        5.5664190140223688        6.3256070916979334     
   7.1162476250065803        4.8451104324199692        7.1987290795909313     
   6.2343442211453253        5.5391132471887392        7.3151742906687289     
   6.2749778427669769        4.6772975274969228        7.9159515317608884     
   7.1493334044089876        5.5478956883986550        8.0130034461068647     
   7.1038714795142281        4.8352117635554590        8.7724427435202923     
   6.2681863410480165        5.5121387624843008        8.5739554920332441     
   6.3546759058429378        6.4215229361215203        1.3702656332437776E-002
   7.2126423123823589        7.1240866795370774        9.5090215338318309     
   7.1606678161645361        6.3726259155693921       0.83729804060054258     
   6.4645438727040645        7.0603794387440741       0.90170662352522968     
   6.3976425514254460        6.3573790024592061        1.6198653369658771     
   7.1920783487274207        7.1143546599717258        1.6023532876561981     
   7.1459834938110429        6.3373634207755689        2.3470650086829932     
   6.4064154118086298        7.1609361722517839        2.3443603744235548     
   6.3829063552054492        6.3768296772878443        3.2302711230717938     
   7.1552876901935285        7.0803595134030086        3.1761778267128364     
   7.1533510651386312        6.3443141152055764        4.0977558348889200     
   6.3982543041999582        7.1098540600666631        3.9662490133217698     
   6.4488058221566043        6.3317031660671423        4.8276122453449126     
   7.1928671946265732        7.1941154394487024        4.7849371571252126     
   7.3054843738443909        6.4108003382771468        5.5249416723907236     
   6.4178756986712804        7.0835397012998671        5.5253142637127386     
   6.3557956702599228        6.2960825109466292        6.3965791036762063     
   7.2087078912453544        7.1157110947959019        6.2706383167886868     
   7.1616271626717687        6.3531484555429012        7.0884108808847426     
   6.4057266120463270        7.2254970626910300        7.1406005492221727     
   6.3410771688379928        6.4369475969595973        7.8974028512647010     
   7.1362748667335083        7.1418567640054080        7.9537584270906327     
   7.0446032096849285        6.3220260340994274        8.7613032921817435     
   6.3427985225143662        7.2619506395037572        8.7204733155507306     
   6.2989552609766291        7.7553573081927736       0.16722332546722235     
   7.0815402799282303        8.7459308490750338        7.4667102589638670E-002
   7.1264188263027908        7.9079534023135896       0.78217089669644668     
   6.3253874465948154        8.6332350740091055       0.76333371569959396     
   6.3627126173020274        7.8936105248489907        1.5765172430244678     
   7.1700836065286158        8.7422747662434848        1.6528433871145150     
   7.1807664091960497        7.8605674485876698        2.5325292693360155     
   6.3662072056193644        8.6184027035546258        2.3473207447376878     
   6.3297440291908069        7.8569773565764951        3.1297322868372661     
   7.0882746125998350        8.6637922266742233        3.2180826294721578     
   7.1921080470921028        7.8705133848823117        3.8849337885281918     
   6.2120085462269037        8.7918993838445960        3.9663596267281389     
   6.3047528917015274        7.9230515764730445        4.7731566368091221     
   7.1124038149841597        8.6573227625939690        4.6668810771090445     
   7.1435025130931606        7.9895517037836079        5.4708156041079476     
   6.3504264870818785        8.7177841575748687        5.4684352996085508     
   6.3774535246323918        7.9825989515273141        6.2425507357549348     
   7.2083089064604131        8.7059437554908463        6.2586659494172796     
   7.1692318274581233        7.9520122203954147        7.0254008479309435     
   6.4662118371005350        8.8140199957627647        7.0367171942090438     
   6.4707835566056380        8.0320164334747677        7.9303320250162495     
   7.1248465498818385        8.9722062258742650        7.8479630503744637     
   7.1060212401412146        7.9285182380462116        8.9164144562951453     
   6.3292207282007524        8.7678646607073141        8.7087270563836796     
   7.9509553483555404        9.4870980470045154        9.4527433925310742     
   8.6727660436889114       0.76932161030235857        3.9585207300335462E-002
   8.6105528305033925        2.5099139405752199E-002  0.82230666944624509     
   7.8705671004372908       0.84525436054728054       0.68250521238129347     
   8.0021675104063767        9.4826190424527432        1.7206005424092450     
   8.6921387207011751       0.83425422587082410        1.5272840790730438     
   8.8255150361081540        9.5168307046575773        2.4566946359914548     
   8.0199122513141710       0.90781487758295587        2.4191999912339672     
   7.9371837981283937        6.5627457224788188E-002   3.0567451603325839     
   8.7619124092145544       0.85017892713338450        3.1969847589777038     
   8.6642145764455591        1.4342190347869930E-002   3.8759063059555250     
   7.8611569150316587       0.76090515555259319        3.9372835296892683     
   7.9316573368494421        9.9050262499768837E-002   4.6959624546998286     
   8.7427107662712267       0.73946856991973431        4.6688970478934664     
   8.6978860486880549        4.8298702337235423E-003   5.5598772905386342     
   7.9478067448241490       0.82957879640732735        5.5682762757037647     
   7.9627392364234071        9.5167559120516145        6.2647733331317159     
   8.7258429987100001       0.80773087420207546        6.3842667247497813     
   8.7113969820189556        9.4917447482701434        7.2027852550633034     
   7.9587951344432524       0.78166465228752269        7.1393298447280999     
   7.9601610828281979        5.2147980688026535E-002   7.9691190808147061     
   8.7217044843495515       0.85446508844267810        7.9038955947294793     
   8.6995509267001143        9.3922399093704509        8.7452319590708480     
   7.9714390291336272       0.81037998742864104        8.6545537643887585     
   7.9937808971379472        1.5982885107509817        9.4226499038317328     
   8.7773039861749655        2.4297479572994685        9.4569865469433392     
   8.7106888668262776        1.5758248191444748       0.77610610360352872     
   8.0402082831503083        2.3825510618452470       0.74820598368920788     
   7.9606165709809646        1.6181213238852352        1.5680736671941640     
   8.7591646699817112        2.3384257325037674        1.5605065268159788     
   8.7284263342166959        1.6725212655398274        2.3992518801255316     
   7.9967307707792870        2.3864166253185055        2.3245036753007686     
   7.8876163695922719        1.5853776362157508        3.1899261595091564     
   8.7500020985624793        2.3845687607693034        3.2226515449222712     
   8.8119259526601112        1.6501156047447039        4.0092186312104285     
   7.9057627987306889        2.2430904709902535        3.9883279700465257     
   7.9386051431208839        1.5016311708562204        4.7032263186558119     
   8.6076346218006385        2.3809347659727069        4.7416449575080977     
   8.7015144238965796        1.5976283497086192        5.4905352777316265     
   7.9105115345687933        2.4756068205473443        5.6073534049410618     
   7.9408109483849989        1.6114039518045333        6.4401423376178339     
   8.8217916710556477        2.5364064397393813        6.3897525223310714     
   8.7920765117713646        1.5857214798821544        7.1795953913784532     
   7.8958351478303257        2.3915878250075298        7.1184553418037586     
   7.9724187458001898        1.6055816766908664        7.8980722371565282     
   8.7856256222938729        2.3428021391393434        7.8774418372600588     
   8.7485867603142573        1.7007290931181411        8.6098814176944529     
   7.9332041534417348        2.3946664116402321        8.7181408408209116     
   7.9242738467044109        3.1989077318099270        9.5046990126129725     
   8.7168973605649374        4.0215427610824825        9.4913061709002928     
   8.7585484072055504        3.2713987782887295       0.71883125813281290     
   7.9382903793754425        4.0129674167815885       0.81194454536186711     
   8.0423933517649502        3.1431268373975687        1.6750817901286754     
   8.7369874882804943        4.0396033009966184        1.4913227164330818     
   8.7669355942818825        3.2461357027352205        2.4322336724238625     
   7.8819432891398780        3.9698754499892619        2.3716679678411747     
   7.9880656305161626        3.1049436465669960        3.1700600280889133     
   8.7431649685106407        4.0156198318955107        3.1343304375419550     
   8.6145765032725912        3.0816130145747760        3.9613881748829938     
   7.9621512629052988        3.9176833025544067        3.9016099839525133     
   7.9309386075514281        3.1642099308948346        4.8161165288790508     
   8.7953709955137835        3.9948815477097801        4.6839337706937920     
   8.7432741247124621        3.3566779483581630        5.5623213134673017     
   7.9011786736569656        3.9337170229329272        5.5868722309237011     
   7.9731568604754646        3.1654327158759124        6.3506588940018140     
   8.7073754911126731        4.0133798352252477        6.4548816627037136     
   8.6792400664876990        3.2674917766862457        7.1906320021732881     
   7.8460012330038298        4.1013641949991273        7.1564948796870507     
   7.8879574993773449        3.3642337217164169        7.8942549183663528     
   8.7872422192407154        3.9888271139554163        7.9503084338080257     
   8.8277618595169631        3.1436034273395714        8.6812737655375383     
   7.8669431626393198        3.9891542588421829        8.8103059326502642     
   7.8506242748115840        4.7664505772922112        3.9764416897125947E-002
   8.7645774861838124        5.5509549841491275        9.4288139518752825     
   8.7232181526512313        4.7621561263460350       0.69493014830595112     
   7.9043814991502659        5.5623150993343380       0.76433095406781948     
   7.9425196347263860        4.7187195329141058        1.5730413122034879     
   8.6350115713699740        5.4810669971138877        1.5663437892851988     
   8.5971205773904114        4.7707208050687866        2.3850091709859993     
   7.9376970707762329        5.5793906429091882        2.4088990638581738     
   7.8949419175285094        4.7642978063726451        3.2391466184378119     
   8.7286898666418011        5.4961129408322726        3.1120084172151201     
   8.6786868326718665        4.7965396088941938        3.9367758309784651     
   7.8709760697876838        5.5370577009228592        4.0150248328184164     
   7.9946864578851162        4.6747358161268622        4.7621069667677594     
   8.8701149374680703        5.5408695526375764        4.7937333025125373     
   8.7656081350324193        4.7551115771232251        5.5912573405237929     
   8.0285258926874565        5.5434564567783298        5.6422936646439172     
   7.8892868313029076        4.7824898583640376        6.3245189094270664     
   8.7738256467260971        5.5345599375644472        6.4004672247015266     
   8.7824919567648649        4.7287782244305472        7.1960038958369061     
   7.9652565530968289        5.5543341930131334        7.1188533634308317     
   7.9315705160991987        4.7578714537941318        7.9679995865417093     
   8.7369542601847510        5.5546166560118735        7.9192973250805361     
   8.7053958762250137        4.7234452718385525        8.6893666747555578     
   7.9264691253961672        5.5234399366629718        8.7083867355315618     
   7.8882549557996695        6.2354861319382202        9.4160582726479696     
   8.6461051327917087        7.0822547922959567        9.5112080925099534     
   8.6885060384860466        6.2251799880874676       0.73548859155846646     
   7.9213918408492576        7.1592826838191392       0.78454962063127043     
   7.9329451856955098        6.2986497972743365        1.5911113046384813     
   8.7071978426838914        7.1275978813688248        1.5392043940948472     
   8.7183014143792246        6.3828867457341962        2.4034953869764211     
   7.9177038787043834        7.0660043484077111        2.3375410959859897     
   7.9199837173593233        6.2793256143701619        3.2022146125774542     
   8.8104733044781458        7.0869119343839175        3.1853971039953124     
   8.7595498732655326        6.3856197558012928        3.9303370796243335     
   7.9899478549358429        7.1132548794727546        3.9637099948165422     
   8.0589159258065290        6.2661048434253459        4.7416613462027781     
   8.8780736063856711        7.2228913645149380        4.7155264306475573     
   8.7840754308805433        6.3433995225819828        5.6019537081114308     
   8.0636885935052014        7.1554266882190358        5.4446583783640570     
   7.9577447427956143        6.3215768965431307        6.3574344787082655     
   8.7946536697534832        7.2798156737335376        6.2366736096530282     
   8.7694009470807739        6.3291362507663731        7.0901000825626799     
   7.8717059296767786        7.1820519819646842        7.1223283633178776     
   7.9725102431079771        6.3769645269777353        7.8035869466415972     
   8.6313187113124172        7.1657320207624684        7.8730519753735555     
   8.6627514354878752        6.2941012227415634        8.7256456126196973     
   7.9407341508964633        7.0986910032788453        8.7486023401954895     
   8.0054384021405500        7.9392881114165323        9.4527916280353281     
   8.6954683082275732        8.7153593387417665        2.6698246288713229E-002
   8.6753676763500547        7.9648559374527910       0.83080260649407778     
   7.9356805775382444        8.7117969499529391       0.82297836797724377     
   7.9259266178267245        7.9215569113823197        1.6421286955904042     
   8.7099110175694427        8.7683510817210664        1.6695565600311282     
   8.6879594490032410        7.8515580868565298        2.4329150059436389     
   7.9443254442333409        8.6409836639948026        2.5317457666235996     
   8.0701437584422759        7.8626614050620329        3.2493823362519536     
   8.8260783668653247        8.7216703991169258        3.1837802859619133     
   8.8010357009252420        7.9281292829782810        4.0124395952138618     
   7.8754715976318881        8.8143379413956495        3.9220603602572566     
   7.9734771103316291        7.9272480114895814        4.6750604588624354     
   8.7186074280979859        8.8706295537221038        4.6836319951473362     
   8.7327966609470948        8.0525455459009994        5.4771257754910341     
   7.9474912215793818        8.7649142463739942        5.5315954149115161     
   8.0100970602291639        7.9765761904649954        6.3243613045491092     
   8.7332887856709842        8.7620523217523054        6.3711178236669541     
   8.6519187008395217        7.9160661736522924        7.2053618848403369     
   7.9066968557610906        8.7611446055889530        7.1568627311584780     
   7.7999466089108624        7.9346776735283218        7.9622395954050829     
   8.6957922438189161        8.6552189615752120        8.0178582107827001     
   8.7210798103456213        7.8627262205427995        8.7465381547092687     
   7.7957770783304330        8.7301859233526677        8.7406603707833863     
