 TEMP->  0.50000000000000000     
 DENSITY->   1.2000000000000000     
 N->         864
 CUTOFF->   3.2999999523162842     
 NUM_STEPS->        1500
   33011.789066702375     
   33064.271664338419     
   33102.443904862943     
   33128.034746611003     
   33144.466544690760     
   33157.281821275115     
   33170.106221634400     
   33185.689818633495     
   33205.244832607379     
   33228.623841839704     
   33253.516920340073     
   33277.724231912282     
   33299.291735490740     
   33317.416395999418     
   33331.006082797168     
   33338.786168045655     
   33340.552541123339     
   33334.825899240117     
   33321.023864051378     
   33297.949149471831     
   33265.614252270978     
   33224.015382899510     
   33174.707383995359     
   33120.078454981136     
   33063.077667439778     
   33006.884711786057     
   32954.584025799777     
   32907.669865851989     
   32868.281832942434     
   32837.413530322810     
   32815.640738402450     
   32803.943917480639     
   32804.717783173168     
   32819.563003453135     
   32849.174602062609     
   32893.506223054843     
   32952.694155996258     
   33024.538704594575     
   33104.766449300412     
   33188.032660191107     
   33268.222714460368     
   33338.843667736830     
   33395.198834720242     
   33434.121105412283     
   33453.270333500055     
   33453.640931286114     
   33437.443435108980     
   33408.235354512457     
   33369.559598284133     
   33327.308963335236     
   33286.263631338414     
   33250.871521365407     
   33223.563799471412     
   33203.577714220868     
   33189.778215537903     
   33178.241879361733     
   33164.786459012605     
   33146.757145399119     
   33122.101602315626     
   33091.524027482446     
   33056.114294390136     
   33019.395516272838     
   32983.305270776611     
   32950.998026397014     
   32925.975362373865     
   32908.863930364532     
   32901.454191843317     
   32902.903013297146     
   32911.977144634700     
   32926.875141756303     
   32945.867913845352     
   32967.040572314872     
   32990.457204430233     
   33014.417356814600     
   33037.369899383913     
   33058.465746208480     
   33075.825723687049     
   33087.371095413313     
   33092.007870247136     
   33088.494120660122     
   33076.225306198423     
   33057.011043082057     
   33032.740876920318     
   33005.329295880212     
   32977.977907648688     
   32952.855070707315     
   32931.755254668366     
   32916.475179484085     
   32909.331358391522     
   32913.218771624532     
   32931.014066034164     
   32965.648540029419     
   33018.213896047011     
   33088.259380139927     
   33170.486875390074     
   33260.216235129687     
   33349.570985265527     
   33430.268371109923     
   33493.640898510945     
   33533.207459741818     
   33543.650580172194     
   33522.785309149629     
   33472.725268081151     
   33398.114467069790     
   33305.573892900749     
   33202.420696775211     
   33096.491630439850     
   32993.167831514831     
   32897.725983412791     
   32813.763722625677     
   32743.331721456609     
   32688.839546831154     
   32650.065623376435     
   32627.560862686121     
   32620.751154932077     
   32628.329257763598     
   32649.508137687732     
   32682.830849090427     
   32726.496453536893     
   32779.051524054499     
   32837.982424856833     
   32902.279201998273     
   32970.498348477908     
   33041.141454283432     
   33111.436354944104     
   33178.677696702347     
   33239.506774148736     
   33291.356869062474     
   33330.658065503376     
   33356.320169318074     
   33366.874240182027     
   33364.009093675813     
   33349.481501101131     
   33324.157291128686     
   33289.788158568685     
   33248.318813602789     
   33201.057986942847     
   33150.771978665412     
   33100.650783050150     
   33054.445281113251     
   33015.383310041165     
   32986.780428290345     
   32968.654745245905     
   32960.930184729936     
   32962.120968732626     
   32970.832424289336     
   32983.577718991590     
   32998.768286305130     
   33013.352533993362     
   33024.095047338807     
   33028.826102754749     
   33026.634092205422     
   33018.003695456449     
   33004.727481043403     
   32988.766975023813     
   32972.699801834904     
   32959.735950098409     
   32952.725829158764     
   32953.420683539531     
   32964.048013931453     
   32985.030959091564     
   33016.481249106313     
   33057.095232144165     
   33104.548614445805     
   33154.466387904446     
   33202.709959359963     
   33243.989045575370     
   33275.828235713052     
   33296.950759601474     
   33308.079235650803     
   33310.955582699527     
   33306.781719999803     
   33297.411696043724     
   33282.917273392442     
   33264.331084072481     
   33241.660869136424     
   33215.657566817732     
   33187.784403525780     
   33159.965792428906     
   33134.807324001966     
   33114.239912699755     
   33100.151211019693     
   33093.580229317762     
   33094.073669586804     
   33099.913426462670     
   33108.909764873446     
   33118.847629537828     
   33127.254092434669     
   33133.621149006780     
   33136.911581427805     
   33138.256567916142     
   33139.359548715838     
   33142.316690212552     
   33146.462676581534     
   33152.023689509369     
   33156.535478374448     
   33158.038977621931     
   33154.382942147917     
   33145.188525143290     
   33129.798766830834     
   33108.280950343949     
   33082.099052910737     
   33052.670801656597     
   33021.165099976555     
   32988.801654036091     
   32957.287798550358     
   32928.793712287501     
   32905.204398737049     
   32888.261633735325     
   32880.081032346774     
   32882.039327840925     
   32894.720687653971     
   32917.680416227959     
   32949.012211766596     
   32986.915097652047     
   33028.511197357577     
   33070.735377472382     
   33112.352155878310     
   33150.157969288535     
   33182.361143753304     
   33206.577782833949     
   33221.686218130832     
   33226.096526385751     
   33219.043519546714     
   33201.228386536917     
   33174.430551179459     
   33141.859090145626     
   33107.347010769910     
   33074.826799169525     
   33048.226155032069     
   33029.147778795741     
   33018.445426704428     
   33015.390308811111     
   33018.150233093700     
   33025.183805693690     
   33035.634472161073     
   33050.443204188596     
   33068.536918588965     
   33088.786152100052     
   33110.019390947811     
   33130.373811979509     
   33147.185973505293     
   33158.293993138774     
   33161.848400552066     
   33157.513349098408     
   33145.581885927066     
   33127.285567775718     
   33106.298968247807     
   33085.015303711953     
   33066.575667490186     
   33052.749307986662     
   33044.301633589290     
   33041.001032838940     
   33040.956963296747     
   33043.067254527807     
   33043.923899419846     
   33042.958736587643     
   33040.122388015232     
   33035.787062748321     
   33031.304658308305     
   33027.230362630478     
   33024.456439073459     
   33022.328849028738     
   33019.062904748549     
   33013.844674879787     
   33005.863713114166     
   32996.089593018733     
   32986.098602291902     
   32977.511530494077     
   32972.954721966045     
   32974.996069220659     
   32986.689410341547     
   33008.385306053060     
   33039.861465992362     
   33077.659921776190     
   33117.236059125200     
   33152.657329209695     
   33179.075386560886     
   33192.267991053450     
   33189.381589619683     
   33169.996751800609     
   33135.504472354347     
   33088.110453103778     
   33031.483965804051     
   32970.220285630261     
   32909.888237289335     
   32857.397470992364     
   32819.397697411528     
   32801.517578306142     
   32807.195106635081     
   32838.325945435019     
   32892.051646144442     
   32964.624892244196     
   33050.318769805694     
   33142.666617568830     
   33234.815182371713     
   33319.660680940266     
   33391.906660016350     
   33447.000403203521     
   33480.159533610880     
   33489.545635123432     
   33472.545802043642     
   33429.611697694563     
   33363.828740460456     
   33278.713404176575     
   33180.216273497550     
   33076.735622773165     
   32976.311052504934     
   32886.726068368102     
   32816.611249300389     
   32771.828244918870     
   32756.551933723800     
   32771.947164311277     
   32814.865194718237     
   32880.854258776686     
   32961.826488766725     
   33048.454728580458     
   33129.180325706962     
   33195.212064706226     
   33240.668225220092     
   33260.805722535151     
   33256.597896613559     
   33231.081086306673     
   33189.321296797723     
   33136.909077318094     
   33079.843016397244     
   33023.229663029953     
   32972.003386371340     
   32930.065028133315     
   32899.229008591887     
   32881.856707954088     
   32877.575215379773     
   32885.442328649144     
   32905.902242568518     
   32935.610662254156     
   32973.143772373565     
   33016.436881147943     
   33063.554470243900     
   33112.125327432157     
   33159.575438512271     
   33202.796314905696     
   33237.731479301539     
   33260.962227417302     
   33269.891131546457     
   33262.594761988774     
   33239.824766310114     
   33204.588871914442     
   33162.080584256997     
   33116.847289521247     
   33075.503338341521     
   33043.414276981064     
   33024.573031634034     
   33020.158894237495     
   33029.527032309525     
   33049.738570615344     
   33076.444272480076     
   33103.960728139587     
   33127.366455844785     
   33141.828937182057     
   33145.729835436687     
   33137.154383201836     
   33118.288271191195     
   33092.464323855136     
   33065.244139988390     
   33041.711429360199     
   33027.345858544759     
   33023.780288030990     
   33031.956303183128     
   33049.184618262821     
   33071.926671272013     
   33095.139601781681     
   33116.023229708859     
   33132.055438635922     
   33141.825812906674     
   33145.685011281224     
   33142.932619450847     
   33134.483784021708     
   33120.277915092898     
   33099.886611098780     
   33073.452998944849     
   33041.512889948230     
   33005.092816612814     
   32965.274771317156     
   32924.769871895449     
   32885.955631778968     
   32850.988597645795     
   32822.533433543984     
   32802.366108130154     
   32792.584261999909     
   32794.564884489824     
   32807.838223082457     
   32831.515791051126     
   32864.574454093163     
   32904.289557002390     
   32949.058326662336     
   32996.722301903530     
   33045.920056192299     
   33095.613210611977     
   33144.058509508526     
   33191.983439889758     
   33237.729774131636     
   33281.278190132027     
   33320.955814155037     
   33356.007371571381     
   33385.480943176124     
   33409.111077691523     
   33427.013047978056     
   33438.912085296884     
   33445.007339850890     
   33444.057129687193     
   33434.394979809636     
   33412.870241753124     
   33377.203451881767     
   33326.329968770384     
   33261.530165192045     
   33183.275857277687     
   33094.699696288233     
   32998.585197009903     
   32899.706418954695     
   32803.638851069860     
   32715.201273048708     
   32641.779198270036     
   32589.443697438215     
   32563.476707001144     
   32565.766543369573     
   32595.808960458144     
   32651.503129941932     
   32726.535402308200     
   32814.741926203271     
   32907.776474059749     
   33000.439058574266     
   33085.339110004570     
   33159.216121082020     
   33218.906686948561     
   33263.769919971543     
   33293.744858717779     
   33308.945459564842     
   33312.469731480698     
   33307.558593080968     
   33297.677104454662     
   33287.519830198820     
   33280.988744315306     
   33280.961593456232     
   33289.398808690465     
   33305.195894574201     
   33326.198692130412     
   33348.777820212679     
   33367.445373875402     
   33375.750338087484     
   33368.262720033854     
   33342.017922155617     
   33295.284750891507     
   33228.121735296205     
   33145.222515717061     
   33051.135814923364     
   32953.983748085906     
   32861.885763406732     
   32782.871520585002     
   32724.604560744156     
   32692.730136850001     
   32690.825267251723     
   32719.072230706119     
   32773.047729002494     
   32845.822970328911     
   32926.520759048115     
   33005.493160193328     
   33072.519068768721     
   33121.926790562786     
   33151.221466845054     
   33161.271399950965     
   33156.397204749344     
   33141.285446562346     
   33119.090423009446     
   33094.470867678589     
   33069.124809913614     
   33044.042766564409     
   33020.529235169364     
   33000.735287687567     
   32984.986561554899     
   32975.329708383804     
   32972.284040490631     
   32976.303791429942     
   32986.870198271652     
   33002.901205010356     
   33020.477775961866     
   33037.748504615833     
   33051.043195229751     
   33055.860556094602     
   33050.165059059844     
   33032.003081616145     
   33001.556146653646     
   32961.358416523093     
   32915.969003396582     
   32871.314147236131     
   32833.098341177028     
   32805.722092455951     
   32792.297804852475     
   32793.101773258953     
   32807.725141552233     
   32832.538137024712     
   32864.090235412696     
   32896.949247563309     
   32928.224127012138     
   32954.251704465787     
   32974.460822230656     
   32988.295447123295     
   33000.079386577665     
   33011.795142964926     
   33026.231383421335     
   33046.498152327411     
   33073.849251188418     
   33108.909756331916     
   33148.252388978341     
   33190.052285024220     
   33229.250185287936     
   33260.969243561638     
   33281.141514333045     
   33285.893756950260     
   33273.766840967932     
   33245.317308407881     
   33204.327463640053     
   33155.380649487939     
   33105.315172585892     
   33059.567945257120     
   33023.835568028386     
   32999.960621921658     
   32988.496599389553     
   32989.385100302112     
   33000.706884532730     
   33020.696271325956     
   33045.784039568571     
   33076.043008158806     
   33108.549142689204     
   33142.899935968533     
   33177.862096727637     
   33213.684439043391     
   33249.201464398022     
   33283.742950229942     
   33315.106203465955     
   33340.647509990653     
   33358.303653332332     
   33366.531995385281     
   33363.831397149057     
   33348.548768194341     
   33322.437310691166     
   33286.352741613635     
   33243.822202292089     
   33197.035006973929     
   33147.550556309412     
   33096.447096214877     
   33045.787662043738     
   32996.642134798640     
   32950.083352425259     
   32909.136158364730     
   32876.485776747060     
   32854.515507561307     
   32844.555122162448     
   32847.212832935882     
   32860.618066624374     
   32884.261231327757     
   32914.926842273642     
   32950.443574534031     
   32989.470119808393     
   33028.647764516034     
   33064.655592598727     
   33095.396778459581     
   33116.733227976954     
   33128.100901014965     
   33129.831101432574     
   33122.111522215018     
   33107.941132905973     
   33089.169276122411     
   33068.374212580151     
   33047.361370127473     
   33028.543448774450     
   33013.327469176569     
   33004.008580161608     
   33001.560636208975     
   33006.380521980675     
   33017.287786226669     
   33032.761844167624     
   33051.131967560985     
   33071.374766076115     
   33092.652167639106     
   33114.945360507794     
   33140.796775681672     
   33170.976000121576     
   33205.439384114405     
   33242.291347714825     
   33277.696887779355     
   33305.209193992341     
   33318.172500079505     
   33310.914520843420     
   33281.302708339121     
   33228.575293411850     
   33155.381717866570     
   33068.599288868849     
   32976.303433700981     
   32887.961445936933     
   32813.413482367694     
   32761.924463090727     
   32740.139026124190     
   32752.075319025538     
   32796.375908457259     
   32868.624228162946     
   32960.017914899145     
   33058.282110688262     
   33152.218439977769     
   33229.480952340993     
   33281.275359610787     
   33303.645227607434     
   33294.654491422283     
   33257.683485259724     
   33197.491886407966     
   33122.560104921977     
   33040.989656907870     
   32961.297476117506     
   32892.328433918279     
   32840.030024206360     
   32810.347164605504     
   32806.239650179996     
   32830.916821596002     
   32883.294781684512     
   32959.292672617361     
   33051.610699071862     
   33149.369462461975     
   33241.977365398649     
   33317.236108599653     
   33365.525585022602     
   33382.666807244204     
   33366.942104246977     
   33321.869586174245     
   33253.626455486876     
   33170.341728681837     
   33080.803945641092     
   32993.863540169565     
   32917.376597155322     
   32857.530822475885     
   32819.370850621315     
   32804.965980651046     
   32815.270436769126     
   32847.923154441800     
   32897.425977775420     
   32957.942838941381     
   33021.286686038162     
   33079.491767442589     
   33125.990202152796     
   33156.342709662051     
   33168.039306452374     
   33162.621937451833     
   33143.640042935374     
   33115.873498083842     
   33083.803708353553     
   33052.619553909382     
   33025.544835475870     
   33006.347722253056     
   32996.733734821886     
   32997.542765628517     
   33008.034328696536     
   33025.983188279613     
   33046.283685064518     
   33064.526405262826     
   33077.773092590032     
   33084.392027818627     
   33086.102644815379     
   33087.511836820908     
   33092.544180350487     
   33104.341964400628     
   33125.353482149621     
   33155.633402788895     
   33191.781322769792     
   33229.029290409482     
   33261.890194637388     
   33284.611830813992     
   33291.252646851855     
   33277.944312851672     
   33242.894722934951     
   33189.048575217916     
   33123.541590758352     
   33054.126276064111     
   32990.062050188099     
   32940.301357563374     
   32911.126856236595     
   32906.100010778377     
   32925.825968929785     
   32967.324465927450     
   33027.573673721839     
   33100.404301064518     
   33177.436802060503     
   33251.313059910302     
   33312.543151105943     
   33354.921768546046     
   33374.224851162922     
   33369.194129837553     
   33341.867744144321     
   33297.821698384323     
   33242.760237326969     
   33183.002379015386     
   33123.365110977087     
   33065.437840093779     
   33011.716845513554     
   32961.745693114368     
   32914.737045942675     
   32871.394434542402     
   32832.827525554298     
   32801.619553977405     
   32781.698032205488     
   32775.000867446346     
   32783.180568860109     
   32805.612099020851     
   32840.067187065404     
   32883.309904027788     
   32931.941497107400     
   32981.758891262340     
   33029.588616894420     
   33074.509203811751     
   33115.834609923484     
   33153.160858562333     
   33186.454644921047     
   33214.557650160583     
   33236.819930955404     
   33252.822881963017     
   33263.114942045133     
   33267.531626978132     
   33267.981869079718     
   33266.643484368193     
   33265.074400739053     
   33263.159507303222     
   33261.348914300244     
   33258.152642851717     
   33252.920584362415     
   33242.889299581992     
   33227.996595795899     
   33207.348048570770     
   33178.934385872759     
   33141.683346430422     
   33095.611030744360     
   33040.367980025490     
   32978.751346912890     
   32914.710973512600     
   32854.905641806574     
   32804.980098447748     
   32771.002087872279     
   32757.674891710692     
   32768.539643493335     
   32803.943522682508     
   32862.886841200969     
   32941.032754148939     
   33032.231748173414     
   33128.846409654507     
   33222.996618776662     
   33305.715740936139     
   33369.156532605222     
   33408.226459541562     
   33418.528257445469     
   33399.814106199214     
   33353.761875356577     
   33284.249533458824     
   33196.464104465027     
   33098.494255947480     
   32997.865789469768     
   32901.704152774430     
   32818.039511152572     
   32753.371295168610     
   32712.232784519409     
   32698.646898619743     
   32714.207468038472     
   32757.241933608064     
   32824.469425213792     
   32909.008075247963     
   33002.234946839155     
   33094.564073676542     
   33176.083108185347     
   33237.575586146202     
   33271.944929832498     
   33275.670143561685     
   33248.362630147414     
   33194.494167727236     
   33121.220399560458     
   33038.212397756804     
   32956.045919858516     
   32883.658580578718     
   32829.904014953048     
   32798.212707221210     
   32790.368153530406     
   32806.132685992758     
   32842.388934286464     
   32895.635034034443     
   32960.444774769465     
   33031.904756993754     
   33105.412298349940     
   33176.177752059040     
   33238.941601746614     
   33290.410566341940     
   33327.127768118888     
   33347.231846599891     
   33349.592493229575     
   33335.817977852566     
   33309.758812896056     
   33275.152542374155     
   33237.209020502814     
   33200.441755771630     
   33169.708359716897     
   33147.215004635669     
   33133.659154028064     
   33129.023221897703     
   33131.170088437459     
   33138.027657508632     
   33145.634866939290     
   33150.256199992989     
   33147.703414768846     
   33135.212240131885     
   33111.118171522015     
   33075.996156644229     
   33032.132864454987     
   32982.780747013647     
   32931.826563343624     
   32882.692680090317     
   32839.767402057601     
   32806.988687581281     
   32788.722797816292     
   32787.810568882225     
   32805.556701353642     
   32842.244424363402     
   32895.413662548577     
   32960.372474252516     
   33031.253372602107     
   33101.674128983577     
   33165.736753526202     
   33218.616842775962     
   33257.124824393642     
   33280.146619547122     
   33286.062436503780     
   33275.023547183577     
   33249.082193751376     
   33210.092599189746     
   33161.030692067987     
   33104.839146032311     
   33046.628965354015     
   32990.127354037053     
   32939.286416080868     
   32897.509638732801     
   32867.714171829655     
   32852.130432401500     
   32851.274396675231     
   32865.479370836583     
   32893.793100343872     
   32933.712243654089     
   32982.737549138415     
   33038.100614725976     
   33096.030498914981     
   33154.936494253350     
   33210.903308022745     
   33262.155385664126     
   33304.690255719688     
   33336.017517132794     
   33353.819572843720     
   33356.612210896223     
   33344.900094998069     
   33319.898738213116     
   33284.755239488455     
   33242.580295948734     
   33197.215840494784     
   33151.534978882621     
   33107.670947666636     
   33066.385745775769     
   33028.762736218530     
   32996.228809292064     
   32969.281746368746     
   32950.061636982457     
   32939.191352425602     
   32937.313059704538     
   32944.508464337247     
   32961.406410712079     
   32986.782977457799     
   33019.431883000048     
   33057.918445053976     
   33099.491261551069     
   33139.608311240379     
   33174.296980360181     
   33200.124020113260     
   33213.579269260801     
   33214.394006121314     
   33201.834375257771     
   33178.855890201230     
   33149.371280593667     
   33116.312133526480     
   33084.971632874680     
   33057.903101568896     
   33036.150015333689     
   33019.593022020381     
   33005.483589875730     
   32992.644142171564     
   32980.131455467170     
   32969.047696378773     
   32961.664193340854     
   32960.623266101749     
   32968.486120913069     
   32987.271603732501     
   33015.948846828862     
   33053.452671016195     
   33096.814200251742     
   33143.267168447353     
   33189.490325685671     
   33233.752372969866     
   33274.207845788122     
   33309.023669343260     
   33335.905548870163     
   33353.662330278014     
   33361.187174554056     
   33356.870959924570     
   33339.990868831250     
   33310.948434642429     
   33270.135395315861     
   33218.787374951091     
   33158.474469806366     
   33091.014303408854     
   33019.416493468809     
   32947.451797186259     
   32878.895410717065     
   32817.083021395643     
   32765.830659822423     
   32727.818401894914     
   32704.961627681456     
   32698.198576959454     
   32707.526691024981     
   32731.412097732486     
   32768.055966370135     
   32815.328296809981     
   32871.246948790416     
   32934.085351475384     
   33000.899406545366     
   33070.926138690542     
   33141.955676492384     
   33210.669093179626     
   33274.890637368757     
   33330.693217817359     
   33375.647506096757     
   33407.265946468331     
   33424.503974851708     
   33428.250740383242     
   33418.749588368897     
   33396.389169796857     
   33362.659802837523     
   33318.262589595761     
   33265.157441738927     
   33206.306525701140     
   33144.643536795913     
   33084.591063646410     
   33027.877605166999     
   32978.135134869379     
   32935.623999130636     
   32901.100146702513     
   32873.050981628847     
   32850.422254617493     
   32831.012073045560     
   32812.849427915680     
   32795.510049087112     
   32778.518731545446     
   32763.051242349506     
   32750.619645802286     
   32744.906720967356     
   32749.775776856877     
   32767.598185747520     
   32799.070078235789     
   32842.300245867074     
   32895.433436963358     
   32954.994200021341     
   33016.414481662279     
   33075.356129969026     
   33125.918246404894     
   33163.562145238910     
   33183.737548026249     
   33183.104456504101     
   33161.558596717739     
   33121.258063044872     
   33067.927617224952     
   33007.893940708287     
   32949.464047205140     
   32900.918306743341     
   32867.944458654027     
   32855.034260846602     
   32865.058605891936     
   32896.835821839755     
   32947.147426449643     
   33012.228739563463     
   33086.141618084293     
   33161.335191665006     
   33231.676227439020     
   33290.305756482070     
   33332.763013723292     
   33357.080078305531     
   33363.461308367179     
   33355.090380605674     
   33336.868445762339     
   33313.532494430845     
   33291.262967416144     
   33274.085590083225     
   33265.723013962415     
   33265.658335454318     
   33271.890046821594     
   33281.343397909339     
   33288.761689249324     
   33289.764262128097     
   33280.108532052174     
   33256.570390533248     
   33218.303312115189     
   33166.629826653130     
   33105.112829098682     
   33037.251320357303     
   32967.383745661849     
   32902.087879274099     
   32845.535130838965     
   32802.847374645193     
   32777.482540287623     
   32772.599595017942     
   32788.945740276737     
   32825.557591605153     
   32879.028131106759     
   32943.938149570364     
   33015.133509808118     
   33087.441954083413     
   33155.284505624390     
   33216.852869407689     
   33268.737444666767     
   33310.421487267187     
   33339.925436865124     
   33355.754825364820     
   33356.550985397014     
   33340.186046454539     
   33307.266943134840     
   33261.000120445387     
   33204.935686587211     
   33146.935734971790     
   33093.255578258562     
   33051.040705208492     
   33025.781954625054     
   33018.835973546789     
   33029.427915629814     
   33053.668366512647     
   33084.564265556131     
   33116.875270761077     
   33142.948708288182     
   33159.097566446289     
   33164.135249509804     
   33157.060431612321     
   33140.973752932448     
   33118.124399143613     
   33092.027997713391     
   33062.939962034041     
   33032.673482670907     
   33002.135188873704     
   32970.121734606051     
   32936.812887922017     
   32901.803780505099     
   32866.050429888812     
   32830.396565982264     
   32796.133296477703     
   32766.103620756268     
   32742.368264901826     
   32727.637836678801     
   32725.492205986873     
   32737.902223330821     
   32767.104730647970     
   32812.852924337320     
   32874.134723859330     
   32948.477934667950     
   33031.898531251230     
   33118.541894741473     
   33202.694678019805     
   33277.755333791429     
   33337.068117201001     
   33376.152806964426     
   33392.421105928537     
   33385.069306155492     
   33356.334625287331     
   33309.143955437365     
   33249.662708514959     
   33183.366495572482     
   33115.063321725283     
   33049.182278130735     
   32989.020923215110     
   32937.429952127124     
   32896.297517467101     
   32866.112200972821     
   32847.978516238545     
   32841.653560100320     
   32847.006313503967     
   32862.639722961212     
   32887.123262309557     
   32918.832096628663     
   32955.317764267071     
   32994.585664034727     
   33032.038421214391     
   33064.382618654883     
   33089.913341929183     
   33107.703214612411     
   33116.816992494074     
   33118.973571355338     
   33117.490697604197     
   33114.732244572653     
   33113.927825123566     
   33117.571399843087     
   33127.717212216558     
   33144.581270972616     
   33167.909876215272     
   33197.241119872349     
   33230.051520555266     
   33262.206969153463     
   33289.984468110146     
   33309.822061478531     
   33318.207683000546     
   33313.206343557009     
   33293.322650535840     
   33260.685190089396     
   33218.176686832747     
   33169.444618967464     
   33119.151253382355     
   33070.616644773443     
   33025.494029890622     
   32985.615434506435     
   32951.239726957785     
   32921.556812466573     
   32895.087089750494     
   32870.781265005702     
   32847.611994131963     
   32824.861113246916     
   32801.601559658229     
   32779.171468627392     
   32759.176571089414     
   32743.599958468458     
   32735.766320217757     
   32739.585830465650     
   32759.031231763711     
   32796.495271419502     
   32853.609637863934     
   32930.614881674992     
   33025.013055600262     
   33131.915769510328     
   33244.488446891381     
   33354.303925110049     
   33453.229490061240     
   33534.334598350863     
   33592.146456802046     
   33624.677295617948     
   33631.681265530387     
   33614.514367674376     
   33576.045382670818     
   33520.339348638554     
   33452.515207629200     
   33376.059025208320     
   33295.401809832765     
   33213.885037909895     
   33134.812396288311     
   33060.277640684442     
   32994.014572766893     
   32936.797923854276     
   32891.503769071729     
   32859.675350811653     
   32843.414877233154     
   32843.862425046209     
   32860.179154940124     
   32890.679252710615     
   32931.256782250595     
   32977.804038980466     
   33024.870719734296     
   33067.862777041031     
   33102.432975957738     
   33123.666530107614     
   33130.754373237600     
   33122.209072579273     
   33098.285347656652     
   33062.901286216693     
   33020.167130306414     
   32973.425810605091     
   32928.012526233804     
   32888.941372022324     
   32860.583138596259     
   32847.856870599957     
   32854.274304546067     
   32883.235039698222     
   32935.684131851165     
   33011.485837571177     
   33106.088540710844     
   33213.805892490825     
   33325.745046508448     
   33431.846358907722     
   33522.334931889323     
   33587.520334605921     
   33619.831736355445     
   33615.308612618268     
   33573.821787424276     
   33498.819380991779     
   33396.847931318182     
   33278.158432564036     
   33152.416451124824     
   33031.687607581473     
   32924.621970248023     
   32837.546218914416     
   32774.155583479929     
   32734.838603367909     
   32715.962781223639     
   32714.007629129279     
   32724.994375202310     
   32744.518552743109     
   32769.626850461849     
   32798.222014394989     
   32830.095044041889     
   32863.867134962195     
   32898.099663579269     
   32928.642167225735     
   32952.765410828950     
   32966.561091169628     
   32966.716680978097     
   32953.768026024336     
   32929.407568267765     
   32898.993382267756     
   32868.544459677469     
   32845.749527307729     
   32837.133860281137     
   32846.580972745003     
   32875.182799375994     
   32921.913394412273     
   32980.883523078344     
   33047.895008811480     
   33116.310637887560     
   33180.196562437945     
   33235.618436597862     
   33279.970573115206     
   33310.372553500150     
   33326.236792538548     
   33327.035934166066     
   33313.720851947874     
   33287.051572984739     
   33250.805772741172     
   33208.181836643627     
   33163.048838841678     
   33119.908146032278     
   33083.282079402714     
   33056.977763445058     
   33044.360134608418     
   33046.208759266970     
   33061.893159351705     
   33088.782893913318     
   33122.377666150540     
   33156.953307286713     
   33184.854436919377     
   33201.556099447727     
   33201.295762203670     
   33182.591432617373     
   33146.470287895834     
   33096.928161524687     
   33039.664030152482     
   32982.223506688642     
   32932.418221490196     
   32896.509898750606     
   32879.660081918977     
   32884.234030872933     
   32909.304447059949     
   32950.953750010674     
   33003.888095786257     
   33061.829998801681     
   33117.904197726079     
   33167.137008795733     
   33206.533720758125     
   33233.901906844279     
   33249.320260430548     
   33254.861871346657     
   33252.935474059494     
   33246.049095034075     
   33237.508971711148     
   33229.646536754095     
   33224.178774521301     
   33220.883706049957     
   33218.841905651294     
   33215.381361095089     
   33208.013975179289     
   33195.657179286922     
   33177.120463548898     
   33152.199301078603     
   33122.022537518445     
   33089.127432433415     
   33055.962282572582     
   33025.046693473865     
   32998.729676390518     
   32977.865552747535     
   32964.895117780427     
   32958.899409068130     
   32960.789090677477     
   32967.858277941668     
   32979.533289746701     
   32994.465433354373     
   33011.411774373555     
   33029.592965653574     
   33048.872039160633     
   33068.783455613026     
   33088.076920929183     
   33106.748747617567     
   33123.426319579492     
   33137.694534377450     
   33148.897295061572     
   33157.149171506164     
   33162.044317289205     
   33162.977205630203     
   33158.949452283319     
   33149.371672125475     
   33133.958674281777     
   33113.416177123370     
   33087.727780208115     
   33058.374080249334     
   33027.191197155167     
   32996.318011705553     
   32968.216516909924     
   32944.355806907450     
   32926.650459216384     
   32915.956929904176     
   32912.256212599234     
   32915.949691804431     
   32926.431139935346     
   32943.557889888136     
   32965.502356115743     
   32991.777675200086     
   33018.986039562071     
   33044.408589443148     
   33065.747312092833     
   33081.185225400252     
   33091.074970614070     
   33096.751552766196     
   33101.176098743636     
   33105.581344049402     
   33112.306348228289     
   33120.493889616708     
   33129.555849621633     
   33138.698166623719     
   33146.536590951924     
   33152.524661773496     
   33157.007260385537     
   33159.463081466180     
   33161.257103262891     
   33162.453955729281     
   33163.751385206422     
   33164.708341605641     
   33163.919936127291     
   33161.693452486041     
   33157.226826552382     
   33148.939265257446     
   33136.171408967988     
   33119.446379069544     
   33098.811178622062     
   33075.483130612804     
   33050.031153117088     
   33023.675654519939     
   32997.941006264788     
   32972.840035836038     
   32950.141467627269     
   32929.984363239564     
   32915.337747132420     
   32907.560695772358     
   32909.445592158110     
   32922.551763105519     
   32947.050865458717     
   32981.688285070821     
   33024.036217227251     
   33069.417288833836     
   33114.368211406509     
   33154.179507406167     
   33186.384901211190     
   33210.235141089557     
   33224.919140072416     
   33231.084810690998     
   33229.404110471201     
   33220.660587246581     
   33205.566642949641     
   33184.506109771333     
   33158.681729012533     
   33128.760925261049     
   33096.946185212277     
   33065.682123384700     
   33037.941694616013     
   33016.140999637457     
   33003.536843703630     
   33000.424443759475     
   33008.592045975129     
   33026.872043327174     
   33053.904384567802     
   33088.477200127410     
   33126.699574898463     
   33165.916702311290     
   33202.487506889920     
   33233.011825154943     
   33255.174251153781     
   33266.876047557111     
   33266.668069835818     
   33254.138526996576     
   33231.323713879145     
   33199.781990525837     
   33162.526684726676     
   33122.252936824647     
   33081.860056826190     
   33045.583904697276     
   33015.953887659271     
   32995.704395946348     
   32986.077270395595     
   32986.836706177346     
   32997.396832963968     
   33014.457303735617     
   33034.728750773735     
   33054.426080725862     
   33070.212973087611     
   33080.146119765312     
   33082.785066635784     
   33077.626715460901     
   33066.430666991182     
   33049.016066179742     
   33027.457047650998     
   33003.108223381561     
   32978.418096802969     
   32956.127940535283     
   32939.791710507503     
   32933.438793250032     
   32940.762640856206     
   32961.048673016987     
   32993.889421587817     
   33036.433252477225     
   33083.436914236940     
   33129.600998846690     
   33170.614053630867     
   33203.985358649581     
   33226.431548256376     
   33238.736268573542     
   33240.714738549745     
   33232.918005143350     
   33215.309197051341     
   33188.703678671365     
   33153.035143437912     
   33108.303002060609     
   33054.915300442080     
   32994.700315889881     
   32930.014923411421     
   32866.072822986753     
   32807.334794669950     
   32760.544901234574     
   32730.506986857450     
   32721.176130923988     
   32734.294440337533     
   32769.537042593118     
   32826.191290853567     
   32901.534832178571     
   32991.119514283899     
   33091.670852330826     
   33197.976694989738     
   33303.927976737767     
   33404.161942105689     
   33491.690859184826     
   33561.347260927738     
   33606.549229514269     
   33623.082279979011     
   33608.265734398003     
   33562.674764264317     
   33488.817152090240     
   33391.672973370420     
   33280.272231650539     
   33165.468245099037     
   33056.990325144659     
   32963.954246938149     
   32893.006340348911     
   32846.084394987090     
   32823.084320050948     
   32821.457690632837     
   32837.146212646650     
   32864.585439796640     
   32900.439072478119     
   32940.148170289161     
   32979.712288956500     
   33015.624044277851     
   33046.778233822042     
   33070.961181087478     
   33087.068268092371     
   33095.663215442204     
   33098.287540853678     
   33096.466061623534     
   33091.896538794404     
   33085.920790733391     
   33080.252972457019     
   33076.638859524268     
   33075.665573055383     
   33076.434191902743     
   33079.734625950136     
   33085.455562366617     
   33093.115372101522     
   33103.627195916466     
   33118.412096428881     
   33137.668040714569     
   33161.447855908773     
   33188.710374351649     
   33217.327099757684     
   33242.504669285488     
   33260.303664741696     
   33265.577486018556     
   33255.564058156029     
