 -0.57792199200840910     
  -7.8720965297397177E-003
   3.3200673967502010     
  -1.1645829594960642     
   1.2915404252345830     
 -0.68708433443980244     
   5.2719453358074431E-002
  -1.2243235291269632     
   1.2545774631809479     
  0.18910875787956224     
   1.4419283569641614     
  0.98404592320781537     
  0.98465344030273894     
  0.57604601370668385     
  -1.0049603915638359     
 -0.77713862647776244     
   1.9766757997741926     
 -0.18700488975078045     
  0.99375306734583646     
 -0.41957404278031185     
  -1.9395161076959704     
 -0.41120568196370638     
   9.0371716153759579E-002
 -0.84087184564151463     
 -0.69062846300255298     
   1.1032243097367076     
 -0.10681050011177722     
  0.64204090263879743     
 -0.55405252480868750     
 -0.95309552357854654     
  -1.0099056594218296     
   1.1223742991563259     
  0.66356517272561055     
  0.87680184204166545     
  0.35317964880322555     
  0.58096030331244430     
  0.87147366984756514     
  0.49721086430692624     
  0.51156992787873545     
  -1.2181015798001378     
  0.39877676029775178     
  0.36676270544026052     
  -1.7841424013180178     
  0.21026285202421338     
  -1.3590709461265287     
 -0.16000122996007582     
 -0.87639676161812818     
 -0.51942887936390036     
   1.0690945151917930E-002
  -1.4086314033445466     
   1.7470644462105926     
   1.7785571700913441     
 -0.24628405365839492     
 -0.32670856729867614     
   1.4439736489265083     
   1.8004492289694838     
  0.47977981938948167     
  0.33780092450128846     
 -0.80935000938544177     
 -0.89047940389196334     
 -0.85083636546343611     
   7.1075311685641032E-002
   1.6010032769153792     
 -0.56096835963399583     
 -0.83601351731633877     
  -1.5066665668183103     
   1.0983091695190721     
 -0.41679471777322380     
  0.45620607881788200     
  0.48428147576185154     
 -0.12874044104626964     
   1.2187699542683907     
  0.12161944609758876     
 -0.24163291520205241     
 -0.17381708101025301     
  -1.8126438543281242     
  0.23128176940981168     
  -1.0361744349400310     
  -1.2281046034296427E-002
 -0.58539005037097103     
  -8.5857433273189662E-002
   5.2163565633850398E-002
 -0.58248590476218853     
   1.0561691037123389     
  0.61730658139239880     
  0.70784740889610620     
   1.5055640882277743     
  0.12837428019098573     
   1.6320502947950732     
  0.93123328051364207     
  0.40259438851551727     
   1.9018667363802340     
  -1.2405428431263303     
   4.2932756573479572E-002
   1.0756762347375750     
  -3.6471790616679267E-002
 -0.26477029142853248     
 -0.38222025120345748     
 -0.43263804237685838     
   7.2279019158216093E-002
 -0.97530080117896734     
  -2.2263512636443306     
  0.26215979183914651     
  -1.0462128361826968     
  -6.0695042122730233E-002
   5.0072824603745188E-002
   1.0223582106988911     
  -6.0263602056559284E-002
  0.78305988644883373     
  0.84083852279478410     
  -1.8156075347919809     
  -1.9967783616506873     
 -0.12503996639737830     
  0.49991496013555237     
  -1.7630813754347670     
   1.6855211067124858     
  0.47055926119330027     
  -1.0963837245264416     
 -0.27311512125296789     
 -0.29919260636364514     
  0.34116979765896588     
  0.43378641494300374     
 -0.70911685317231377     
  -1.6914254021221322     
 -0.38064669187475253     
 -0.99351367810078250     
  0.71842530611618438     
  -1.3217503491910458     
 -0.59526004179815728     
  0.59953929198641365     
 -0.32927182645525144     
 -0.43115642225748102     
   2.9097253083871125E-002
   1.9752537773829386     
   2.4226888343330404E-002
   1.4896458297236714     
 -0.32078164053627045     
  -1.6834114818853820     
  -3.0502534732451025E-002
 -0.39233629571140671     
  0.53518988297925729     
  0.27652239636060733     
  -1.3660961099587339     
 -0.80581295487230142     
   3.6932394035146851E-002
   2.7193082028932740     
   1.6527767637801716     
   1.0760415971380015     
  0.29766611253013109     
  0.76329632381943202     
 -0.47240866976123486     
  -1.1120283210957145     
   9.8072375590205374E-002
   5.4035228853427583E-002
 -0.82245888531372646     
   2.1680366575338068     
 -0.47274452980593401     
  0.51266948766287801     
  0.21899503113234495     
   1.2353782318648692     
  -4.2144097285580197E-002
 -0.50617651677048281     
   2.4539272544083623E-002
 -0.93955175267857283     
  -1.1022665794141759     
 -0.46962152662174789     
   9.7383105530921180E-002
   1.1322254061428729     
   7.6359291951558259E-002
  0.97087898973741826     
 -0.44232989916955556     
 -0.39869946153950658     
  -1.1759553716294986     
 -0.19342628266785064     
  -1.9534419433941541     
 -0.18311168887502344     
  0.60694551334991531     
   2.5123917504516715     
  0.57663768158890005     
  -2.0800890738201203     
 -0.92986888660856537     
  -1.5891500399970397     
   1.6685582884985151     
 -0.84523755901620035     
   1.5818771155603071     
  0.19823034324465197     
  0.17004473461306086     
  -3.7038333924680013E-002
   1.1909019260792051     
  0.63222574873648296     
   1.2167238382025813     
 -0.48530541953174627     
  -1.6421392539079003     
  -1.1560374946813732     
  0.92940475801001488     
 -0.67651869275876730     
 -0.21850243927347118     
   1.5299265590273166     
  0.26277559150253749     
  -7.3686352780567219E-002
 -0.24201210270888807     
  0.23278350701760195     
  0.36891143613578953     
  -1.6958328577544932     
 -0.94139151637835616     
  -2.0251341621840213     
   6.5623370566801537E-002
  0.70387755286207943     
 -0.50256738376823928     
 -0.32320656818818200     
   1.2163635409366809     
   1.6275119318494591     
   2.3723988406792098     
   1.3955422028608635     
  0.29242860653634500     
  0.56674851029982964     
 -0.46273130793113582     
  0.96272880072910560     
  0.59176589906270471     
 -0.44636476325920915     
 -0.12820906581080813     
  0.18603762663712786     
 -0.90631222003165701     
  0.20361995931551471     
  0.80378802547036099     
  0.95028232764342413     
  0.22754989456735603     
  0.27270049302015614     
  -9.4222209811006111E-002
  0.87604402685317873     
  0.17241896739539622     
  -1.2048867384765545     
   1.2441638060360565     
  0.66391217796266522     
   1.4290086978533638     
 -0.73044304299415275     
 -0.30185877003021866     
  -1.1800255815790694     
  0.43050969255868859     
   6.2967350602339073E-002
  0.78300013808803592     
 -0.69386595002484297     
  0.99101593245768871     
 -0.36686450730301140     
  -1.5598076884641612     
  -1.7793795155310683     
  0.96288807965611500     
  -1.2981157830496706     
 -0.23606482155163039     
   1.0347014914842534     
 -0.44284676992059557     
   1.7298468109287375     
  0.54508941848176418     
  0.11989620712834020     
   1.1805850095097741     
   8.6733037393816340E-002
  0.94447047550374452     
 -0.44889997628522899     
  0.32421639397715452     
  0.65239054689566989     
  0.29959944853488440     
   1.1213896947597914     
  -1.2237980406070206     
 -0.92914881155817652     
  -7.4350837622135540E-002
  0.48672879125300089     
 -0.82728083860114898     
  -7.0598189676060269E-002
  -1.9587421560499363E-003
   3.9751735338418078E-003
 -0.18963567865614878     
   1.0786721494228095     
  0.33475384215183018     
  0.42630330330059507     
  0.35052942308063717     
  0.34234728025520006     
  -3.8776272620648119E-003
  -9.9727543610481501E-002
 -0.68169362238363362     
  -1.3474465914899174     
  -1.0449757960911419     
 -0.72828216185510730     
 -0.82105816430590961     
 -0.39313562612712649     
  0.99755492940807222     
   2.5962954776773057     
 -0.65099433301243659     
 -0.54820841430315403     
 -0.71212342810198226     
 -0.34472263872957148     
  0.92507960203675643     
 -0.67437154072158012     
  0.15790712637013393     
 -0.95036178217397538     
 -0.69607456268888301     
  0.18829228233345310     
  -2.7851068995100078E-002
  0.98209323714163688     
   1.0593078022191692E-002
 -0.96502279437158633     
 -0.11703245098636461     
 -0.13792188136118055     
  -1.4352958976980210     
   1.0904722976219661     
 -0.65114605579078078     
   7.8469284107467230E-002
  -1.8474588523569031     
  -7.4533486471504332E-002
   2.2787916439824314     
 -0.21116604288599461     
  0.34860421535047009     
   4.1314765879555758E-002
 -0.41232621413473092     
 -0.79830979914774769     
   6.1808441024293372E-002
  0.30535462810006170     
  0.87579721409428501     
 -0.86962422011867246     
 -0.83752540471480530     
   7.7532084099337277E-003
  0.27523884357197020     
   5.7247961646875303E-002
  0.38444446937631327     
  0.77679446086049153     
   2.0278190028731893     
  -7.7797185874434766E-002
  -1.0627750543387653     
 -0.18024822440227684     
  0.47331284524409101     
 -0.19080403023704468     
 -0.73276283455985780     
 -0.41825358181242500     
  0.48431446377551896     
   1.2367217716287928     
 -0.64845678676862306     
  -1.0776219173478454     
 -0.16212689506109743     
 -0.33761970123757379     
  0.85326887926276029     
  0.24311571217346978     
  -1.2596089169444815     
   1.2475323360917854     
  0.12569879620928859     
  0.11744880024075682     
  0.53655001911871991     
   2.2661473581632894     
  0.97818619572842791     
 -0.91665343051196080     
 -0.76934526521340785     
  0.55460338395451914     
 -0.17516031573619753     
 -0.71493634611549250     
 -0.70700357432870764     
  -1.4896628473548661     
  -6.8529698946533157E-002
 -0.24540756636547734     
  0.63068630295274797     
   5.0907104017339444E-002
  -2.3806124073535067     
  0.22798815777321038     
  0.45834344840226177     
  0.27120242680536055     
 -0.47449359289298448     
  -2.0100016252089863     
  -8.0229827010112137E-002
   7.5911855137525547E-002
  0.61014564715436692     
  -1.7401002856861933     
 -0.68344077090458144     
  -1.0030333382052412     
  -1.4046056551050889     
  0.28743997676302813     
 -0.65717021440481171     
 -0.71776888394113025     
 -0.19314951387017237     
  0.30932067927123241     
  0.58725549759872153     
   2.4773499516231121     
 -0.92541895226763271     
 -0.24406733991029178     
  -3.3001821961821290E-002
  -1.0069042821508531     
  -1.1275540905780528     
  -2.0284921992603095     
  0.55374628062604914     
   2.4440282838400553     
 -0.19123785762719930     
  0.66818484457684757     
   1.8164865014199707     
 -0.31052550282087488     
  -1.5227006558190390     
   2.4831341894680032     
   1.1556501802445363     
 -0.27776781384287930     
   1.9042837726180866     
  0.18665631945346159     
  0.40155779097081146     
 -0.41368344308535582     
   2.0384307921811531     
  0.48201654240414232     
  -2.0111121476376392     
   2.1166119458915087E-002
  0.16563198401925702     
  0.31663821515337165     
 -0.16114616357313821     
 -0.12179385951193282     
  0.77849233537587703     
  -1.1125326738683989     
  0.13447241846562066     
 -0.74834585646925078     
   1.7336811464993944     
 -0.41350058265709200     
  0.62494695361766028     
 -0.56376776223774760     
 -0.63522472648785333     
 -0.14416746934918670     
   1.0701877886087330     
 -0.70590778842317914     
  0.42407793476438665     
 -0.25111980541863971     
  -1.1915805347476729     
  0.43998753221367565     
  -1.2912722721532910     
 -0.39706199961116229     
 -0.94117462577952227     
 -0.86348377622742478     
 -0.46420122499719080     
   1.2956345911710971     
 -0.63278149919111482     
  0.33882369165470877     
  0.64915851064366503     
  -1.3462519522482650     
  0.80304265113139794     
   1.7516264914975148     
 -0.68872852094728298     
 -0.10000072332428035     
  0.19956321939413085     
 -0.16308760117605986     
  -1.2228570659560312     
 -0.59801506669696514     
   5.4124442089121476E-002
 -0.31450495180741511     
  0.57703662884421925     
   1.8423042270473904     
  -1.1470880294133379     
  -1.5720381767947358     
   1.6904564559021169     
 -0.29346399464451961     
  0.16677313810870648     
 -0.82249922226370409     
 -0.14622925891897798     
  -1.4646565573190722     
  -2.0029483620959295E-002
  -2.2268995960284439     
   1.3280741871984607     
 -0.85877701846011056     
 -0.43983864664968347     
  0.94916751725380910     
  -1.5088622646604286     
  0.86558514277106935     
 -0.48191667719952369     
  -1.6404482743223174     
   2.8127214721359792E-002
  0.68242211117916685     
  0.13662263797906998     
 -0.34507929427231687     
 -0.25236509167002613     
  0.24830002805802395     
  0.50539225341590144     
 -0.56392053733674352     
   1.0877197648841566     
   2.5807116559540464E-002
  0.62078518930934679     
   2.3248324543420202E-002
  0.34255066555641817     
   1.0144032946101393     
 -0.13237258181366121     
 -0.83987151505317559     
  -1.0993701828960332     
  0.95884038050585285     
   5.6507286593081005E-002
 -0.71161251827741001     
  0.63238105356075602     
 -0.57959300033578975     
 -0.77537061751938796     
 -0.13126844337237809     
  0.27668554106912291     
  0.32088225057284753     
  -1.4444173190310825     
 -0.12219577236019094     
   1.4497967657826545     
   1.7919096088869311     
  0.91826462167512579     
 -0.82050971781824378     
 -0.33761356445672991     
   1.1483492410620029     
 -0.48144980872902710     
  -1.2212423570057733     
   1.1399798783084407     
 -0.36343743305260728     
  -1.9830621349565676     
   3.3241051504303777E-003
  0.63458805059987344     
   1.4547621811147018     
  -2.2190999802482860     
  -1.1221259729472566E-002
   1.0402945750323309     
 -0.81764214045516304     
 -0.15441668748989909     
 -0.24903640021876625     
  -1.3535385788091843     
  0.27067897888245795     
 -0.49272730626815758     
 -0.67156333854447214     
 -0.42496295998450145     
 -0.10547138840047332     
  0.35338609931720522     
 -0.74511072867385264     
  0.69763719857318274     
   1.8551000276289049     
  0.71667727907728207     
 -0.37012454979555798     
  -1.1979809991504986     
 -0.91003024834101576     
 -0.31702980571913492     
 -0.38835149546164843     
  0.59525483110549327     
  0.58819138418091166     
  0.47434339271864201     
  -1.8654825203425232     
  -3.4562092822051457E-002
   1.4454500942783453     
 -0.32212584463915223     
 -0.86507495949805269     
 -0.59313467702791900     
  -1.4121098966949273     
   8.6100731241760153E-002
 -0.96667661921692394     
 -0.17480364243836749     
  -1.7142079814486619     
   1.5792281172905931     
  -9.7531504963798921E-002
  -1.3988702013735319     
  -3.0670387277459039E-002
 -0.81678457192653120     
   2.0285868253166357     
   1.0845234691263976     
  0.36939872665518081     
  -2.2452695081703968     
 -0.89055009585768508     
   1.0019373132766185     
  -1.1001302096954890     
 -0.41492425415890477     
  0.55706082640890686     
   1.4178513764250602     
  0.11482347233303677     
  0.52574507330387032     
  -1.0691036054998746     
  0.97084720556773230     
   1.1479512232944458     
   1.7292153572321050     
  -9.4817369436675292E-002
  0.20352587046477832     
 -0.34158078274612436     
  -1.0379153611714969     
  0.39494696823785369     
 -0.99572234197859877     
  0.88589725739645520     
  -3.3010450373226287E-002
 -0.61738508029680006     
   8.2144819993019258E-002
  0.21283087229941097     
  -1.1067366555324001     
   1.3242784098217308     
 -0.21713495333584087     
  0.32762453347669790     
   1.5437830654186979     
 -0.19962062366599728     
   1.4913363323974649     
  -1.4793017435074269     
   1.0174750225153393     
 -0.21296052287164088     
   1.0207676754242905     
   1.4663297634281458     
 -0.13011596462998351     
 -0.65722259152408968     
  -6.4011353453538783E-002
   1.2593659740085488     
   1.7480325936203225     
  -1.9975817574091288     
  -1.2135569180165560E-002
  0.86069683954698717     
  -1.0483643919441370     
  -1.1310146636165226     
   1.3472857002391465     
  0.36707620857508505     
  0.34790574015643450     
 -0.52523253220658150     
   1.0236497353332836E-002
   1.4340853331963763     
   1.0517471996971002     
  0.10871362575093159     
  0.52477124221781568     
  -1.7158006496042171     
  -1.1001071753387710     
   1.3739865959053825     
   1.5574791496305240     
 -0.30408501271337318     
   1.3297991363947326     
  0.91559860331252785     
  -1.8004022544395923     
  0.93720460382832005     
 -0.28422674987295904     
  0.15032221083032352     
 -0.49723782206432937     
  0.95910073425295739     
  0.74053007033418083     
 -0.16208064974850470     
  -4.8872221275272874E-003
  -1.3893965773952266     
  -1.3561044367526540     
 -0.41233152032291776     
  0.52274199815231981     
   1.4111097836035129     
  0.45967561198287948     
 -0.38411729075004214     
   1.8816406490646793     
  0.28388943948686873     
  0.55624364023858175     
 -0.45115022834475865     
  -1.7746460754581745     
 -0.26430888995166996     
  -1.7933013849856132     
  -1.7372555075068403     
  0.53288264170266064     
 -0.41223765027712445     
   1.8903771991938116     
   1.0737022030895242     
   1.7171378019517314     
   1.1877432869709306     
  -1.0332099685294831     
  0.15068276117243648     
  0.87762399997821305     
   1.5621000589844378     
  -1.4852305531095031     
   7.8356166277371131E-002
   1.5595787859872852     
 -0.75771550913236618     
  0.92362885856180110     
   3.1741411173977170E-002
 -0.39925666932673282     
 -0.38372953829904849     
   2.6646483965109002     
  0.80869458414990791     
 -0.91465950004125751     
 -0.30866445040425350     
 -0.81620097654723478     
 -0.34746724815117014     
 -0.38862881459671217     
 -0.62729679489255707     
  0.22399367675212467     
 -0.38658962254652901     
 -0.26591754924221755     
   1.1769300919352104     
 -0.88209114606765893     
  -1.8745389655033413     
  0.93481516651730623     
  -7.4114365787999306E-002
 -0.49712456592556148     
   1.6515424152388891     
  0.68849278847504058     
 -0.21312130374862312     
 -0.58746000439115897     
 -0.52176323715206718     
   2.5456504836434735     
 -0.83508219294805075     
  0.54077893294080037     
  0.17795278041066132     
  -1.0609848260982251     
   1.5293611176972028     
  0.25001587456015117     
  -1.5200526981590596     
   6.1783225499754013E-002
   4.2013559310512455E-002
 -0.32820191184881597     
  0.25708142277949270     
  0.42087182791022021     
  0.33544048038319263     
  0.18340027186727509     
   8.1414511813500595E-002
 -0.12989786111570240     
 -0.95823136372924178     
 -0.58409850913189865     
 -0.34657835025137318     
  0.88775197668592054     
   7.9781017301762805E-002
 -0.43371757095786856     
   1.8440139912205293     
  0.59789466972411054     
 -0.31065775190025818     
 -0.59327537022560783     
   7.3585747846282940E-002
  0.16760079093446809     
  0.85322822445413948     
  0.15749641584157281     
 -0.92586413228970488     
  0.40351421851880165     
  -1.6822939317537120     
 -0.98020425962067426     
 -0.57260521234785522     
  0.18706371029721974     
 -0.58342931633969242     
  0.12049377904668332     
   1.4061279307172720     
  0.16273565704710954     
 -0.18558655609045213     
 -0.59418201502526347     
  0.15643327963804937     
 -0.18275330547920204     
  0.31514884171806928     
   2.7324929565747790E-002
 -0.49361220987175791     
   1.6534933340501312     
   2.6047056715735106     
  -1.0289065616771396     
  -1.1456980090547182     
  0.30529149407184036     
 -0.45797426667765290     
  0.53316740458451639     
 -0.22430707139528741     
  0.61231605529187350     
 -0.39738683956926518     
  0.29569764588960840     
  0.21502357593518884     
  0.15630619828799414     
 -0.95728337677193787     
  0.10021961482915789     
  0.85477521127204181     
  0.86090751529415599     
  0.23290399891191327     
  -1.9718599160311294     
  -1.6925156358100759     
 -0.74138935167275932     
 -0.50538069391050533     
 -0.52433397715988528     
  0.25544831643402272     
   1.2331888497752066     
 -0.80537104732659226     
  0.68700108067614385     
  -1.8867881385905871     
   1.4234847856091148     
  -1.9963901207422077     
   1.1471682323197288     
  -1.2064155791911566     
  0.15271853810921515     
  -1.9190881690935369     
  -1.5046312377802007     
  -1.0806924650289236     
 -0.20040986692136595     
   1.8399347633599676     
  0.60265858716581777     
 -0.93802261178879187     
  0.36435825862460441     
   2.3571319386766914E-002
  -5.3545654759909272E-002
 -0.73577533458520861     
  0.60139608530095345     
   1.3830435725247834     
  0.96393634111339732     
  0.92124449957920107     
  0.55043751858895362     
   2.4983662583583799     
  -1.2267550940807359     
 -0.99648588939987615     
  0.27632968228757149     
 -0.94832599319024613     
  0.74064441885452048     
  -1.9871702448558204     
 -0.61559187402346682     
   2.9354971145851443     
  0.65826026301034124     
  0.54772510153669718     
  0.43547448099123787     
  -7.0320009793863339E-002
 -0.31821760284472561     
  0.66813516943308748     
 -0.26580459363969894     
   1.7870724943298848     
   1.0679160219600605E-002
  0.89978811191653685     
  0.86486522963745271     
  -1.0044096150591924     
  0.54440216052937473     
  0.54565391583716161     
   1.6840857553789008     
 -0.29021883156213313     
  0.67208064805649292     
  0.53159443353106417     
 -0.29489152505877336     
  0.60721609329012394     
 -0.40630348886411738     
 -0.68774666844275822     
 -0.14806014907651419     
   1.5268932126710826     
  -1.1100732916357812     
  0.97152238358944454     
  0.41852121349462373     
  0.83223451485992828     
   1.4455278532407962     
  0.56475216873707779     
  -1.4495686985936420     
 -0.68088608413843643     
   9.9663255992741756E-002
 -0.36972785136725972     
 -0.85886999304449907     
 -0.64848477992909026     
   1.1396970130913766     
 -0.40816101725383247     
   1.5295005628928424     
 -0.23263079119777594     
  0.34182115547431413     
  0.83671801757980624     
 -0.35314171372502234     
  0.88814332762278847     
  -1.1793370723931140     
   1.0018357934508113     
  0.25303510396750856     
   1.4167745344276368     
  -6.1832613529838459E-002
  0.57303341945451758     
   1.0206241438216048     
 -0.29280056942900828     
  0.15144215139179779     
  0.47239876591458657     
  -1.7088806120867497     
 -0.34625295604568168     
   1.1970684305384029     
  -1.0454633253165937     
  0.25915925348187802     
 -0.27072798151626531     
 -0.95134249478701249     
   1.2043851171427851E-002
  0.12872362826417896     
 -0.47276422421086473     
  -1.2448546513453482     
  0.27315544461341029     
 -0.28735085546057382     
  0.21122932942198966     
 -0.73221717894661331     
 -0.30291285868590595     
 -0.45072889826787438     
 -0.14171024492305498     
 -0.36769479209455319     
 -0.87702362342718243     
 -0.60574981979480669     
   2.4881331935794226     
  0.49852250606737247     
  0.27861830413403865     
  0.15183709754753227     
  0.39142067605903957     
 -0.88530545716956610     
  0.16115186637232329     
 -0.26837840009758829     
 -0.88797194894469855     
 -0.19981434575178181     
 -0.34083631382495128     
  0.69595242800846446     
  -1.1564035439874745     
 -0.43407439770425638     
  0.28838020162213490     
 -0.32150713085333110     
  0.78540717829377571     
  0.26208225053984768     
 -0.86250443761133389     
  -5.4534139353269097E-002
 -0.17878841154092109     
   1.0436645399754449     
 -0.50517981105693632     
  0.10332691657197031     
  0.48499963211291724     
  0.71969297190070480     
  -9.0753018666576875E-003
 -0.85700675693436024     
 -0.76334776304945440     
  -1.4633121697821052     
  0.22874392555338194     
  0.25070444474494147     
  0.64651028324076376     
  -1.2060854398876804     
  -2.1893552050960485     
  0.68779951503326597     
  -1.4909549801155160     
  0.38619739991373253     
  0.88951744569350177     
   2.7235527816006102     
  0.58916623618444408     
  0.50001857911095804     
 -0.91500699865746093     
   1.3221091499967259     
  0.56502176022171091     
   2.0996189832118830     
 -0.62154688498522592     
 -0.86993469784969157     
 -0.38906265544035884     
  -1.2966474542858510     
  0.57090320980487075     
  0.12265950433807341     
  0.50494429603513480     
  -1.6101084368410776     
 -0.50757095014115994     
  0.42663783351838330     
  0.38614110839467691     
  0.85819926739591679     
 -0.26500320049766274     
   1.5032936741849641     
  -1.7972642358433708     
  0.11321270055061906     
  0.15796901183607662     
  -1.1528294641798829     
  0.24760630716870510     
  -1.0990431104405376     
  -1.3058360414332806     
  0.21621624277192825     
  0.57052978690378719     
  -1.6944204809888133     
   1.1258814710309251     
 -0.70417456492406227     
  0.82226431030780878     
   1.1083756438906993     
 -0.20019252938341670     
   1.5877354143053219     
 -0.68434079881985443     
  0.62515687250846441     
  0.27528145191018305     
  0.13503461854859908     
 -0.79504764461512878     
 -0.44571803082919254     
 -0.71089757420508715     
  -1.2644083863743869     
 -0.75969248214775620     
  0.52149389427920267     
  0.58205676530782369     
 -0.53004467942034661     
 -0.81121682984292909     
  -2.4950124895652190     
 -0.31829903668792919     
  0.85897266155338270     
  -1.4139531043956346     
  0.83523081799498455     
   1.9700918717958129     
   1.1445941322443693     
 -0.29374645620780282     
  -2.0164049402146803E-003
 -0.78449033238584576     
  -8.8842743847232258E-002
  -1.1481500943065235     
  -1.1733460744302573     
  0.59099551694915697     
  -4.8025485017902825E-002
   1.4921271005051371     
 -0.58509000746991735     
 -0.52768961771914968     
   1.0096816683085068     
 -0.15235339879221166     
  0.95771750667807398     
  -1.5618085781868365     
 -0.76053295316495295     
   1.2788326804909886     
  -1.4888297354038704     
 -0.75039295874862155     
  0.76985111112900384     
   1.5414574438410580     
  -4.4910779325711823E-002
  0.57553403513525347     
 -0.35145442588001974     
  -1.3169877234216025     
  -1.3102143945810212E-002
  -1.1979497933737522     
  0.98991174370608448     
   1.1046086168318658     
 -0.74877962360538042     
   1.7479551607439987     
  0.67782661194400051     
   1.5932684819699692     
  0.52962738075900861     
 -0.70185831017460654     
  -1.0034011903271711     
 -0.53091275645382874     
 -0.25028143488895649     
  0.56202188518249474     
  0.27014218670444318     
 -0.88439404943096578     
 -0.62017600327416178     
 -0.30194585281144432     
 -0.44445255827689539     
  -1.0181175796279696     
   1.0410203966087703     
   1.2735482564364116     
   1.0405555995501161     
  -2.1749471436799177     
   1.6751177608970838     
 -0.84106435099239074     
   1.1733803944251771     
  -3.5903931774164136E-002
 -0.12338560548280258     
  -1.6015206876607433     
  0.25807649037713842     
  0.89140753258125427     
   1.8571526483218768E-002
 -0.88523470469097798     
  0.25451303813608017     
  -1.3040457425062977     
   1.8439395170723529     
  -1.3325943969208858     
   1.8684310472594512     
  0.15220868208319288     
  0.60721587252333642     
  0.19519601308155074     
   1.8527560966531318     
  0.47313582786165831     
  -2.2631702320500979     
   2.2899681527388505     
  -1.8432166611744387     
  -1.3963958022841503     
  0.24560193475539963     
  0.73228079668441237     
 -0.50731913735740086     
  0.19322586484841048     
  0.93332583175631623     
   1.4013341657932616     
   1.4963225919521157     
  0.15456316184702737     
  0.25393327512296132     
   1.2310209615997385     
   1.7050172523826159     
  0.79330095234113673     
  0.89644805606591582     
 -0.39551828797548161     
 -0.71416022722503170     
   1.3734926027125500     
  -1.3264350614080322     
  -9.5181585550100867E-002
 -0.66032742736154615     
  0.82474897173266881     
  -1.1252536839998091     
   8.2911845086016418E-003
 -0.85164175344314774     
  0.85833107739410919     
  0.26394842865768098     
  0.51947272035556880     
  0.12789650981177425     
  0.79217187517352861     
 -0.56506008390197970     
  0.93438874006327188     
  0.11740375809847554     
  -1.0261404806022589     
   5.7177955944552107E-004
   1.4414397199069215     
  -1.2415515097025367     
  0.10864876710988471     
 -0.83649821856496853     
   1.8846674817387588     
  0.62869346022983674     
   1.5131103942739139     
   1.0191642714643185     
  0.61089962117305741     
 -0.29802412799744971     
 -0.40538317099699839     
  0.23034766250550062     
 -0.36481702586357290     
 -0.73044554691767616     
 -0.47243038793057451     
 -0.38697787496991015     
 -0.95484678924086186     
  -1.1282423130122576     
 -0.14445259012027431     
 -0.80377610056171189     
   7.9124361957419467E-002
   1.4964797597396322     
  -1.5803577037921990     
   1.8255123331887964     
  -1.4746394508174747     
  -1.1466354310658560     
 -0.28343761126987227     
 -0.32488440588918110     
  -1.6805183887707895     
 -0.39916211379036642     
  0.42217595384152323     
  0.72541177279187841     
 -0.93866781149327716     
 -0.91750252662169862     
  0.82740570516248146     
   1.3519930014925245     
  0.29347726853054329     
  0.92058055493025226     
   1.0333948944203359     
  0.79579321737157227     
   2.2055394106910446     
  -1.6953605683233119     
 -0.12304643572978259     
 -0.49492170967851234     
  -1.0495623082271173     
  -1.8229479915367870     
  -1.1936617228421418     
   1.2442890046597606     
 -0.61549514406953676     
  -1.2134352234744661     
  0.72259839814104221     
  -1.0095940837178621     
 -0.44376988600824691     
  -1.4588853032324880     
   1.0439254696064004     
   7.4906082441131186E-002
  0.37810751779606327     
  -2.5660969152955997     
   1.2412545615237873     
  -1.2908381958191268     
   1.7645692141444655     
 -0.51388808635988026     
   1.7014372572723413     
  -1.1135554606038567     
   1.5729515294678074     
 -0.95119438514520804     
  0.29070690286846484     
  0.25345257357766776     
   1.2595684337773603     
  0.97031438529640557     
   2.3632334338088987     
 -0.72381426445394215     
 -0.35397134848544382     
  -1.0809493399009729     
   1.7062504542253263     
  0.63175594831772819     
  0.26368425034981019     
  -8.4223971821094867E-002
  0.90620380266492273     
 -0.79300603294638072     
 -0.42123123035075355     
 -0.79180511622912175     
  0.77650261688460287     
  -8.3926338054594860E-002
   2.2874979592425015     
  0.95914677006291471     
 -0.58650914728001169     
 -0.76016387201606594     
   1.2896548346273506     
   1.4592845187282204     
  -2.2725937229305591     
   1.2902217559287190     
  0.43004525164789731     
   1.3176096302351150     
 -0.24059688410648430     
   1.7423477870942796     
 -0.40476348569803727     
  0.14247286485447028     
 -0.56470676416628152     
  -3.2454829019221497E-002
   2.9051295718602432     
   1.0737030739480535     
   1.1107684680313863     
   1.5444829246362806     
 -0.13764766316163132     
   1.1594822384780419     
  0.29571679379697818     
  0.49083685142512123     
  -1.2465869962860028     
  0.23603757928355032     
   1.9424509830368919     
  -1.4226998127810300     
  -5.7023432970820728E-002
   2.0977073322273290     
  0.25340692122845032     
  0.39462852638847262     
  0.39189956249868596     
  -1.5844452137408918     
  -8.3830135988754037E-002
  0.55587371901165461     
   1.4000556265541593     
  -1.0389749126445559E-002
  -6.6102361051511502E-002
 -0.27966872326405762     
 -0.10798533575721612     
  0.29293549969062022     
 -0.29355559091527117     
 -0.43303649844255659     
  0.24890763743030009     
  -3.5411121318887517E-002
 -0.46437322283888038     
  -1.0967804491067015     
  0.64512598906323559     
  0.16793904057519757     
  0.76406585202587896     
 -0.21668132927302025     
 -0.74686913358555074     
  0.32772200787071387     
  -1.1038268302403447     
 -0.72686055363993340     
  0.93408582526891948     
   3.3499285851873326E-002
  0.20500918159406972     
   1.0875979065148040     
  -1.2590733298510606     
 -0.89721127343035179     
   1.1839359734205437     
  0.53372360274868935     
   1.0411095237392829     
  0.10792451937304293     
 -0.12607589191644766     
 -0.39979009934631898     
 -0.89893229604696623     
   1.2053584428748774     
  -1.9977185772579795     
  -1.0086888252025463     
  -1.7599977138299729     
   1.3141866070398978     
  -1.0203968875227718     
   1.7602407832337933E-003
 -0.35348124204131981     
   1.1053011388181484     
   3.8442213815032857E-002
  -8.2456989950515716E-002
  -1.7434369578504472     
 -0.54464878270768036     
   1.7405218717839761     
  0.80500952660665082     
 -0.36769270201592591     
   2.0054285597670769     
  0.69038422930094767     
 -0.26429430250875308     
  0.38580589457515468     
   1.4559463222128954     
   1.2673153257565621     
   5.2310342434228940E-002
  0.47694184888715280     
 -0.64030476047787155     
  0.91593926878552190     
  -6.8649838920662218E-002
  0.24876008099495522     
  -1.3976858665352967     
   2.0176769777632237E-002
  0.21034756570099827     
  0.17977682225693853     
   4.9327919821424711E-002
 -0.37269100555484796     
   2.3126713024220886E-002
  0.63237629361230285     
   1.9813117577650565     
  0.46007536451646314     
   1.8977002787894304     
 -0.11926174040475737     
   1.0293576374342912     
  -1.9872578270579973     
   1.2852995625904047     
  -1.2630743941706661     
  -1.5584707178243227     
 -0.40661912016446755     
  0.58379290397777350     
   1.9969850982269552     
 -0.14260647753103334     
   2.9040961307704651     
 -0.33291221584156033     
  0.29915599182024599     
  0.41262315415358980     
  0.44696598433024043     
  -1.8485993866236448     
  0.51583075173069137     
 -0.69967091344206056     
 -0.46762927779831048     
 -0.20636146988168785     
  0.40728880009275215     
  -4.6858037211752350E-002
  -1.0105579874923238     
  0.25544319131412285     
   1.1011110069694456     
 -0.41577255031262461     
  0.19473616657728218     
   1.2672339089007814     
   1.3285952247902280E-002
  -1.0868783540339630     
 -0.66055427736219530     
 -0.85546075505514607     
  -1.6891167571120764     
   1.2832626004510808     
  -1.2794904255223123     
   2.0947568860260635     
  0.19987256617509092     
 -0.25980346710604074     
 -0.88801401994410967     
 -0.14626797137993691     
   5.3258152954358935E-002
 -0.69427882625928528     
   2.3297651933078685     
   1.5879213258236775     
  0.44665185350509995     
 -0.60113012217388073     
 -0.81759630188868704     
 -0.76998439853317369     
   1.1209573913683368     
 -0.71734759071608745     
   2.0466913956281236     
  -8.1965842883673440E-005
  0.22094697630808538     
  -1.4309875857163317     
 -0.34769181216096751     
  0.73073336435163783     
 -0.80041360182923249     
  -1.5061246509017103     
 -0.56162039251440232     
   1.6429591955569101     
  0.81080908346646596     
 -0.83194182466281852     
 -0.14484808619747047     
  0.70232095531246108     
   3.6265565146059955E-002
  0.67578140857446534     
  0.29485060578994904     
   1.3781502052258001     
  -1.6016958007889639     
  0.40064467842310914     
 -0.72166787545741262     
  0.87521591122384113     
 -0.32082060330462397     
   2.9225365343369090E-002
  0.81739185258365921     
 -0.87316619507774085     
   1.0116426911389393     
  0.35173471489938996     
 -0.49098608065329979     
 -0.48772867079958498     
 -0.75272464841659426     
  0.60009678819996337     
  -1.8705931377273743     
  -1.4114611407321487     
   1.1270403093353969     
  0.37391609934658460     
   3.3445267635283951E-002
 -0.94063143190962240     
 -0.11191323643415958     
  0.91671660896012297     
  0.72439614498584437     
  -1.4399987055155907     
 -0.37270174417951790     
  0.80479525716468392     
  0.84320665342332790     
   1.2459716000434820     
  0.18693047875393098     
   1.1900497234881513     
  0.36605382420522192     
 -0.66065250776848727     
  0.60280725577057337     
 -0.47614831728242307     
 -0.76308701057935324     
 -0.73191403213279460     
 -0.16833898549487525     
  -1.1553207465936839     
  0.78592771324744604     
  -3.2096105688288100E-002
  -2.6663061766634524     
   6.8728687491274101E-002
  -1.6871245708851272     
  -2.5583641506470363     
  -1.6329653436234803     
  0.22825748501997123     
 -0.65976655163142817     
 -0.96313362934893509     
  -1.2678269640681854     
 -0.64574574629269987     
  -1.5507461665185274     
  -1.2056933934773570     
 -0.69939451488792925     
   1.1895154499358358     
  -8.9237839914207279E-002
  0.77349092646297879     
  0.67927406055089645     
 -0.48368202048465375     
 -0.74098910688209674     
 -0.72097442895846919     
 -0.77639150226517017     
  0.33739054670269636     
  0.47759595628266971     
  -1.6216714150291238     
 -0.34930735591232642     
 -0.65028346466474896     
  -1.2536176066230871     
 -0.45668410794846909     
  0.36314102003035548     
   1.2947631301395504     
  0.27114511570883815     
 -0.83342936599237993     
 -0.19113862459556538     
   1.0148712467387777     
  0.60561051244472064     
  0.61056127528638071     
 -0.28853000128160033     
   2.1479536635221486     
 -0.97702766842301625     
   1.2369155780000012     
  0.35194247134947676     
 -0.17004524740457000     
  0.12560586714611741     
  -1.1262973711498567     
  0.96862170052248264     
   1.9925235772209295     
   1.0065481544389245     
 -0.82795427715942338     
  0.86205170288369892     
  0.23848643909690725     
  0.61427045460605834     
 -0.35316216020483293     
  0.31351207467585124     
  0.61852917131497565     
   2.5797354571466782     
  -1.7767114055000210     
  -1.0789413452568324     
  0.79155866648923601     
 -0.44581406322210038     
 -0.16394855071500264     
   6.3921846251399295E-002
 -0.52572299655582100     
   1.0001682736085378     
 -0.48108494920212652     
  -1.2498988205601540     
   1.8371974396579884     
  -1.3514303003766712     
   9.2236023846281514E-003
  0.45517811874014097     
   1.4642424813392798     
  -1.7136428633797272     
   1.6974451408397895     
 -0.42417875685990808     
 -0.75374523207825062     
  0.75858564391605443     
   1.1330240186106899     
  -3.7804095548842835E-002
  0.38320594688566967     
  0.56893773209255050     
  0.51651367232844325     
   1.3739673773690737     
 -0.17247952686470053     
  0.68722575167565148     
  0.74203648864034621     
 -0.40783936338006127     
 -0.52111321625638884     
  0.93060411878286697     
  0.46113301275193735     
   2.8032372562477783     
   1.0247159749259771     
 -0.76154014794526659     
 -0.83640669571496706     
  0.36605761904355777     
 -0.71637444133423689     
 -0.99684391615728696     
  0.68067045874037868     
 -0.57332715986097216     
  0.13205956526776144     
   1.2209004022868317     
  -1.9934229299030712     
 -0.31973855365474763     
   1.7307348577207520     
  -1.6031754991722813     
  -1.0093567909137657     
   1.0700194132591236E-002
  -1.9789996479279599     
  -1.7032164854807827     
 -0.53921405310492643     
 -0.80957813549683288     
   4.6565788806011511E-002
 -0.15392769983283169     
  0.78114213821301703     
 -0.17729684854610669     
  0.84934510386613249     
  0.14830547074447323     
 -0.20199019713441108     
  0.66254994654702160     
   1.6826891429329847     
 -0.99869541993865996     
  -2.2399021976545894     
  0.39384942070037798     
   1.0313534479766013     
   1.0596294929070214     
  0.80108942769744362     
 -0.97030459505868560     
  0.59597800460501005     
   1.3303343486079804     
   1.6690203666166270     
   1.4252090772001620     
  0.20996336142071309     
 -0.48998194028848041     
 -0.55438903677793583     
   1.0027347708896330     
 -0.29001449357834247     
  -1.2198611566083484     
  0.48451467731472508     
   1.7863604893524123     
  -1.6265182758519390     
 -0.75747653762162193     
 -0.50277626910388895     
 -0.71808063936797684     
  0.17997327353063680     
  -1.2451836238504908     
  0.60648381377807226     
 -0.17933033655391267     
   1.0895090671611627     
  0.45968711685550090     
  -1.0261081801607645     
  0.20579466411060912     
 -0.93235619538766479     
   1.0221821402111195     
  0.89572657279794710     
  0.23621642459788458     
  0.33225343926134765     
  0.28993855251290623     
 -0.25766191220528040     
  0.11444871230989331     
   1.4508122411064899     
  0.21707169116655065     
   6.3955672192781213E-002
  0.38143411193582388     
 -0.44273471548874466     
  0.96052496455929137     
  -1.7010585989874281     
 -0.58559325368144621     
 -0.75034137576741311     
  -1.6630759115613450E-003
 -0.31258746324194470     
  0.30021959785017749     
  -1.3754513675332087     
 -0.50039375684334464     
  0.14409707580428482     
   1.3233374774930076     
  -1.0906546298412625     
  0.64859771848427172     
  0.10413582740386751     
  0.22861740780797984     
 -0.70284903124735565     
   6.9221375109501923E-002
   1.8702308481383818     
  -1.8978619071910043     
  0.12183702888213417     
 -0.60217891337342055     
  0.39114151967753102     
  0.72010075774318305     
  -1.0372217617202033     
 -0.24983249313621514     
  0.50429492277508758     
 -0.11699368628823846     
 -0.39694266697778768     
 -0.42198239339526328     
  0.20124486727115404     
 -0.97509548827039272     
  0.12149032228871717     
  0.37999756831237430     
   1.8991014492038278     
   1.5737699150099089     
  -7.4451307394996034E-003
   5.5097961222908012E-002
 -0.62042309776921511     
 -0.95539942050679627     
   2.2056251475926127     
 -0.97555713372002173     
  -1.4943567024789612     
  -1.7293765235477079     
  0.20760324505588712     
 -0.60027392577463723     
  -2.0194735576842424     
 -0.10099680242790376     
 -0.32879253484559834     
  0.55650314341959550     
  0.48324827476037385     
  0.39772300573777841     
 -0.47518148946556821     
  0.32539266396702166     
  0.89044907114216409     
  0.46612940986085322     
  -1.7299360887552924     
 -0.54176643126678026     
   2.4984427772782043     
   1.8645855643388032     
  0.54638202303163019     
   1.1570152537354008     
 -0.58684773683581481     
  0.61721913668643602     
  -2.1308517400843114     
  -1.4338581851643715     
 -0.67040142314672935     
  -1.2726836823058010     
 -0.67390453195270172     
 -0.50954597357842946     
  0.97410795882202827     
  -1.1610978254412061     
   6.8296777662648869E-002
   1.1281037855934444     
  0.54859200979559652     
  0.72719030356610981     
   1.4013211398561451     
  -1.3378596244791938     
 -0.83328708303096355     
  0.29557549909911479     
   1.4952761886816093     
  0.41872009594010601     
  -1.9821978375061273     
   1.0268859128483896     
  0.58042744962229009     
  0.38308392889236559     
 -0.95431046438279921     
  0.46320575250631979     
  0.54917594077835297     
   2.2559084885703480     
   1.1423097792556867     
 -0.41330106056843424     
 -0.12726105591122111     
   2.1167792789987909     
   1.7801299406429296     
  -8.1688674858345481E-002
  0.21727776333118304     
   1.5192164613053352     
 -0.45540290417967089     
  -5.0970584234915781E-002
 -0.60412802246590758     
   1.0903465063455071     
 -0.85327708651605527     
  0.43265228226367475     
 -0.30549940243513640     
  0.40910505577745088     
 -0.94231009174538283     
  0.24929084801461360     
  0.67077177177453151     
   2.6619463385757145     
  0.89804477701776775     
  0.11646396564014029     
 -0.27219761496472594     
  0.38591380580989987     
  0.98852227017779426     
  0.40519000807591332     
  -1.6399545136913452     
   1.1768447617757760     
  0.77317345734431531     
  0.32597638066348900     
  -1.3691937954178073     
  0.72695131093176757     
  -1.1386189058641045     
   1.7613310307958621     
 -0.66067814619364273     
  -1.5648097720185432     
 -0.19665365141533983     
  -1.0280468125787565     
  -1.4792848764167019     
  -1.0179679692154957     
 -0.39688043570044534     
 -0.58797880013188408     
  -3.6074950840468842     
 -0.54007571171057145     
   1.8211036330161430     
  -1.0073418584010978     
  0.13710090484822696     
 -0.63045895179045197     
   1.9065366320005186     
  0.33700916481929383     
  0.24137231613361512     
   1.6213419781628795     
   2.0616954950272692     
   2.6289900026056126     
  -1.0092923369474101     
 -0.23370596552773493     
  0.25005313402053769     
 -0.12040785947871409     
 -0.69140843481442937     
  0.35889789995411131     
  -1.9783370132258036     
 -0.16964593369555750     
   1.3353490962854881     
 -0.76904012542840527     
 -0.54553633317606642     
 -0.79157786974700151     
 -0.61461068100581495     
   1.1711562166286589     
  -1.0475977697539631     
  0.95244928691558772     
  -1.1380996399330681     
  -1.2233901464155195     
  0.35609918917677819     
  0.17555225984517389     
 -0.19536449685663937     
   1.9769754599029292     
  -1.8641652549209908     
 -0.45727187347450349     
  0.59503958156374093     
  -1.0957985902659009     
  -1.7772048348507512     
   6.6650503853505128E-002
  0.34940306260975301     
  -1.1864513754472816     
 -0.12394668367989749     
  0.75874161971351617     
  0.53425363286898764     
  -1.1505185592687104     
   1.3134587564864242     
   1.1912702693277664     
   2.4042420673062517E-003
  0.83118517541112436     
  -1.5651549771930335     
  0.12488764848083449     
   1.6095971645397162     
 -0.57479353841949488     
  0.19905044844557968     
  -2.1938485294615830     
  -1.1970971337336340     
  -1.1231045645137352     
  0.13219031900358527     
 -0.38277226996400998     
   2.0155320166152624     
  -1.3821059898158807     
  -5.9483600562529292E-002
  0.40715117744156887     
 -0.12806643190448286     
  0.40143231155195108     
 -0.79271437958401225     
   4.1487803111681605E-002
  -1.2417852242661938     
   2.0956755849953743     
  -1.3799248156923885     
  -1.6309334751809370     
  0.58295985603107026     
   1.7525427862838945     
 -0.42180223955448837     
   1.2389014810763284     
  0.21425278477402765     
   1.6043383826927433     
   1.0469600263631398     
 -0.61538846195466912     
 -0.65985961157818840     
 -0.73770767214187372     
   4.0037657143813785E-002
 -0.75318297071671658     
  0.24049744914453369     
  0.17123355024350032     
   1.4381502348761463     
 -0.44445563940389710     
  -3.4533081360168659E-002
  0.40127247540993427     
   1.8033340078327014     
  -1.2624694370727252     
 -0.67194495862174697     
   1.0409060953985296     
  0.63889617926836983     
  0.61033736631160196     
  0.63551600786864260     
 -0.75054476351259436     
  0.66816292721089166     
 -0.84562360187855701     
 -0.58138143938903786     
 -0.75523953902846097     
  -2.2354925325700385     
  0.39851590636879430     
 -0.48146127859869126     
   1.4160372760792468     
  0.57150779655854300     
 -0.50218486174325017     
 -0.77661521663141586     
 -0.88971868007786326     
  0.57826495169972236     
  -2.2776401443180263     
  -8.3299126857168990E-002
  0.26788257258798737     
 -0.30045896634570379     
 -0.71642334222823789     
   1.1632535875072054     
  0.98016994804203783     
  0.16055410520354238     
  0.44029704790467361     
  -1.7208025141357690     
  -5.7136205669211168E-002
  0.24954747896671742     
  -1.2835743391970378     
 -0.54022476847203793     
   1.0933416639613123     
  -1.2593236964513637     
  -1.4232085255285485     
 -0.87935399047385687     
 -0.32514057371121119     
 -0.36451035257062542     
 -0.99287479859961936     
  0.45734752157147474     
 -0.99814873693374762     
 -0.37655216202945180     
   1.8367032054365735     
 -0.90164216712883294     
  -1.4508480589262169     
 -0.50723380660830730     
  -7.8748959255234480E-002
  -2.4687596864299630     
  0.63801111049744197     
  0.29256737966507207     
 -0.19786383546625574     
  -1.3374096486666316     
  0.53647960284071283     
 -0.58945127269333497     
  -1.3450049771100538     
   1.0826412557306815     
  0.48081897718195016     
  -1.0430742582110506     
  -1.3196547559319309     
  0.26398687781858954     
 -0.94678700774275582     
  -1.7350486397754694     
 -0.37049745924849370     
  0.73229157183067539     
 -0.78435823923225878     
  0.30071828905774228     
  -1.1893906887430461     
   5.5504842223865945E-002
  -1.0419025922976817     
   2.1868717375541316     
   1.2010093259221399     
  0.64249844356871122     
  -1.9752807558923937     
  0.37844848021848609     
 -0.82944495851637023     
   1.1276703037085705     
   2.1262160728405362     
  0.36679754815423488     
 -0.16795742874415756     
 -0.49389564873200648     
  0.63821639477864056     
 -0.72995159690218681     
   1.0134693053698514     
 -0.34785704466684780     
  0.12326565959561278     
  0.61491350511867449     
  0.61268428701229682     
  0.57426510502667816     
   2.9999813776024092E-002
   1.1107137599407020     
  0.87589662869524942     
   1.7502758629689033     
   8.2118891420472712E-002
 -0.19202600255102331     
  -1.3961473072986754     
 -0.19764425830730223     
  0.24009260095887214     
   1.1772547322265723     
 -0.31418365000797127     
 -0.48295351727657732     
   8.2224600338967904E-002
  0.13729969741956619     
   1.0218272763629714     
  -1.0645149114855263     
  0.45537466371136831     
  -1.2577949046103849     
   9.1832202417200706E-002
   8.5869148388483113E-002
  0.49085503255867963     
   1.1642589247684243     
   1.5377501812491268     
  -1.4876906318655074     
  0.28348964983818953     
   1.9607440273546464     
  0.13913897263045885     
   2.5383390184522283     
 -0.73077779994547321     
 -0.43310876105720197     
  -1.7894856894132583     
 -0.21050561763964371     
 -0.11986150454303121     
  -1.8034566311144102     
  -1.3650610595738233     
 -0.71317593565365411     
  0.22291925061834619     
 -0.48343743501878872     
  0.95865359835834318     
  0.78882253636233801     
  0.72322736568129953     
 -0.95707784857460165     
  0.64519371039851670     
   1.6986337655652117     
  0.82439801694261827     
 -0.29863117720954940     
   1.4442217272022553     
 -0.73018933495774729     
   1.4227845534698358     
  -1.6807500865833105     
  -1.1858936348190141     
 -0.59738374876234579     
  0.73992881494322571     
  0.94094237835702199     
  0.47811329857101542     
 -0.34624737765841412     
 -0.34276731413349187     
  0.66946444812173400     
  0.13729080040393732     
  -1.2022510182784460     
   3.7369099991488845E-002
 -0.35053922155850209     
  -3.7802630766699291E-002
  0.85598208055524061     
  0.35502984772773011     
  0.42523369586220733     
 -0.68535234718702143     
   7.5767148993753225E-002
  0.95119077879218616     
  0.24334232101294168     
  -1.3975694408368988     
 -0.51293165017554021     
  0.98133398403909122     
  0.62005557502322306     
  0.12896253451290807     
 -0.36838403331174124     
  -2.0448389972667651     
  0.41073490013563962     
  -1.0371869223755450     
  0.34764323401518898     
 -0.88045048813420534     
  0.26066147926436556     
  -3.6015808941842497E-003
  0.80775563710334297     
   1.8389761850921291     
 -0.94846546328913972     
   1.1074946635175817     
  0.98438012669814046     
  0.18380070404372081     
  0.37950861303544975     
 -0.33148226957620508     
  -1.3010135272919923     
 -0.97635150635908841     
  -3.3484638160216511E-002
 -0.77141377411026490     
  0.15049876176254787     
  -2.6511249963318639     
 -0.45942132273730912     
  0.93672277277965532     
 -0.47800831958343348     
   9.5982516524786385E-002
  -1.4061675564272884     
  0.77864182981494723     
   1.3697697730312086     
  0.64530752531208191     
 -0.41371206734321919     
  0.45129620587050584     
  0.95684147677106224     
  0.70569997405601703     
 -0.68806851407849645     
  0.67471825923277373     
  0.15057426145051581     
 -0.70404576768702920     
   1.5838071123542117     
 -0.53122951985111588     
 -0.58337150610609756     
  0.16821760966566196     
  0.33081792305514557     
  0.59603972555855134     
  0.81493460685476549     
  0.82124799754912947     
  -1.9999018801225623     
   2.1046576395092611     
  0.52737501011551302     
   1.3786396214218084     
 -0.44665320097711403     
 -0.24971334873621898     
  0.71695224914818023     
 -0.61525013735146361     
  -1.1445813971258678     
 -0.34213603786033114     
  -1.3151937124457767     
  0.15513984759200300     
   9.8131448023121751E-002
  0.16689913257644018     
   6.2322152844960448E-002
  0.36690960446653248     
  0.37455267030909667     
 -0.16433562689827882     
   1.9267395511862850E-002
 -0.85571192727450429     
  0.83302988594093474     
  0.64569971098564616     
 -0.61004200271954190     
 -0.37596832042027689     
 -0.43848364919997829     
  0.12817391097992240     
   1.4410040933724246     
   1.7620492740768028     
 -0.19868580610363243     
  0.89335263963606459     
  -1.6252597840657605     
 -0.66289473021958656     
   1.0997703898261539     
  0.23536300920125330     
   1.5012543294696381     
  -1.3880934426962250     
  0.13377255195574389     
 -0.78150761882565778     
 -0.22120897082661858     
  -1.7884439578645310     
 -0.93466271195014694     
  -2.0187643122408718     
  0.72469502135298014     
 -0.24903235492138437     
  0.51601960035845440     
   2.2398215756930160     
   1.2218057165164120     
   6.5220458492542113E-002
   1.1041898615020387     
  0.25833008867740198     
 -0.29917576863051176     
 -0.34989267780379457     
  -9.0119961262165774E-002
   1.7998959987095662     
  -1.1240070485289912     
  0.98804068187948779     
 -0.97249266613032614     
   1.7163368256735025     
  -1.5707095274912517     
 -0.10576316760264305     
   1.1378646507622654     
 -0.56787403474284648     
 -0.54531128708437326     
  -1.1373718248485316     
 -0.28643745947408006     
 -0.89921097199023625     
  -1.1804101312665685     
  0.72308276394953697     
 -0.14544154500184200     
   1.5177958240035341     
   1.5001470006618658     
   1.6200062639883057     
 -0.17706720403003740     
 -0.93234583058417253     
 -0.63791810795500836     
  0.53168688231252126     
  0.20386975805656507     
  0.20356431810824532     
  0.27225667366377415     
  0.47789282656869264     
  -1.6198223155770313     
  0.70168692056958215     
 -0.77416633791401090     
  0.57719440698615465     
   3.9616326034883395E-002
  0.26697001466444942     
  0.45154485370812364     
 -0.99191357786526968     
   1.1568929994050543     
  -1.4666743856021200     
  0.75983805985300590     
  -1.7335874608647728     
 -0.24055961818475821     
  0.86040367990855593     
  -1.5703892329311453     
  -42.437375860880962     
